0.27526  0.000049801 2.0
0.27617  0.000048585 2.0
0.27663  0.000050857 2.0
0.27683  0.000047502 2.0
0.27729  0.000051896 2.0
0.27774  0.000049698 2.0
0.27767  0.000046336 2.0
0.27851  0.000052920 2.0
0.27876  0.000048449 2.0
0.27929  0.000050809 2.0
0.27930  0.000045453 2.0
0.27971  0.000053887 2.0
0.27978  0.000051988 2.0
0.27965  0.000047207 2.0
0.28000  0.000049414 2.0
0.28069  0.000046219 2.0
0.28086  0.000054754 2.0
0.28106  0.000052808 2.0
0.28138  0.000048470 2.0
0.28139  0.000050842 2.0
0.28147  0.000044750 2.0
0.28202  0.000055591 2.0
0.28202  0.000053849 2.0
0.28219  0.000051963 2.0
0.28204  0.000047359 2.0
0.28225  0.000049458 2.0
0.28270  0.000046230 2.0
0.28317  0.000043896 2.0
0.28343  0.000056635 2.0
0.28376  0.000052972 2.0
0.28392  0.000050439 2.0
0.28384  0.000048566 2.0
0.28386  0.000045140 2.0
0.28420  0.000055185 2.0
0.28414  0.000054110 2.0
0.28429  0.000051534 2.0
0.28430  0.000047476 2.0
0.28491  0.000046364 2.0
0.28538  0.000057452 2.0
0.28533  0.000043883 2.0
0.28578  0.000049412 2.0
0.28622  0.000056013 2.0
0.28616  0.000053176 2.0
0.28627  0.000052018 2.0
0.28629  0.000045247 2.0
0.28629  0.000042736 2.0
0.28659  0.000054923 2.0
0.28646  0.000054243 2.0
0.28658  0.000051452 2.0
0.28627  0.000050583 2.0
0.28654  0.000048207 2.0
0.28650  0.000046956 2.0
0.28763  0.000046417 2.0
0.28769  0.000058224 2.0
0.28772  0.000057010 2.0
0.28780  0.000043791 2.0
0.28854  0.000053240 2.0
0.28840  0.000049433 2.0
0.28849  0.000045205 2.0
0.28840  0.000042419 2.0
0.28866  0.000055921 2.0
0.28858  0.000054690 2.0
0.28781  0.000054243 2.0
0.28858  0.000051961 2.0
0.28878  0.000051141 2.0
0.28897  0.000050490 2.0
0.28888  0.000047973 2.0
0.28975  0.000047072 2.0
0.28976  0.000045922 2.0
0.29006  0.000059101 2.0
0.29011  0.000057851 2.0
0.28996  0.000057037 2.0
0.29011  0.000043777 2.0
0.29069  0.000049935 2.0
0.29085  0.000048638 2.0
0.29117  0.000055722 2.0
0.29108  0.000054397 2.0
0.29109  0.000053439 2.0
0.29109  0.000052557 2.0
0.29105  0.000051737 2.0
0.29121  0.000050959 2.0
0.29130  0.000044903 2.0
0.29097  0.000042281 2.0
0.29176  0.000041705 2.0
0.29201  0.000047839 2.0
0.29188  0.000046809 2.0
0.29184  0.000046026 2.0
0.29229  0.000059648 2.0
0.29235  0.000058622 2.0
0.29214  0.000057626 2.0
0.29243  0.000056732 2.0
0.29246  0.000043291 2.0
0.29313  0.000049808 2.0
0.29314  0.000048739 2.0
0.29350  0.000055544 2.0
0.29340  0.000054468 2.0
0.29343  0.000053458 2.0
0.29340  0.000052522 2.0
0.29341  0.000051637 2.0
0.29321  0.000050861 2.0
0.29350  0.000044745 2.0
0.29391  0.000041797 2.0
0.29428  0.000048027 2.0
0.29419  0.000046826 2.0
0.29419  0.000045961 2.0
0.29469  0.000060144 2.0
0.29446  0.000058883 2.0
0.29455  0.000057899 2.0
0.29455  0.000057024 2.0
0.29474  0.000056135 2.0
0.29489  0.000043842 2.0
0.29462  0.000042864 2.0
0.29545  0.000049533 2.0
0.29580  0.000054851 2.0
0.29583  0.000053621 2.0
0.29572  0.000052747 2.0
0.29572  0.000051838 2.0
0.29568  0.000050919 2.0
0.29579  0.000050344 2.0
0.29583  0.000045019 2.0
0.29617  0.000041489 2.0
0.29661  0.000048150 2.0
0.29637  0.000046954 2.0
0.29682  0.000060601 2.0
0.29666  0.000059564 2.0
0.29666  0.000058669 2.0
0.29628  0.000058023 2.0
0.29667  0.000057148 2.0
0.29674  0.000056159 2.0
0.29678  0.000046052 2.0
0.29685  0.000043345 2.0
0.29671  0.000042466 2.0
0.29785  0.000049045 2.0
0.29786  0.000044420 2.0
0.29800  0.000054781 2.0
0.29822  0.000053440 2.0
0.29807  0.000052466 2.0
0.29784  0.000051631 2.0
0.29784  0.000050736 2.0
0.29784  0.000050036 2.0
0.29852  0.000045313 2.0
0.29870  0.000041111 2.0
0.29888  0.000047908 2.0
0.29882  0.000046790 2.0
0.29936  0.000061054 2.0
0.29917  0.000060073 2.0
0.29878  0.000059414 2.0
0.29917  0.000058549 2.0
0.29926  0.000057539 2.0
0.29918  0.000056606 2.0
0.29918  0.000055719 2.0
0.29930  0.000042973 2.0
0.29910  0.000042016 2.0
0.30011  0.000044031 2.0
0.30048  0.000054706 2.0
0.30015  0.000054061 2.0
0.30041  0.000052952 2.0
0.30046  0.000051973 2.0
0.30027  0.000051070 2.0
0.30031  0.000050203 2.0
0.30035  0.000049302 2.0
0.30038  0.000045936 2.0
0.30081  0.000041159 2.0
0.30120  0.000048345 2.0
0.30094  0.000047187 2.0
0.30148  0.000061352 2.0
0.30134  0.000060368 2.0
0.30151  0.000058710 2.0
0.30149  0.000057724 2.0
0.30146  0.000056730 2.0
0.30153  0.000055847 2.0
0.30167  0.000045095 2.0
0.30150  0.000042903 2.0
0.30172  0.000042162 2.0
0.30191  0.000059562 2.0
0.30276  0.000054802 2.0
0.30268  0.000053570 2.0
0.30266  0.000052616 2.0
0.30266  0.000051697 2.0
0.30276  0.000050974 2.0
0.30262  0.000050038 2.0
0.30279  0.000046553 2.0
0.30287  0.000043968 2.0
0.30307  0.000041118 2.0
0.30363  0.000049175 2.0
0.30344  0.000048093 2.0
0.30364  0.000047286 2.0
0.30394  0.000061261 2.0
0.30380  0.000060121 2.0
0.30395  0.000058535 2.0
0.30369  0.000057540 2.0
0.30380  0.000056699 2.0
0.30394  0.000055745 2.0
0.30393  0.000045039 2.0
0.30403  0.000042923 2.0
0.30365  0.000041982 2.0
0.30438  0.000059487 2.0
0.30516  0.000054906 2.0
0.30508  0.000053842 2.0
0.30489  0.000052958 2.0
0.30478  0.000052017 2.0
0.30498  0.000051187 2.0
0.30509  0.000050377 2.0
0.30507  0.000046044 2.0
0.30525  0.000040796 2.0
0.30575  0.000048920 2.0
0.30576  0.000047973 2.0
0.30576  0.000047094 2.0
0.30581  0.000044163 2.0
0.30613  0.000061458 2.0
0.30615  0.000060456 2.0
0.30615  0.000058142 2.0
0.30627  0.000056805 2.0
0.30593  0.000055871 2.0
0.30639  0.000049785 2.0
0.30645  0.000045300 2.0
0.30629  0.000043113 2.0
0.30584  0.000042240 2.0
0.30651  0.000041470 2.0
0.30674  0.000059352 2.0
0.30728  0.000055262 2.0
0.30740  0.000054566 2.0
0.30728  0.000053609 2.0
0.30729  0.000052685 2.0
0.30729  0.000051820 2.0
0.30710  0.000050821 2.0
0.30743  0.000046340 2.0
0.30786  0.000040766 2.0
0.30805  0.000048380 2.0
0.30819  0.000047185 2.0
0.30842  0.000061604 2.0
0.30842  0.000060754 2.0
0.30846  0.000058155 2.0
0.30843  0.000057150 2.0
0.30843  0.000056256 2.0
0.30864  0.000049628 2.0
0.30858  0.000044972 2.0
0.30847  0.000043795 2.0
0.30847  0.000042866 2.0
0.30847  0.000041981 2.0
0.30895  0.000059901 2.0
0.30885  0.000058860 2.0
0.30966  0.000055220 2.0
0.30979  0.000054143 2.0
0.30946  0.000053183 2.0
0.30956  0.000052135 2.0
0.30960  0.000051211 2.0
0.30980  0.000050465 2.0
0.30981  0.000046351 2.0
0.31002  0.000040918 2.0
0.31054  0.000048282 2.0
0.31039  0.000047106 2.0
0.31073  0.000061362 2.0
0.31074  0.000057395 2.0
0.31094  0.000056336 2.0
0.31090  0.000049421 2.0
0.31087  0.000044697 2.0
0.31046  0.000043606 2.0
0.31078  0.000042750 2.0
0.31098  0.000041921 2.0
0.31112  0.000060447 2.0
0.31112  0.000059535 2.0
0.31113  0.000058641 2.0
0.31195  0.000055251 2.0
0.31197  0.000053824 2.0
0.31191  0.000052751 2.0
0.31172  0.000051926 2.0
0.31206  0.000051037 2.0
0.31182  0.000050315 2.0
0.31212  0.000046013 2.0
0.31240  0.000040806 2.0
0.31276  0.000047892 2.0
0.31289  0.000046886 2.0
0.31305  0.000061299 2.0
0.31315  0.000057880 2.0
0.31306  0.000056769 2.0
0.31318  0.000055874 2.0
0.31312  0.000042686 2.0
0.31320  0.000041469 2.0
0.31357  0.000060475 2.0
0.31344  0.000059460 2.0
0.31344  0.000058665 2.0
0.31347  0.000049256 2.0
0.31354  0.000044735 2.0
0.31400  0.000043596 2.0
0.31419  0.000054811 2.0
0.31434  0.000053567 2.0
0.31365  0.000052616 2.0
0.31434  0.000051997 2.0
0.31415  0.000051073 2.0
0.31443  0.000050315 2.0
0.31433  0.000046012 2.0
0.31474  0.000040669 2.0
0.31482  0.000048002 2.0
0.31482  0.000046848 2.0
0.31552  0.000057765 2.0
0.31537  0.000056552 2.0
0.31538  0.000055657 2.0
0.31549  0.000042294 2.0
0.31576  0.000041240 2.0
0.31575  0.000060975 2.0
0.31575  0.000060093 2.0
0.31575  0.000059184 2.0
0.31576  0.000058224 2.0
0.31592  0.000049444 2.0
0.31587  0.000044671 2.0
0.31637  0.000043271 2.0
0.31673  0.000054801 2.0
0.31654  0.000053552 2.0
0.31654  0.000052593 2.0
0.31646  0.000051631 2.0
0.31674  0.000050637 2.0
0.31675  0.000045860 2.0
0.31721  0.000040771 2.0
0.31737  0.000047865 2.0
0.31752  0.000046810 2.0
0.31780  0.000057024 2.0
0.31779  0.000055999 2.0
0.31788  0.000041874 2.0
0.31793  0.000060479 2.0
0.31815  0.000059119 2.0
0.31788  0.000057881 2.0
0.31811  0.000049232 2.0
0.31815  0.000044467 2.0
0.31869  0.000043204 2.0
0.31894  0.000050955 2.0
0.31906  0.000049840 2.0
0.31913  0.000045579 2.0
0.31939  0.000055249 2.0
0.31924  0.000054026 2.0
0.31924  0.000053152 2.0
0.31924  0.000052182 2.0
0.31927  0.000040902 2.0
0.31969  0.000047771 2.0
0.31964  0.000046668 2.0
0.32005  0.000056781 2.0
0.32014  0.000042044 2.0
0.32030  0.000060026 2.0
0.32038  0.000059086 2.0
0.32038  0.000058191 2.0
0.32041  0.000048656 2.0
0.32061  0.000044606 2.0
0.32100  0.000043034 2.0
0.32127  0.000057425 2.0
0.32121  0.000051297 2.0
0.32118  0.000050065 2.0
0.32127  0.000049243 2.0
0.32143  0.000046008 2.0
0.32169  0.000055662 2.0
0.32151  0.000054525 2.0
0.32151  0.000053552 2.0
0.32152  0.000052609 2.0
0.32171  0.000041098 2.0
0.32207  0.000047420 2.0
0.32292  0.000048416 2.0
0.32280  0.000044665 2.0
0.32270  0.000043663 2.0
0.32308  0.000059448 2.0
0.32308  0.000058521 2.0
0.32310  0.000042544 2.0
0.32332  0.000041413 2.0
0.32361  0.000057619 2.0
0.32347  0.000056625 2.0
0.32352  0.000051632 2.0
0.32349  0.000050330 2.0
0.32349  0.000049390 2.0
0.32361  0.000046144 2.0
0.32386  0.000055780 2.0
0.32400  0.000054783 2.0
0.32378  0.000053623 2.0
0.32398  0.000052758 2.0
0.32448  0.000041049 2.0
0.32477  0.000047491 2.0
0.32505  0.000044916 2.0
0.32539  0.000058724 2.0
0.32562  0.000048422 2.0
0.32563  0.000043565 2.0
0.32544  0.000042449 2.0
0.32544  0.000041564 2.0
0.32592  0.000057810 2.0
0.32579  0.000056830 2.0
0.32589  0.000051709 2.0
0.32580  0.000050411 2.0
0.32581  0.000049517 2.0
0.32591  0.000046305 2.0
0.32631  0.000055882 2.0
0.32618  0.000054884 2.0
0.32618  0.000053995 2.0
0.32618  0.000053120 2.0
0.32783  0.000047989 2.0
0.32770  0.000046852 2.0
0.32786  0.000045276 2.0
0.32771  0.000044171 2.0
0.32778  0.000043282 2.0
0.32775  0.000042339 2.0
0.32761  0.000041520 2.0
0.32810  0.000057906 2.0
0.32810  0.000056937 2.0
0.32820  0.000051843 2.0
0.32812  0.000050610 2.0
0.32816  0.000049685 2.0
0.32735  0.000049156 2.0
0.32849  0.000056002 2.0
0.32849  0.000055107 2.0
0.32849  0.000054228 2.0
0.32849  0.000053186 2.0
0.32894  0.000046345 2.0
0.33005  0.000048417 2.0
0.33017  0.000047299 2.0
0.33006  0.000044861 2.0
0.33010  0.000043691 2.0
0.33010  0.000042805 2.0
0.33020  0.000041926 2.0
0.33053  0.000056901 2.0
0.33066  0.000052282 2.0
0.33043  0.000050957 2.0
0.33024  0.000050087 2.0
0.33045  0.000041834 2.0
0.33102  0.000046122 2.0
0.33119  0.000056026 2.0
0.33119  0.000055159 2.0
0.33119  0.000054215 2.0
0.33119  0.000053404 2.0
0.33162  0.000049544 2.0
0.33243  0.000048327 2.0
0.33225  0.000047322 2.0
0.33244  0.000044735 2.0
0.33224  0.000043554 2.0
0.33280  0.000052630 2.0
0.33260  0.000051394 2.0
0.33275  0.000042496 2.0
0.33321  0.000050438 2.0
0.33314  0.000046234 2.0
0.33331  0.000055559 2.0
0.33350  0.000054726 2.0
0.33331  0.000054008 2.0
0.33405  0.000049393 2.0
0.33476  0.000053364 2.0
0.33473  0.000048040 2.0
0.33468  0.000046947 2.0
0.33471  0.000045048 2.0
0.33481  0.000044029 2.0
0.33505  0.000052198 2.0
0.33506  0.000051279 2.0
0.33522  0.000043195 2.0
0.33431  0.000042631 2.0
0.33556  0.000050429 2.0
0.33570  0.000046039 2.0
0.33563  0.000054422 2.0
0.33615  0.000049145 2.0
0.33679  0.000053283 2.0
0.33695  0.000047812 2.0
0.33690  0.000046637 2.0
0.33690  0.000044315 2.0
0.33740  0.000052205 2.0
0.33725  0.000051114 2.0
0.33720  0.000043500 2.0
0.33789  0.000050268 2.0
0.33790  0.000045650 2.0
0.33873  0.000049116 2.0
0.33950  0.000048202 2.0
0.33912  0.000047231 2.0
0.33950  0.000046525 2.0
0.33925  0.000044527 2.0
0.33910  0.000052247 2.0
0.33949  0.000051415 2.0
0.34012  0.000050346 2.0
0.34028  0.000045684 2.0
0.34138  0.000049322 2.0
0.34173  0.000047955 2.0
0.34162  0.000046792 2.0
0.34153  0.000045294 2.0
0.34142  0.000050383 2.0
0.34251  0.000046000 2.0
0.34258  0.000049264 2.0
0.34297  0.000047475 2.0
0.34297  0.000046580 2.0
