0.25457  0.000049755 6.0
0.25498  0.000050947 6.0
0.25536  0.000051906 6.0
0.25523  0.000048795 6.0
0.25570  0.000052967 6.0
0.25565  0.000047550 6.0
0.25613  0.000054033 6.0
0.25615  0.000046661 6.0
0.25651  0.000055250 6.0
0.25696  0.000050553 6.0
0.25698  0.000045647 6.0
0.25759  0.000056459 6.0
0.25768  0.000049305 6.0
0.25751  0.000048331 6.0
0.25807  0.000052698 6.0
0.25797  0.000051432 6.0
0.25843  0.000057912 6.0
0.25844  0.000054329 6.0
0.25858  0.000047508 6.0
0.25844  0.000046529 6.0
0.25852  0.000044812 6.0
0.25951  0.000058920 6.0
0.25965  0.000055115 6.0
0.25955  0.000050729 6.0
0.25968  0.000043913 6.0
0.25992  0.000056665 6.0
0.25994  0.000049428 6.0
0.25998  0.000048300 6.0
0.26011  0.000045889 6.0
0.26024  0.000053251 6.0
0.26024  0.000052068 6.0
0.26043  0.000051322 6.0
0.26067  0.000059954 6.0
0.26074  0.000047210 6.0
0.26119  0.000057734 6.0
0.26132  0.000044936 6.0
0.26151  0.000042997 6.0
0.26191  0.000061031 6.0
0.26185  0.000055685 6.0
0.26180  0.000054396 6.0
0.26234  0.000058789 6.0
0.26225  0.000050644 6.0
0.26217  0.000049418 6.0
0.26218  0.000048548 6.0
0.26244  0.000046339 6.0
0.26274  0.000053505 6.0
0.26255  0.000052400 6.0
0.26255  0.000051632 6.0
0.26287  0.000042052 6.0
0.26310  0.000062070 6.0
0.26312  0.000056709 6.0
0.26306  0.000047495 6.0
0.26311  0.000043901 6.0
0.26350  0.000059721 6.0
0.26357  0.000057882 6.0
0.26349  0.000045332 6.0
0.26426  0.000062952 6.0
0.26415  0.000060931 6.0
0.26428  0.000055596 6.0
0.26420  0.000054472 6.0
0.26482  0.000058677 6.0
0.26451  0.000050481 6.0
0.26449  0.000049266 6.0
0.26461  0.000048380 6.0
0.26484  0.000053446 6.0
0.26467  0.000052355 6.0
0.26458  0.000051557 6.0
0.26480  0.000046521 6.0
0.26478  0.000042756 6.0
0.26459  0.000041402 6.0
0.26528  0.000064094 6.0
0.26530  0.000056930 6.0
0.26546  0.000047673 6.0
0.26530  0.000044192 6.0
0.26581  0.000059763 6.0
0.26578  0.000045292 6.0
0.26608  0.000061782 6.0
0.26666  0.000064790 6.0
0.26663  0.000062990 6.0
0.26668  0.000057633 6.0
0.26669  0.000055732 6.0
0.26652  0.000054531 6.0
0.26663  0.000040681 6.0
0.26730  0.000060969 6.0
0.26718  0.000053383 6.0
0.26718  0.000052364 6.0
0.26718  0.000051470 6.0
0.26718  0.000050590 6.0
0.26719  0.000049668 6.0
0.26719  0.000048786 6.0
0.26720  0.000046550 6.0
0.26721  0.000042733 6.0
0.26732  0.000041589 6.0
0.26777  0.000047620 6.0
0.26778  0.000043971 6.0
0.26802  0.000065789 6.0
0.26802  0.000059499 6.0
0.26805  0.000058289 6.0
0.26812  0.000045217 6.0
0.26874  0.000064491 6.0
0.26869  0.000063408 6.0
0.26869  0.000062496 6.0
0.26881  0.000061598 6.0
0.26876  0.000057315 6.0
0.26871  0.000056241 6.0
0.26871  0.000055314 6.0
0.26872  0.000054419 6.0
0.26884  0.000040424 6.0
0.26956  0.000066651 6.0
0.26958  0.000053041 6.0
0.26949  0.000051770 6.0
0.26950  0.000050870 6.0
0.26938  0.000050078 6.0
0.26950  0.000049208 6.0
0.26950  0.000048313 6.0
0.26956  0.000042274 6.0
0.26972  0.000041230 6.0
0.26990  0.000060511 6.0
0.27000  0.000047062 6.0
0.26970  0.000046240 6.0
0.26993  0.000043608 6.0
0.27029  0.000058914 6.0
0.27042  0.000045292 6.0
0.27032  0.000044403 6.0
0.27066  0.000065242 6.0
0.27079  0.000039527 6.0
0.27110  0.000067473 6.0
0.27104  0.000063832 6.0
0.27101  0.000062652 6.0
0.27101  0.000061757 6.0
0.27104  0.000057499 6.0
0.27103  0.000056379 6.0
0.27103  0.000055487 6.0
0.27103  0.000054600 6.0
0.27115  0.000053755 6.0
0.27132  0.000040563 6.0
0.27185  0.000066307 6.0
0.27185  0.000052802 6.0
0.27186  0.000051555 6.0
0.27181  0.000050539 6.0
0.27172  0.000049755 6.0
0.27195  0.000048907 6.0
0.27174  0.000047884 6.0
0.27187  0.000042721 6.0
0.27195  0.000041579 6.0
0.27212  0.000060865 6.0
0.27217  0.000059793 6.0
0.27221  0.000046668 6.0
0.27260  0.000068450 6.0
0.27263  0.000058576 6.0
0.27260  0.000045582 6.0
0.27260  0.000044709 6.0
0.27272  0.000043884 6.0
0.27293  0.000064927 6.0
0.27309  0.000039027 6.0
0.27341  0.000063277 6.0
0.27332  0.000062050 6.0
0.27343  0.000056998 6.0
0.27334  0.000055742 6.0
0.27334  0.000054848 6.0
0.27335  0.000053981 6.0
0.27353  0.000040842 6.0
0.27338  0.000039962 6.0
0.27370  0.000067144 6.0
0.27414  0.000052876 6.0
0.27426  0.000051677 6.0
0.27400  0.000050772 6.0
0.27355  0.000049937 6.0
0.27374  0.000049057 6.0
0.27413  0.000048088 6.0
0.27413  0.000047194 6.0
0.27430  0.000043004 6.0
0.27415  0.000041874 6.0
0.27450  0.000069151 6.0
0.27460  0.000061105 6.0
0.27449  0.000059892 6.0
0.27430  0.000059062 6.0
0.27459  0.000046452 6.0
0.27479  0.000065816 6.0
0.27502  0.000045154 6.0
0.27495  0.000044152 6.0
0.27496  0.000038311 6.0
0.27525  0.000064281 6.0
0.27528  0.000058075 6.0
0.27545  0.000039041 6.0
0.27564  0.000068018 6.0
0.27570  0.000062780 6.0
0.27565  0.000056557 6.0
0.27566  0.000055359 6.0
0.27566  0.000054447 6.0
0.27592  0.000053456 6.0
0.27567  0.000040952 6.0
0.27581  0.000040006 6.0
0.27607  0.000070127 6.0
0.27655  0.000066784 6.0
0.27576  0.000052337 6.0
0.27665  0.000043389 6.0
0.27638  0.000042238 6.0
0.27680  0.000061388 6.0
0.27680  0.000060190 6.0
0.27680  0.000059238 6.0
0.27587  0.000046373 6.0
0.27726  0.000065174 6.0
0.27723  0.000045155 6.0
0.27719  0.000044261 6.0
0.27764  0.000068938 6.0
0.27772  0.000063597 6.0
0.27773  0.000058182 6.0
0.27758  0.000056984 6.0
0.27778  0.000039032 6.0
0.27749  0.000037916 6.0
0.27802  0.000070911 6.0
0.27807  0.000062461 6.0
0.27811  0.000056007 6.0
0.27805  0.000055031 6.0
0.27759  0.000054294 6.0
0.27720  0.000053567 6.0
0.27816  0.000041601 6.0
0.27801  0.000040416 6.0
0.27705  0.000039961 6.0
0.27886  0.000067650 6.0
0.27871  0.000066467 6.0
0.27893  0.000043062 6.0
0.27911  0.000061362 6.0
0.27923  0.000060269 6.0
0.27912  0.000059419 6.0
0.27957  0.000065154 6.0
0.27916  0.000044415 6.0
0.27986  0.000069794 6.0
0.28005  0.000068701 6.0
0.28003  0.000063624 6.0
0.28004  0.000058256 6.0
0.27989  0.000057026 6.0
0.27994  0.000039111 6.0
0.27994  0.000037848 6.0
0.28033  0.000071794 6.0
0.28043  0.000070751 6.0
0.28038  0.000062490 6.0
0.28028  0.000056230 6.0
0.27932  0.000055542 6.0
0.28047  0.000041469 6.0
0.28032  0.000040273 6.0
0.28043  0.000037575 6.0
0.28118  0.000067679 6.0
0.28102  0.000066496 6.0
0.28109  0.000043539 6.0
0.28109  0.000042652 6.0
0.28151  0.000061384 6.0
0.28143  0.000060114 6.0
0.28155  0.000059269 6.0
0.28189  0.000065088 6.0
0.28233  0.000069847 6.0
0.28221  0.000068693 6.0
0.28238  0.000063560 6.0
0.28240  0.000058192 6.0
0.28163  0.000057200 6.0
0.28234  0.000039014 6.0
0.28264  0.000072580 6.0
0.28255  0.000071322 6.0
0.28256  0.000070728 6.0
0.28277  0.000062616 6.0
0.28279  0.000041524 6.0
0.28264  0.000040308 6.0
0.28259  0.000037494 6.0
0.28342  0.000067339 6.0
0.28340  0.000066391 6.0
0.28340  0.000042798 6.0
0.28389  0.000061306 6.0
0.28374  0.000060188 6.0
0.28374  0.000059291 6.0
0.28419  0.000065659 6.0
0.28411  0.000064661 6.0
0.28430  0.000037111 6.0
0.28464  0.000069558 6.0
0.28453  0.000068424 6.0
0.28443  0.000058427 6.0
0.28466  0.000039223 6.0
0.28495  0.000073194 6.0
0.28487  0.000071962 6.0
0.28487  0.000071048 6.0
0.28487  0.000070414 6.0
0.28508  0.000064071 6.0
0.28489  0.000062922 6.0
0.28509  0.000062139 6.0
0.28510  0.000041734 6.0
0.28495  0.000040538 6.0
0.28510  0.000037904 6.0
0.28565  0.000067061 6.0
0.28625  0.000061153 6.0
0.28606  0.000060051 6.0
0.28603  0.000059151 6.0
0.28658  0.000065656 6.0
0.28666  0.000036932 6.0
0.28696  0.000069306 6.0
0.28681  0.000068152 6.0
0.28697  0.000039396 6.0
0.28737  0.000074061 6.0
0.28708  0.000072777 6.0
0.28724  0.000071947 6.0
0.28716  0.000071047 6.0
0.28718  0.000070324 6.0
0.28729  0.000064004 6.0
0.28721  0.000062747 6.0
0.28740  0.000061952 6.0
0.28726  0.000041606 6.0
0.28726  0.000040709 6.0
0.28741  0.000038116 6.0
0.28816  0.000067071 6.0
0.28852  0.000060803 6.0
0.28801  0.000059683 6.0
0.28893  0.000066006 6.0
0.28886  0.000064933 6.0
0.28897  0.000036978 6.0
0.28922  0.000069055 6.0
0.28916  0.000068065 6.0
0.28935  0.000039764 6.0
0.28957  0.000074585 6.0
0.28949  0.000073276 6.0
0.28949  0.000072389 6.0
0.28950  0.000071494 6.0
0.28950  0.000070612 6.0
0.28950  0.000070018 6.0
0.28959  0.000063740 6.0
0.28952  0.000062572 6.0
0.28971  0.000061850 6.0
0.28958  0.000041178 6.0
0.28958  0.000040331 6.0
0.28972  0.000038608 6.0
0.28978  0.000037597 6.0
0.29082  0.000067513 6.0
0.29087  0.000061156 6.0
0.29036  0.000060336 6.0
0.29105  0.000065794 6.0
0.29117  0.000064605 6.0
0.29129  0.000036856 6.0
0.29162  0.000068884 6.0
0.29192  0.000075121 6.0
0.29192  0.000074007 6.0
0.29181  0.000073158 6.0
0.29181  0.000072264 6.0
0.29181  0.000071354 6.0
0.29181  0.000070502 6.0
0.29162  0.000069730 6.0
0.29202  0.000063501 6.0
0.29183  0.000062403 6.0
0.29189  0.000040877 6.0
0.29189  0.000039982 6.0
0.29190  0.000039083 6.0
0.29190  0.000038186 6.0
0.29304  0.000067273 6.0
0.29279  0.000066573 6.0
0.29291  0.000061042 6.0
0.29341  0.000065490 6.0
0.29349  0.000064404 6.0
0.29364  0.000037397 6.0
0.29345  0.000036316 6.0
0.29394  0.000068436 6.0
0.29431  0.000075626 6.0
0.29402  0.000074443 6.0
0.29412  0.000073354 6.0
0.29412  0.000072474 6.0
0.29412  0.000071567 6.0
0.29413  0.000070673 6.0
0.29432  0.000069882 6.0
0.29394  0.000069312 6.0
0.29430  0.000063143 6.0
0.29415  0.000061950 6.0
0.29421  0.000040633 6.0
0.29421  0.000039738 6.0
0.29421  0.000038839 6.0
0.29441  0.000037944 6.0
0.29545  0.000066811 6.0
0.29533  0.000061449 6.0
0.29603  0.000065850 6.0
0.29566  0.000064889 6.0
0.29569  0.000063908 6.0
0.29591  0.000037211 6.0
0.29576  0.000036098 6.0
0.29625  0.000067951 6.0
0.29651  0.000075967 6.0
0.29643  0.000074698 6.0
0.29662  0.000073943 6.0
0.29643  0.000073157 6.0
0.29644  0.000072255 6.0
0.29644  0.000071331 6.0
0.29644  0.000070471 6.0
0.29644  0.000069519 6.0
0.29625  0.000068797 6.0
0.29665  0.000062554 6.0
0.29652  0.000040354 6.0
0.29652  0.000039459 6.0
0.29653  0.000038565 6.0
0.29781  0.000062019 6.0
0.29823  0.000066338 6.0
0.29793  0.000065093 6.0
0.29804  0.000064096 6.0
0.29819  0.000063254 6.0
0.29832  0.000037770 6.0
0.29795  0.000036527 6.0
0.29863  0.000067441 6.0
0.29872  0.000035992 6.0
0.29921  0.000076365 6.0
0.29816  0.000075712 6.0
0.29922  0.000074501 6.0
0.29913  0.000073256 6.0
0.29894  0.000072410 6.0
0.29914  0.000072088 6.0
0.29914  0.000070940 6.0
0.29914  0.000070373 6.0
0.29914  0.000069404 6.0
0.29914  0.000068509 6.0
0.29922  0.000040154 6.0
0.29922  0.000039275 6.0
0.29942  0.000038364 6.0
0.29996  0.000062383 6.0
0.30045  0.000065800 6.0
0.30031  0.000064831 6.0
0.30031  0.000063934 6.0
0.30035  0.000063061 6.0
0.30058  0.000037644 6.0
0.30088  0.000067639 6.0
0.30058  0.000066615 6.0
0.30077  0.000036489 6.0
0.30130  0.000035844 6.0
0.30159  0.000076656 6.0
0.30125  0.000075760 6.0
0.30151  0.000074756 6.0
0.30144  0.000073663 6.0
0.30145  0.000072771 6.0
0.30145  0.000071899 6.0
0.30145  0.000070964 6.0
0.30145  0.000070070 6.0
0.30146  0.000069130 6.0
0.30146  0.000068322 6.0
0.30154  0.000040035 6.0
0.30154  0.000039110 6.0
0.30228  0.000062403 6.0
0.30262  0.000065353 6.0
0.30263  0.000064438 6.0
0.30263  0.000063538 6.0
0.30289  0.000038439 6.0
0.30308  0.000067047 6.0
0.30269  0.000066287 6.0
0.30322  0.000037377 6.0
0.30361  0.000036436 6.0
0.30348  0.000035618 6.0
0.30394  0.000076966 6.0
0.30375  0.000075872 6.0
0.30376  0.000074957 6.0
0.30376  0.000074075 6.0
0.30373  0.000073088 6.0
0.30376  0.000072124 6.0
0.30331  0.000071446 6.0
0.30392  0.000070470 6.0
0.30377  0.000069348 6.0
0.30377  0.000068459 6.0
0.30385  0.000039880 6.0
0.30451  0.000067643 6.0
0.30461  0.000062609 6.0
0.30502  0.000065328 6.0
0.30494  0.000064383 6.0
0.30483  0.000063588 6.0
0.30520  0.000039184 6.0
0.30532  0.000066507 6.0
0.30553  0.000038114 6.0
0.30579  0.000037064 6.0
0.30565  0.000036088 6.0
0.30606  0.000077454 6.0
0.30598  0.000076453 6.0
0.30618  0.000075715 6.0
0.30616  0.000074350 6.0
0.30607  0.000073105 6.0
0.30608  0.000072230 6.0
0.30511  0.000071937 6.0
0.30610  0.000070718 6.0
0.30620  0.000068955 6.0
0.30631  0.000035577 6.0
0.30659  0.000067367 6.0
0.30714  0.000069946 6.0
0.30687  0.000062770 6.0
0.30729  0.000065396 6.0
0.30725  0.000064233 6.0
0.30745  0.000063537 6.0
0.30732  0.000039730 6.0
0.30771  0.000038835 6.0
0.30771  0.000037941 6.0
0.30810  0.000037046 6.0
0.30838  0.000077453 6.0
0.30838  0.000076559 6.0
0.30838  0.000075708 6.0
0.30838  0.000074770 6.0
0.30839  0.000073875 6.0
0.30839  0.000072970 6.0
0.30839  0.000072061 6.0
0.30839  0.000071104 6.0
0.30832  0.000068550 6.0
0.30849  0.000035822 6.0
0.30888  0.000067185 6.0
0.30891  0.000065930 6.0
0.30917  0.000070396 6.0
0.30917  0.000069402 6.0
0.30927  0.000062715 6.0
0.30957  0.000064928 6.0
0.30957  0.000064024 6.0
0.30963  0.000039724 6.0
0.31002  0.000038810 6.0
0.31002  0.000037915 6.0
0.31041  0.000037033 6.0
0.31069  0.000077602 6.0
0.31069  0.000076717 6.0
0.31069  0.000075887 6.0
0.31070  0.000074918 6.0
0.31070  0.000074019 6.0
0.31070  0.000073104 6.0
0.31070  0.000072209 6.0
0.31071  0.000071295 6.0
0.31071  0.000068502 6.0
0.31066  0.000035949 6.0
0.31110  0.000067587 6.0
0.31110  0.000066692 6.0
0.31111  0.000065778 6.0
0.31145  0.000035529 6.0
0.31156  0.000070524 6.0
0.31148  0.000069413 6.0
0.31135  0.000063039 6.0
0.31188  0.000064908 6.0
0.31192  0.000064033 6.0
0.31195  0.000039729 6.0
0.31227  0.000062306 6.0
0.31234  0.000038834 6.0
0.31234  0.000037939 6.0
0.31273  0.000037012 6.0
0.31300  0.000077582 6.0
0.31301  0.000076349 6.0
0.31301  0.000075708 6.0
0.31301  0.000074865 6.0
0.31301  0.000073635 6.0
0.31302  0.000072482 6.0
0.31302  0.000071740 6.0
0.31317  0.000068549 6.0
0.31360  0.000071171 6.0
0.31342  0.000067562 6.0
0.31342  0.000066679 6.0
0.31342  0.000065729 6.0
0.31355  0.000035797 6.0
0.31379  0.000070368 6.0
0.31376  0.000069389 6.0
0.31391  0.000063213 6.0
0.31389  0.000035367 6.0
0.31419  0.000064828 6.0
0.31420  0.000064033 6.0
0.31426  0.000039728 6.0
0.31473  0.000062057 6.0
0.31465  0.000038841 6.0
0.31465  0.000037939 6.0
0.31518  0.000036959 6.0
0.31532  0.000077526 6.0
0.31532  0.000076632 6.0
0.31532  0.000075797 6.0
0.31532  0.000074842 6.0
0.31533  0.000073948 6.0
0.31533  0.000073053 6.0
0.31533  0.000072151 6.0
0.31534  0.000068505 6.0
0.31572  0.000071204 6.0
0.31573  0.000067618 6.0
0.31573  0.000066714 6.0
0.31573  0.000065806 6.0
0.31589  0.000035814 6.0
0.31625  0.000070490 6.0
0.31611  0.000069400 6.0
0.31613  0.000063140 6.0
0.31651  0.000064927 6.0
0.31651  0.000064032 6.0
0.31668  0.000039562 6.0
0.31690  0.000062019 6.0
0.31694  0.000038173 6.0
0.31754  0.000038967 6.0
0.31735  0.000037168 6.0
0.31763  0.000077401 6.0
0.31763  0.000076509 6.0
0.31764  0.000075646 6.0
0.31764  0.000074718 6.0
0.31764  0.000073838 6.0
0.31764  0.000072928 6.0
0.31765  0.000072034 6.0
0.31785  0.000068581 6.0
0.31818  0.000067548 6.0
0.31805  0.000066542 6.0
0.31805  0.000065560 6.0
0.31828  0.000036026 6.0
0.31736  0.000035478 6.0
0.31842  0.000070975 6.0
0.31842  0.000070130 6.0
0.31843  0.000069269 6.0
0.31860  0.000063210 6.0
0.31902  0.000064741 6.0
0.31892  0.000061463 6.0
0.31908  0.000039676 6.0
0.31943  0.000037853 6.0
0.32005  0.000038869 6.0
0.31993  0.000036722 6.0
0.31995  0.000077217 6.0
0.31995  0.000076307 6.0
0.31995  0.000075415 6.0
0.31995  0.000074513 6.0
0.31996  0.000073599 6.0
0.31996  0.000072704 6.0
0.31996  0.000071837 6.0
0.32045  0.000068318 6.0
0.32036  0.000067237 6.0
0.32036  0.000066362 6.0
0.32058  0.000035711 6.0
0.32073  0.000070838 6.0
0.32074  0.000069975 6.0
0.32074  0.000069112 6.0
0.32073  0.000063669 6.0
0.32076  0.000062664 6.0
0.32127  0.000065339 6.0
0.32125  0.000064389 6.0
0.32128  0.000061784 6.0
0.32115  0.000060883 6.0
0.32134  0.000039939 6.0
0.32206  0.000038959 6.0
0.32212  0.000037946 6.0
0.32198  0.000036943 6.0
0.32210  0.000035999 6.0
0.32226  0.000077028 6.0
0.32226  0.000076133 6.0
0.32227  0.000075146 6.0
0.32227  0.000074269 6.0
0.32227  0.000073374 6.0
0.32227  0.000072482 6.0
0.32228  0.000071580 6.0
0.32276  0.000068205 6.0
0.32267  0.000066940 6.0
0.32279  0.000066070 6.0
0.32314  0.000035626 6.0
0.32297  0.000070429 6.0
0.32317  0.000069449 6.0
0.32299  0.000063159 6.0
0.32364  0.000065219 6.0
0.32345  0.000064130 6.0
0.32355  0.000061792 6.0
0.32332  0.000060505 6.0
0.32371  0.000039988 6.0
0.32448  0.000038885 6.0
0.32429  0.000037787 6.0
0.32430  0.000036893 6.0
0.32441  0.000036043 6.0
0.32458  0.000076679 6.0
0.32458  0.000075829 6.0
0.32458  0.000074865 6.0
0.32458  0.000073968 6.0
0.32459  0.000073096 6.0
0.32459  0.000072181 6.0
0.32459  0.000071269 6.0
0.32481  0.000060003 6.0
0.32512  0.000068599 6.0
0.32499  0.000067596 6.0
0.32499  0.000066689 6.0
0.32546  0.000035633 6.0
0.32556  0.000070508 6.0
0.32525  0.000069368 6.0
0.32547  0.000063195 6.0
0.32576  0.000065715 6.0
0.32576  0.000064862 6.0
0.32573  0.000063979 6.0
0.32591  0.000062283 6.0
0.32577  0.000061271 6.0
0.32602  0.000040227 6.0
0.32691  0.000039186 6.0
0.32661  0.000038184 6.0
0.32661  0.000037290 6.0
0.32661  0.000036519 6.0
0.32689  0.000076313 6.0
0.32689  0.000075411 6.0
0.32690  0.000074529 6.0
0.32690  0.000073550 6.0
0.32690  0.000072668 6.0
0.32690  0.000071773 6.0
0.32713  0.000060398 6.0
0.32694  0.000059283 6.0
0.32745  0.000068480 6.0
0.32730  0.000067260 6.0
0.32730  0.000066415 6.0
0.32738  0.000035812 6.0
0.32787  0.000071000 6.0
0.32768  0.000069889 6.0
0.32768  0.000069024 6.0
0.32808  0.000065329 6.0
0.32808  0.000064424 6.0
0.32808  0.000063532 6.0
0.32808  0.000062637 6.0
0.32809  0.000061745 6.0
0.32814  0.000040689 6.0
0.32876  0.000058686 6.0
0.32885  0.000039749 6.0
0.32873  0.000038800 6.0
0.32854  0.000038047 6.0
0.32873  0.000037139 6.0
0.32909  0.000075987 6.0
0.32909  0.000075092 6.0
0.32909  0.000074246 6.0
0.32910  0.000073297 6.0
0.32910  0.000072409 6.0
0.32931  0.000060816 6.0
0.32913  0.000059824 6.0
0.32981  0.000067991 6.0
0.32955  0.000066800 6.0
0.32962  0.000065982 6.0
0.32966  0.000036041 6.0
0.33024  0.000071505 6.0
0.33003  0.000070398 6.0
0.33003  0.000069438 6.0
0.32980  0.000068601 6.0
0.33069  0.000065044 6.0
0.33051  0.000063969 6.0
0.33051  0.000063083 6.0
0.33051  0.000062177 6.0
0.33059  0.000061266 6.0
0.33075  0.000040731 6.0
0.33123  0.000058631 6.0
0.33142  0.000039696 6.0
0.33123  0.000038559 6.0
0.33124  0.000037661 6.0
0.33135  0.000036802 6.0
0.33152  0.000075432 6.0
0.33152  0.000074550 6.0
0.33153  0.000073578 6.0
0.33153  0.000072701 6.0
0.33175  0.000060350 6.0
0.33156  0.000059331 6.0
0.33171  0.000057585 6.0
0.33202  0.000067360 6.0
0.33205  0.000066208 6.0
0.33201  0.000035984 6.0
0.33249  0.000071791 6.0
0.33230  0.000070701 6.0
0.33219  0.000069828 6.0
0.33239  0.000068948 6.0
0.33231  0.000068151 6.0
0.33284  0.000065261 6.0
0.33271  0.000064276 6.0
0.33271  0.000063387 6.0
0.33271  0.000062480 6.0
0.33271  0.000061593 6.0
0.33292  0.000041006 6.0
0.33356  0.000056683 6.0
0.33374  0.000039470 6.0
0.33355  0.000038381 6.0
0.33355  0.000037487 6.0
0.33353  0.000036552 6.0
0.33375  0.000074748 6.0
0.33395  0.000073889 6.0
0.33384  0.000073061 6.0
0.33392  0.000060507 6.0
0.33388  0.000059433 6.0
0.33388  0.000058536 6.0
0.33400  0.000057735 6.0
0.33433  0.000067039 6.0
0.33415  0.000065847 6.0
0.33481  0.000072088 6.0
0.33462  0.000071035 6.0
0.33462  0.000070168 6.0
0.33462  0.000069221 6.0
0.33462  0.000068324 6.0
0.33521  0.000064905 6.0
0.33502  0.000063747 6.0
0.33503  0.000062859 6.0
0.33503  0.000061965 6.0
0.33507  0.000061039 6.0
0.33517  0.000041661 6.0
0.33520  0.000040400 6.0
0.33558  0.000055870 6.0
0.33540  0.000036166 6.0
0.33595  0.000056923 6.0
0.33595  0.000039167 6.0
0.33586  0.000037909 6.0
0.33590  0.000037060 6.0
0.33615  0.000074253 6.0
0.33615  0.000073291 6.0
0.33638  0.000060018 6.0
0.33619  0.000058883 6.0
0.33619  0.000058001 6.0
0.33671  0.000067158 6.0
0.33656  0.000065984 6.0
0.33702  0.000036581 6.0
0.33712  0.000072395 6.0
0.33693  0.000071333 6.0
0.33693  0.000070463 6.0
0.33694  0.000069459 6.0
0.33694  0.000068547 6.0
0.33694  0.000067755 6.0
0.33713  0.000054805 6.0
0.33753  0.000064921 6.0
0.33734  0.000063878 6.0
0.33734  0.000062983 6.0
0.33734  0.000062051 6.0
0.33734  0.000061159 6.0
0.33748  0.000042420 6.0
0.33740  0.000041139 6.0
0.33752  0.000040319 6.0
0.33821  0.000056897 6.0
0.33817  0.000055647 6.0
0.33826  0.000039126 6.0
0.33822  0.000037873 6.0
0.33847  0.000073512 6.0
0.33870  0.000060282 6.0
0.33851  0.000059113 6.0
0.33851  0.000058216 6.0
0.33887  0.000066692 6.0
0.33897  0.000053972 6.0
0.33909  0.000037113 6.0
0.33876  0.000036412 6.0
0.33943  0.000072544 6.0
0.33924  0.000071496 6.0
0.33925  0.000070619 6.0
0.33925  0.000069653 6.0
0.33925  0.000068773 6.0
0.33925  0.000067878 6.0
0.33984  0.000065274 6.0
0.33965  0.000064175 6.0
0.33965  0.000063288 6.0
0.33965  0.000062391 6.0
0.33966  0.000061491 6.0
0.33971  0.000043238 6.0
0.33982  0.000042140 6.0
0.33963  0.000041234 6.0
0.33983  0.000040348 6.0
0.34021  0.000052899 6.0
0.34048  0.000057137 6.0
0.34044  0.000055949 6.0
0.34045  0.000055022 6.0
0.34055  0.000039241 6.0
0.34049  0.000038082 6.0
0.34091  0.000060410 6.0
0.34082  0.000059307 6.0
0.34082  0.000058410 6.0
0.34119  0.000066713 6.0
0.34136  0.000053950 6.0
0.34127  0.000036896 6.0
0.34136  0.000072525 6.0
0.34170  0.000071600 6.0
0.34156  0.000070648 6.0
0.34098  0.000070005 6.0
0.34176  0.000069001 6.0
0.34157  0.000067915 6.0
0.34157  0.000067082 6.0
0.34176  0.000052020 6.0
0.34179  0.000044259 6.0
0.34211  0.000065329 6.0
0.34196  0.000064140 6.0
0.34197  0.000063258 6.0
0.34197  0.000062361 6.0
0.34197  0.000061466 6.0
0.34202  0.000043074 6.0
0.34202  0.000042182 6.0
0.34202  0.000041287 6.0
0.34203  0.000040407 6.0
0.34252  0.000051117 6.0
0.34283  0.000057524 6.0
0.34287  0.000056421 6.0
0.34267  0.000055522 6.0
0.34288  0.000054632 6.0
0.34307  0.000053205 6.0
0.34289  0.000039247 6.0
0.34280  0.000037982 6.0
0.34332  0.000060375 6.0
0.34313  0.000059254 6.0
0.34294  0.000058471 6.0
0.34368  0.000037000 6.0
0.34368  0.000071630 6.0
0.34387  0.000070785 6.0
0.34376  0.000069969 6.0
0.34396  0.000069020 6.0
0.34388  0.000068076 6.0
0.34388  0.000067181 6.0
0.34377  0.000066405 6.0
0.34411  0.000054035 6.0
0.34405  0.000052114 6.0
0.34393  0.000050388 6.0
0.34393  0.000049281 6.0
0.34394  0.000045005 6.0
0.34395  0.000043796 6.0
0.34437  0.000065304 6.0
0.34428  0.000064241 6.0
0.34428  0.000063354 6.0
0.34428  0.000062459 6.0
0.34428  0.000061560 6.0
0.34440  0.000048197 6.0
0.34449  0.000042494 6.0
0.34434  0.000041309 6.0
0.34415  0.000040615 6.0
0.34485  0.000047048 6.0
0.34452  0.000046300 6.0
0.34515  0.000057124 6.0
0.34507  0.000055849 6.0
0.34507  0.000054954 6.0
0.34520  0.000039848 6.0
0.34512  0.000038876 6.0
0.34512  0.000037993 6.0
0.34560  0.000060431 6.0
0.34545  0.000059229 6.0
0.34533  0.000058433 6.0
0.34553  0.000053171 6.0
0.34553  0.000051384 6.0
0.34589  0.000037176 6.0
0.34600  0.000070609 6.0
0.34619  0.000069727 6.0
0.34619  0.000068821 6.0
0.34620  0.000067926 6.0
0.34620  0.000067032 6.0
0.34616  0.000066228 6.0
0.34644  0.000050262 6.0
0.34621  0.000045276 6.0
0.34626  0.000044268 6.0
0.34626  0.000043373 6.0
0.34656  0.000065232 6.0
0.34659  0.000064273 6.0
0.34659  0.000063378 6.0
0.34660  0.000062484 6.0
0.34664  0.000061636 6.0
0.34660  0.000049050 6.0
0.34663  0.000048095 6.0
0.34667  0.000042172 6.0
0.34665  0.000041037 6.0
0.34698  0.000054434 6.0
0.34722  0.000046947 6.0
0.34683  0.000046057 6.0
0.34747  0.000057531 6.0
0.34738  0.000056271 6.0
0.34729  0.000055544 6.0
0.34748  0.000052164 6.0
0.34762  0.000040260 6.0
0.34743  0.000039166 6.0
0.34743  0.000038246 6.0
0.34780  0.000060446 6.0
0.34776  0.000059263 6.0
0.34796  0.000058572 6.0
0.34797  0.000053438 6.0
0.34821  0.000037427 6.0
0.34831  0.000069440 6.0
0.34851  0.000068597 6.0
0.34839  0.000067784 6.0
0.34851  0.000066964 6.0
0.34851  0.000066079 6.0
0.34870  0.000050945 6.0
0.34852  0.000049987 6.0
0.34861  0.000044789 6.0
0.34854  0.000043701 6.0
0.34858  0.000042851 6.0
0.34893  0.000065004 6.0
0.34891  0.000064056 6.0
0.34891  0.000063127 6.0
0.34891  0.000062235 6.0
0.34895  0.000061400 6.0
0.34905  0.000049029 6.0
0.34891  0.000047989 6.0
0.34907  0.000041824 6.0
0.34932  0.000054986 6.0
0.34943  0.000053795 6.0
0.34940  0.000046875 6.0
0.34915  0.000045952 6.0
0.34978  0.000057571 6.0
0.34970  0.000056298 6.0
0.34982  0.000052226 6.0
0.34989  0.000040389 6.0
0.34974  0.000039205 6.0
0.34975  0.000038303 6.0
0.35001  0.000060094 6.0
0.35008  0.000058954 6.0
0.35066  0.000037653 6.0
0.35044  0.000068366 6.0
0.35082  0.000067520 6.0
0.35083  0.000066645 6.0
0.35083  0.000065713 6.0
0.35098  0.000050710 6.0
0.35091  0.000045294 6.0
0.35089  0.000044341 6.0
0.35094  0.000043242 6.0
0.35136  0.000064739 6.0
0.35122  0.000063673 6.0
0.35122  0.000062781 6.0
0.35122  0.000061886 6.0
0.35119  0.000061077 6.0
0.35136  0.000053274 6.0
0.35140  0.000049502 6.0
0.35126  0.000048437 6.0
0.35126  0.000047540 6.0
0.35142  0.000042275 6.0
0.35140  0.000041341 6.0
0.35173  0.000055624 6.0
0.35163  0.000054480 6.0
0.35168  0.000046510 6.0
0.35208  0.000058297 6.0
0.35201  0.000057097 6.0
0.35208  0.000056265 6.0
0.35222  0.000052039 6.0
0.35220  0.000040277 6.0
0.35206  0.000039147 6.0
0.35219  0.000038178 6.0
0.35241  0.000060357 6.0
0.35235  0.000059490 6.0
0.35302  0.000037855 6.0
0.35275  0.000067005 6.0
0.35314  0.000066222 6.0
0.35328  0.000050846 6.0
0.35320  0.000045519 6.0
0.35320  0.000044490 6.0
0.35320  0.000043595 6.0
0.35367  0.000065284 6.0
0.35353  0.000064271 6.0
0.35353  0.000063377 6.0
0.35354  0.000062482 6.0
0.35354  0.000061585 6.0
0.35365  0.000053532 6.0
0.35370  0.000049945 6.0
0.35367  0.000048814 6.0
0.35358  0.000047770 6.0
0.35358  0.000046876 6.0
0.35373  0.000042669 6.0
0.35359  0.000041575 6.0
0.35405  0.000055118 6.0
0.35440  0.000058705 6.0
0.35432  0.000057489 6.0
0.35432  0.000056592 6.0
0.35439  0.000055822 6.0
0.35453  0.000052210 6.0
0.35447  0.000040480 6.0
0.35437  0.000039345 6.0
0.35457  0.000038361 6.0
0.35484  0.000060854 6.0
0.35466  0.000059907 6.0
0.35559  0.000046203 6.0
0.35554  0.000044937 6.0
0.35551  0.000043967 6.0
0.35546  0.000065278 6.0
0.35585  0.000064420 6.0
0.35585  0.000063528 6.0
0.35585  0.000062608 6.0
0.35589  0.000061696 6.0
0.35596  0.000053964 6.0
0.35604  0.000051220 6.0
0.35585  0.000050128 6.0
0.35589  0.000049236 6.0
0.35589  0.000048341 6.0
0.35589  0.000047464 6.0
0.35604  0.000043051 6.0
0.35591  0.000042046 6.0
0.35602  0.000041149 6.0
0.35671  0.000058905 6.0
0.35664  0.000057710 6.0
0.35664  0.000056815 6.0
0.35664  0.000055933 6.0
0.35668  0.000055102 6.0
0.35684  0.000052634 6.0
0.35676  0.000040046 6.0
0.35659  0.000038767 6.0
0.35709  0.000060421 6.0
0.35780  0.000046469 6.0
0.35783  0.000045259 6.0
0.35783  0.000044372 6.0
0.35758  0.000063719 6.0
0.35816  0.000062779 6.0
0.35817  0.000061884 6.0
0.35836  0.000061039 6.0
0.35834  0.000054015 6.0
0.35834  0.000051324 6.0
0.35800  0.000050325 6.0
0.35834  0.000049405 6.0
0.35820  0.000048447 6.0
0.35820  0.000047538 6.0
0.35841  0.000043259 6.0
0.35822  0.000042252 6.0
0.35822  0.000041370 6.0
0.35906  0.000058982 6.0
0.35895  0.000057796 6.0
0.35895  0.000056887 6.0
0.35895  0.000055985 6.0
0.35896  0.000055100 6.0
0.35907  0.000052651 6.0
0.35924  0.000040703 6.0
0.35890  0.000039549 6.0
0.35803  0.000039046 6.0
0.35957  0.000060366 6.0
0.36021  0.000046221 6.0
0.36014  0.000045018 6.0
0.36014  0.000044113 6.0
0.35990  0.000061809 6.0
0.36065  0.000053970 6.0
0.36066  0.000051281 6.0
0.36051  0.000050164 6.0
0.36051  0.000049212 6.0
0.36052  0.000048308 6.0
0.36052  0.000047421 6.0
0.36063  0.000043053 6.0
0.36053  0.000042001 6.0
0.36121  0.000058767 6.0
0.36115  0.000057609 6.0
0.36115  0.000056715 6.0
0.36115  0.000055820 6.0
0.36117  0.000055000 6.0
0.36125  0.000052533 6.0
0.36126  0.000040727 6.0
0.36081  0.000039791 6.0
0.36106  0.000060890 6.0
0.36160  0.000059905 6.0
0.36264  0.000046420 6.0
0.36265  0.000045020 6.0
0.36257  0.000043981 6.0
0.36328  0.000053553 6.0
0.36329  0.000050882 6.0
0.36321  0.000049669 6.0
0.36321  0.000048787 6.0
0.36322  0.000047904 6.0
0.36341  0.000047059 6.0
0.36331  0.000042786 6.0
0.36323  0.000041580 6.0
0.36333  0.000058593 6.0
0.36372  0.000057481 6.0
0.36358  0.000056515 6.0
0.36339  0.000055700 6.0
0.36372  0.000054795 6.0
0.36369  0.000052194 6.0
0.36348  0.000040738 6.0
0.36491  0.000046207 6.0
0.36482  0.000044953 6.0
0.36465  0.000043989 6.0
0.36560  0.000053487 6.0
0.36561  0.000050780 6.0
0.36553  0.000049447 6.0
0.36553  0.000048575 6.0
0.36553  0.000047660 6.0
0.36573  0.000046917 6.0
0.36566  0.000042727 6.0
0.36552  0.000041569 6.0
0.36531  0.000057211 6.0
0.36551  0.000056359 6.0
0.36593  0.000055676 6.0
0.36590  0.000054825 6.0
0.36604  0.000052259 6.0
0.36651  0.000043589 6.0
0.36708  0.000045572 6.0
0.36712  0.000044430 6.0
0.36778  0.000053904 6.0
0.36795  0.000051196 6.0
0.36772  0.000050126 6.0
0.36784  0.000049253 6.0
0.36784  0.000048341 6.0
0.36785  0.000047444 6.0
0.36796  0.000046604 6.0
0.36767  0.000042367 6.0
0.36744  0.000054998 6.0
0.36828  0.000052639 6.0
0.36866  0.000043325 6.0
0.36954  0.000045775 6.0
0.36940  0.000044677 6.0
0.36949  0.000044001 6.0
0.37009  0.000051263 6.0
0.36996  0.000050194 6.0
0.37029  0.000049229 6.0
0.37016  0.000048263 6.0
0.37016  0.000047368 6.0
0.37026  0.000046514 6.0
0.36957  0.000052687 6.0
0.37180  0.000045637 6.0
0.37104  0.000044597 6.0
0.37170  0.000049711 6.0
0.37170  0.000048809 6.0
0.37189  0.000047964 6.0
0.37209  0.000046975 6.0
0.37151  0.000046424 6.0
