0.23584  0.000050410 11.0
0.23636  0.000053161 11.0
0.23633  0.000051994 11.0
0.23652  0.000051323 11.0
0.23636  0.000049305 11.0
0.23671  0.000054595 11.0
0.23677  0.000048355 11.0
0.23728  0.000055795 11.0
0.23757  0.000057062 11.0
0.23752  0.000047182 11.0
0.23799  0.000058002 11.0
0.23786  0.000046077 11.0
0.23834  0.000050310 11.0
0.23874  0.000059250 11.0
0.23874  0.000053493 11.0
0.23864  0.000052433 11.0
0.23864  0.000051519 11.0
0.23916  0.000054476 11.0
0.23915  0.000048874 11.0
0.23916  0.000047647 11.0
0.23920  0.000045237 11.0
0.23947  0.000060539 11.0
0.23948  0.000055741 11.0
0.24001  0.000046913 11.0
0.24018  0.000061677 11.0
0.24017  0.000058012 11.0
0.24030  0.000056914 11.0
0.24030  0.000044352 11.0
0.24060  0.000050529 11.0
0.24112  0.000062879 11.0
0.24113  0.000059213 11.0
0.24107  0.000052832 11.0
0.24096  0.000051650 11.0
0.24117  0.000043366 11.0
0.24125  0.000054206 11.0
0.24135  0.000049319 11.0
0.24135  0.000048419 11.0
0.24133  0.000045770 11.0
0.24189  0.000063883 11.0
0.24190  0.000060248 11.0
0.24181  0.000055579 11.0
0.24216  0.000047176 11.0
0.24260  0.000064881 11.0
0.24261  0.000061217 11.0
0.24255  0.000057496 11.0
0.24258  0.000056558 11.0
0.24271  0.000044799 11.0
0.24265  0.000042200 11.0
0.24284  0.000050825 11.0
0.24323  0.000065745 11.0
0.24333  0.000062237 11.0
0.24334  0.000058674 11.0
0.24329  0.000053033 11.0
0.24327  0.000051948 11.0
0.24338  0.000043750 11.0
0.24363  0.000054579 11.0
0.24385  0.000049788 11.0
0.24366  0.000048717 11.0
0.24378  0.000047857 11.0
0.24382  0.000046272 11.0
0.24408  0.000066655 11.0
0.24406  0.000063916 11.0
0.24421  0.000062950 11.0
0.24407  0.000060304 11.0
0.24421  0.000059349 11.0
0.24417  0.000055941 11.0
0.24457  0.000041159 11.0
0.24485  0.000067558 11.0
0.24491  0.000057400 11.0
0.24502  0.000047213 11.0
0.24486  0.000045239 11.0
0.24477  0.000042584 11.0
0.24526  0.000064926 11.0
0.24537  0.000061225 11.0
0.24522  0.000051348 11.0
0.24565  0.000058490 11.0
0.24556  0.000053733 11.0
0.24558  0.000052593 11.0
0.24576  0.000044017 11.0
0.24599  0.000068458 11.0
0.24606  0.000065841 11.0
0.24602  0.000062303 11.0
0.24601  0.000055047 11.0
0.24606  0.000050330 11.0
0.24600  0.000049218 11.0
0.24598  0.000048257 11.0
0.24637  0.000063483 11.0
0.24653  0.000059917 11.0
0.24639  0.000056348 11.0
0.24642  0.000046431 11.0
0.24647  0.000040401 11.0
0.24678  0.000066654 11.0
0.24680  0.000041756 11.0
0.24718  0.000069465 11.0
0.24714  0.000045282 11.0
0.24715  0.000042727 11.0
0.24763  0.000064636 11.0
0.24758  0.000061089 11.0
0.24769  0.000059162 11.0
0.24765  0.000057520 11.0
0.24760  0.000051980 11.0
0.24768  0.000047558 11.0
0.24793  0.000070383 11.0
0.24792  0.000067528 11.0
0.24789  0.000053964 11.0
0.24790  0.000053090 11.0
0.24792  0.000044005 11.0
0.24841  0.000062521 11.0
0.24842  0.000055450 11.0
0.24848  0.000050788 11.0
0.24829  0.000049655 11.0
0.24829  0.000048780 11.0
0.24841  0.000039406 11.0
0.24877  0.000065415 11.0
0.24890  0.000063527 11.0
0.24891  0.000056370 11.0
0.24888  0.000046261 11.0
0.24889  0.000040846 11.0
0.24916  0.000071295 11.0
0.24916  0.000068683 11.0
0.24922  0.000041862 11.0
0.24954  0.000066402 11.0
0.24960  0.000045150 11.0
0.24960  0.000042860 11.0
0.24984  0.000061235 11.0
0.24980  0.000060048 11.0
0.24981  0.000059153 11.0
0.24981  0.000058273 11.0
0.24993  0.000057467 11.0
0.24998  0.000052254 11.0
0.24994  0.000047846 11.0
0.25035  0.000072361 11.0
0.25029  0.000069456 11.0
0.25036  0.000067627 11.0
0.25021  0.000054243 11.0
0.25027  0.000053164 11.0
0.25028  0.000044106 11.0
0.25071  0.000064429 11.0
0.25066  0.000050894 11.0
0.25076  0.000049149 11.0
0.25070  0.000039550 11.0
0.25070  0.000038266 11.0
0.25107  0.000070389 11.0
0.25106  0.000065527 11.0
0.25095  0.000063352 11.0
0.25096  0.000062438 11.0
0.25099  0.000056378 11.0
0.25109  0.000055364 11.0
0.25118  0.000050260 11.0
0.25119  0.000046711 11.0
0.25150  0.000073175 11.0
0.25157  0.000071317 11.0
0.25171  0.000068521 11.0
0.25149  0.000041246 11.0
0.25150  0.000040266 11.0
0.25185  0.000066417 11.0
0.25182  0.000045492 11.0
0.25189  0.000043024 11.0
0.25178  0.000041932 11.0
0.25220  0.000061161 11.0
0.25212  0.000059913 11.0
0.25224  0.000059068 11.0
0.25204  0.000058186 11.0
0.25224  0.000057279 11.0
0.25229  0.000052197 11.0
0.25234  0.000047729 11.0
0.25261  0.000074211 11.0
0.25279  0.000072321 11.0
0.25278  0.000069426 11.0
0.25268  0.000067496 11.0
0.25262  0.000054281 11.0
0.25256  0.000053282 11.0
0.25252  0.000044366 11.0
0.25299  0.000064527 11.0
0.25289  0.000048988 11.0
0.25303  0.000039232 11.0
0.25281  0.000037922 11.0
0.25361  0.000065437 11.0
0.25340  0.000063424 11.0
0.25327  0.000062432 11.0
0.25348  0.000056324 11.0
0.25329  0.000055273 11.0
0.25291  0.000050923 11.0
0.25272  0.000050047 11.0
0.25350  0.000046636 11.0
0.25368  0.000071085 11.0
0.25383  0.000070206 11.0
0.25396  0.000068637 11.0
0.25391  0.000040716 11.0
0.25416  0.000075074 11.0
0.25425  0.000073252 11.0
0.25417  0.000066348 11.0
0.25424  0.000045192 11.0
0.25428  0.000043448 11.0
0.25409  0.000042350 11.0
0.25390  0.000041473 11.0
0.25430  0.000037349 11.0
0.25462  0.000061643 11.0
0.25443  0.000060566 11.0
0.25443  0.000059656 11.0
0.25444  0.000058754 11.0
0.25444  0.000057860 11.0
0.25463  0.000057051 11.0
0.25368  0.000052216 11.0
0.25389  0.000047743 11.0
0.25503  0.000071924 11.0
0.25499  0.000067384 11.0
0.25426  0.000054054 11.0
0.25387  0.000053163 11.0
0.25548  0.000069334 11.0
0.25545  0.000039378 11.0
0.25526  0.000038277 11.0
0.25570  0.000076116 11.0
0.25567  0.000065278 11.0
0.25558  0.000064199 11.0
0.25558  0.000063302 11.0
0.25578  0.000062519 11.0
0.25541  0.000056276 11.0
0.25502  0.000055325 11.0
0.25466  0.000046602 11.0
0.25609  0.000070962 11.0
0.25614  0.000070041 11.0
0.25615  0.000068331 11.0
0.25622  0.000040284 11.0
0.25643  0.000074779 11.0
0.25621  0.000073655 11.0
0.25644  0.000072880 11.0
0.25602  0.000044898 11.0
0.25640  0.000043992 11.0
0.25641  0.000043098 11.0
0.25641  0.000042228 11.0
0.25637  0.000041287 11.0
0.25658  0.000036981 11.0
0.25651  0.000077144 11.0
0.25654  0.000066331 11.0
0.25655  0.000061596 11.0
0.25649  0.000060578 11.0
0.25655  0.000059633 11.0
0.25662  0.000058667 11.0
0.25617  0.000057750 11.0
0.25579  0.000057233 11.0
0.25718  0.000067203 11.0
0.25768  0.000071885 11.0
0.25774  0.000069219 11.0
0.25772  0.000039043 11.0
0.25758  0.000037890 11.0
0.25789  0.000077818 11.0
0.25805  0.000075975 11.0
0.25808  0.000065180 11.0
0.25793  0.000064136 11.0
0.25793  0.000063250 11.0
0.25794  0.000062365 11.0
0.25852  0.000070672 11.0
0.25861  0.000067983 11.0
0.25864  0.000040509 11.0
0.25859  0.000036354 11.0
0.25904  0.000078648 11.0
0.25909  0.000074708 11.0
0.25902  0.000073542 11.0
0.25914  0.000072724 11.0
0.25917  0.000061355 11.0
0.25867  0.000060281 11.0
0.25810  0.000059648 11.0
0.25872  0.000043101 11.0
0.25907  0.000042339 11.0
0.25915  0.000041469 11.0
0.25955  0.000076944 11.0
0.25954  0.000066916 11.0
0.25933  0.000065821 11.0
0.25977  0.000071678 11.0
0.25981  0.000069809 11.0
0.25992  0.000068788 11.0
0.26004  0.000039205 11.0
0.25989  0.000037975 11.0
0.25989  0.000037083 11.0
0.26032  0.000064739 11.0
0.26021  0.000063576 11.0
0.26033  0.000062761 11.0
0.26066  0.000079356 11.0
0.26075  0.000075598 11.0
0.26060  0.000062126 11.0
0.26063  0.000040636 11.0
0.26086  0.000035919 11.0
0.26142  0.000077950 11.0
0.26134  0.000074394 11.0
0.26148  0.000073326 11.0
0.26134  0.000072363 11.0
0.26150  0.000070845 11.0
0.26151  0.000068100 11.0
0.26065  0.000041993 11.0
0.26185  0.000076971 11.0
0.26188  0.000066936 11.0
0.26174  0.000065939 11.0
0.26220  0.000080270 11.0
0.26226  0.000069386 11.0
0.26220  0.000041170 11.0
0.26239  0.000039567 11.0
0.26220  0.000038449 11.0
0.26221  0.000037554 11.0
0.26221  0.000036667 11.0
0.26263  0.000064860 11.0
0.26255  0.000063754 11.0
0.26194  0.000063027 11.0
0.26296  0.000078863 11.0
0.26300  0.000076287 11.0
0.26301  0.000075207 11.0
0.26326  0.000040390 11.0
0.26298  0.000035599 11.0
0.26374  0.000081172 11.0
0.26362  0.000074025 11.0
0.26379  0.000072936 11.0
0.26357  0.000071920 11.0
0.26366  0.000070954 11.0
0.26378  0.000070142 11.0
0.26376  0.000068395 11.0
0.26409  0.000077713 11.0
0.26409  0.000066953 11.0
0.26396  0.000065954 11.0
0.26433  0.000035118 11.0
0.26456  0.000079834 11.0
0.26460  0.000038968 11.0
0.26433  0.000037778 11.0
0.26452  0.000036935 11.0
0.26482  0.000069338 11.0
0.26433  0.000064911 11.0
0.26522  0.000082032 11.0
0.26505  0.000076548 11.0
0.26507  0.000075466 11.0
0.26519  0.000074687 11.0
0.26517  0.000040188 11.0
0.26542  0.000035889 11.0
0.26553  0.000078627 11.0
0.26603  0.000073436 11.0
0.26601  0.000072424 11.0
0.26601  0.000071530 11.0
0.26601  0.000070668 11.0
0.26612  0.000068134 11.0
0.26652  0.000080957 11.0
0.26652  0.000066844 11.0
0.26579  0.000065834 11.0
0.26674  0.000034723 11.0
0.26710  0.000083104 11.0
0.26717  0.000079618 11.0
0.26711  0.000077643 11.0
0.26711  0.000069425 11.0
0.26730  0.000039039 11.0
0.26722  0.000037725 11.0
0.26722  0.000036832 11.0
0.26750  0.000076047 11.0
0.26764  0.000074775 11.0
0.26741  0.000073960 11.0
0.26775  0.000035912 11.0
0.26835  0.000081788 11.0
0.26828  0.000072811 11.0
0.26828  0.000071658 11.0
0.26829  0.000070754 11.0
0.26848  0.000070023 11.0
0.26838  0.000068266 11.0
0.26810  0.000067287 11.0
0.26877  0.000034679 11.0
0.26909  0.000084107 11.0
0.26901  0.000080412 11.0
0.26908  0.000078447 11.0
0.26953  0.000083096 11.0
0.26936  0.000076933 11.0
0.26953  0.000038894 11.0
0.26953  0.000038000 11.0
0.26953  0.000037105 11.0
0.26982  0.000075399 11.0
0.26994  0.000074329 11.0
0.27006  0.000036201 11.0
0.26993  0.000034048 11.0
0.27021  0.000073447 11.0
0.27022  0.000069255 11.0
0.27057  0.000082026 11.0
0.27064  0.000079418 11.0
0.27066  0.000072256 11.0
0.27052  0.000071051 11.0
0.27079  0.000070370 11.0
0.27003  0.000068218 11.0
0.27101  0.000084953 11.0
0.27128  0.000035067 11.0
0.27134  0.000083872 11.0
0.27144  0.000080795 11.0
0.27135  0.000077910 11.0
0.27183  0.000076229 11.0
0.27185  0.000038223 11.0
0.27185  0.000037308 11.0
0.27207  0.000074644 11.0
0.27237  0.000036350 11.0
0.27244  0.000033965 11.0
0.27250  0.000082950 11.0
0.27259  0.000073206 11.0
0.27211  0.000069548 11.0
0.27268  0.000085730 11.0
0.27278  0.000079550 11.0
0.27272  0.000072035 11.0
0.27272  0.000071140 11.0
0.27282  0.000070391 11.0
0.27313  0.000081477 11.0
0.27348  0.000035287 11.0
0.27379  0.000084545 11.0
0.27381  0.000078252 11.0
0.27363  0.000077063 11.0
0.27425  0.000076319 11.0
0.27410  0.000075255 11.0
0.27420  0.000037531 11.0
0.27456  0.000086556 11.0
0.27459  0.000073967 11.0
0.27481  0.000036681 11.0
0.27467  0.000034024 11.0
0.27520  0.000083293 11.0
0.27531  0.000082182 11.0
0.27520  0.000080593 11.0
0.27532  0.000079490 11.0
0.27542  0.000072707 11.0
0.27520  0.000071466 11.0
0.27446  0.000070789 11.0
0.27597  0.000081748 11.0
0.27590  0.000035719 11.0
0.27586  0.000033391 11.0
0.27596  0.000085376 11.0
0.27616  0.000084283 11.0
0.27598  0.000078173 11.0
0.27650  0.000087477 11.0
0.27646  0.000076607 11.0
0.27641  0.000075395 11.0
0.27635  0.000074571 11.0
0.27692  0.000086426 11.0
0.27686  0.000037178 11.0
0.27706  0.000036301 11.0
0.27706  0.000034681 11.0
0.27751  0.000083270 11.0
0.27752  0.000080619 11.0
0.27763  0.000079504 11.0
0.27754  0.000073413 11.0
0.27746  0.000072326 11.0
0.27715  0.000071721 11.0
0.27798  0.000081892 11.0
0.27791  0.000078679 11.0
0.27841  0.000035485 11.0
0.27812  0.000033597 11.0
0.27821  0.000085342 11.0
0.27847  0.000084331 11.0
0.27881  0.000088459 11.0
0.27857  0.000087153 11.0
0.27877  0.000077560 11.0
0.27880  0.000076331 11.0
0.27860  0.000075476 11.0
0.27869  0.000074524 11.0
0.27918  0.000036842 11.0
0.27937  0.000035901 11.0
0.28001  0.000086240 11.0
0.27994  0.000083395 11.0
0.27983  0.000082207 11.0
0.28002  0.000080797 11.0
0.27975  0.000079591 11.0
0.27985  0.000073359 11.0
0.27889  0.000072652 11.0
0.28053  0.000035147 11.0
0.28034  0.000033979 11.0
0.28034  0.000033120 11.0
0.28059  0.000085040 11.0
0.28098  0.000084133 11.0
0.28102  0.000081623 11.0
0.28080  0.000078821 11.0
0.28116  0.000089373 11.0
0.28087  0.000088084 11.0
0.28116  0.000087227 11.0
0.28110  0.000077536 11.0
0.28092  0.000076289 11.0
0.28100  0.000075323 11.0
0.28112  0.000074532 11.0
0.28149  0.000036531 11.0
0.28232  0.000086212 11.0
0.28229  0.000083312 11.0
0.28230  0.000080621 11.0
0.28226  0.000073787 11.0
0.28284  0.000035760 11.0
0.28265  0.000034604 11.0
0.28246  0.000033436 11.0
0.28310  0.000085154 11.0
0.28310  0.000084170 11.0
0.28310  0.000081901 11.0
0.28301  0.000079039 11.0
0.28341  0.000090292 11.0
0.28330  0.000089007 11.0
0.28328  0.000087922 11.0
0.28322  0.000087345 11.0
0.28337  0.000077509 11.0
0.28331  0.000076416 11.0
0.28331  0.000075541 11.0
0.28351  0.000074674 11.0
0.28401  0.000033034 11.0
0.28463  0.000086785 11.0
0.28461  0.000083201 11.0
0.28461  0.000080506 11.0
0.28496  0.000036172 11.0
0.28497  0.000035250 11.0
0.28497  0.000034343 11.0
0.28537  0.000085284 11.0
0.28526  0.000084253 11.0
0.28542  0.000081783 11.0
0.28538  0.000079022 11.0
0.28486  0.000074440 11.0
0.28568  0.000090785 11.0
0.28578  0.000089604 11.0
0.28550  0.000088763 11.0
0.28579  0.000087785 11.0
0.28576  0.000078056 11.0
0.28562  0.000077012 11.0
0.28563  0.000076112 11.0
0.28577  0.000075152 11.0
0.28617  0.000033050 11.0
0.28691  0.000086730 11.0
0.28692  0.000083080 11.0
0.28693  0.000080422 11.0
0.28728  0.000035908 11.0
0.28728  0.000035013 11.0
0.28740  0.000034129 11.0
0.28772  0.000085172 11.0
0.28749  0.000084154 11.0
0.28773  0.000081649 11.0
0.28799  0.000091515 11.0
0.28790  0.000090282 11.0
0.28791  0.000089357 11.0
0.28810  0.000088586 11.0
0.28791  0.000087846 11.0
0.28813  0.000078999 11.0
0.28794  0.000077926 11.0
0.28794  0.000077024 11.0
0.28794  0.000076089 11.0
0.28781  0.000075318 11.0
0.28863  0.000033353 11.0
0.28844  0.000032391 11.0
0.28912  0.000086582 11.0
0.28913  0.000082919 11.0
0.28917  0.000080334 11.0
0.28955  0.000035679 11.0
0.28956  0.000034799 11.0
0.28979  0.000033770 11.0
0.29000  0.000084880 11.0
0.29004  0.000083721 11.0
0.29010  0.000081433 11.0
0.29045  0.000092269 11.0
0.29033  0.000091042 11.0
0.29041  0.000090175 11.0
0.29028  0.000089292 11.0
0.29034  0.000088313 11.0
0.29042  0.000087485 11.0
0.29044  0.000078917 11.0
0.29044  0.000078021 11.0
0.29040  0.000076880 11.0
0.29019  0.000075905 11.0
0.29114  0.000032478 11.0
0.29153  0.000086359 11.0
0.29155  0.000082638 11.0
0.29159  0.000080009 11.0
0.29191  0.000035514 11.0
0.29191  0.000034590 11.0
0.29191  0.000033695 11.0
0.29235  0.000085431 11.0
0.29216  0.000084341 11.0
0.29226  0.000083597 11.0
0.29236  0.000081185 11.0
0.29268  0.000092845 11.0
0.29253  0.000091667 11.0
0.29257  0.000090865 11.0
0.29253  0.000090039 11.0
0.29253  0.000089113 11.0
0.29254  0.000088233 11.0
0.29254  0.000087311 11.0
0.29275  0.000078529 11.0
0.29256  0.000077433 11.0
0.29237  0.000076488 11.0
0.29347  0.000032450 11.0
0.29386  0.000082303 11.0
0.29391  0.000079772 11.0
0.29422  0.000035327 11.0
0.29422  0.000034440 11.0
0.29434  0.000033560 11.0
0.29458  0.000086296 11.0
0.29447  0.000085114 11.0
0.29447  0.000084211 11.0
0.29444  0.000083353 11.0
0.29468  0.000080884 11.0
0.29499  0.000093425 11.0
0.29484  0.000092231 11.0
0.29476  0.000091217 11.0
0.29496  0.000090378 11.0
0.29476  0.000089409 11.0
0.29485  0.000088429 11.0
0.29485  0.000087544 11.0
0.29507  0.000078882 11.0
0.29488  0.000077681 11.0
0.29474  0.000076896 11.0
0.29575  0.000032370 11.0
0.29622  0.000082147 11.0
0.29653  0.000035185 11.0
0.29654  0.000034290 11.0
0.29650  0.000033372 11.0
0.29668  0.000086600 11.0
0.29659  0.000085311 11.0
0.29660  0.000084432 11.0
0.29660  0.000083540 11.0
0.29660  0.000082824 11.0
0.29684  0.000081077 11.0
0.29654  0.000080066 11.0
0.29699  0.000031979 11.0
0.29703  0.000094368 11.0
0.29703  0.000093318 11.0
0.29718  0.000092196 11.0
0.29704  0.000091174 11.0
0.29671  0.000090578 11.0
0.29719  0.000089488 11.0
0.29703  0.000088298 11.0
0.29717  0.000087446 11.0
0.29704  0.000078640 11.0
0.29711  0.000077475 11.0
0.29915  0.000086381 11.0
0.29916  0.000085145 11.0
0.29910  0.000084016 11.0
0.29911  0.000083134 11.0
0.29911  0.000082212 11.0
0.29911  0.000081308 11.0
0.29911  0.000080413 11.0
0.29912  0.000079531 11.0
0.29923  0.000034993 11.0
0.29924  0.000034086 11.0
0.29924  0.000033196 11.0
0.29924  0.000031997 11.0
0.29956  0.000094592 11.0
0.29949  0.000093367 11.0
0.29947  0.000092242 11.0
0.29928  0.000091406 11.0
0.29966  0.000090618 11.0
0.29947  0.000089640 11.0
0.29948  0.000088738 11.0
0.29948  0.000087856 11.0
0.29942  0.000087197 11.0
0.29964  0.000078461 11.0
0.29931  0.000077709 11.0
0.30157  0.000085766 11.0
0.30142  0.000084578 11.0
0.30142  0.000083653 11.0
0.30142  0.000082748 11.0
0.30142  0.000081854 11.0
0.30143  0.000080959 11.0
0.30143  0.000080060 11.0
0.30143  0.000079175 11.0
0.30155  0.000034572 11.0
0.30155  0.000033419 11.0
0.30156  0.000032545 11.0
0.30156  0.000031752 11.0
0.30186  0.000094810 11.0
0.30189  0.000093532 11.0
0.30170  0.000092694 11.0
0.30190  0.000091701 11.0
0.30170  0.000090868 11.0
0.30188  0.000089969 11.0
0.30174  0.000089130 11.0
0.30179  0.000088049 11.0
0.30179  0.000087150 11.0
0.30180  0.000086424 11.0
0.30182  0.000078229 11.0
0.30211  0.000077679 11.0
0.30382  0.000085246 11.0
0.30373  0.000083988 11.0
0.30373  0.000083096 11.0
0.30374  0.000082201 11.0
0.30374  0.000081326 11.0
0.30374  0.000080387 11.0
0.30374  0.000079492 11.0
0.30386  0.000034810 11.0
0.30387  0.000033916 11.0
0.30387  0.000033009 11.0
0.30387  0.000031791 11.0
0.30424  0.000095288 11.0
0.30390  0.000094440 11.0
0.30409  0.000093478 11.0
0.30409  0.000092675 11.0
0.30410  0.000091694 11.0
0.30410  0.000090700 11.0
0.30391  0.000089881 11.0
0.30424  0.000088934 11.0
0.30411  0.000087959 11.0
0.30411  0.000087072 11.0
0.30411  0.000086373 11.0
0.30422  0.000078295 11.0
0.30609  0.000084900 11.0
0.30608  0.000083746 11.0
0.30609  0.000082876 11.0
0.30609  0.000081936 11.0
0.30609  0.000081024 11.0
0.30609  0.000080138 11.0
0.30610  0.000079243 11.0
0.30622  0.000034693 11.0
0.30622  0.000033778 11.0
0.30622  0.000032871 11.0
0.30621  0.000031728 11.0
0.30664  0.000095562 11.0
0.30640  0.000094361 11.0
0.30621  0.000094050 11.0
0.30660  0.000092886 11.0
0.30653  0.000091768 11.0
0.30632  0.000090978 11.0
0.30661  0.000090456 11.0
0.30665  0.000089152 11.0
0.30654  0.000087921 11.0
0.30654  0.000087035 11.0
0.30642  0.000086234 11.0
0.30670  0.000078465 11.0
0.30770  0.000031625 11.0
0.30812  0.000085707 11.0
0.30831  0.000084188 11.0
0.30862  0.000083189 11.0
0.30828  0.000082212 11.0
0.30837  0.000081256 11.0
0.30837  0.000080369 11.0
0.30833  0.000079565 11.0
0.30849  0.000034650 11.0
0.30849  0.000033765 11.0
0.30850  0.000032871 11.0
0.30881  0.000095991 11.0
0.30852  0.000095238 11.0
0.30872  0.000094414 11.0
0.30872  0.000093408 11.0
0.30872  0.000092513 11.0
0.30872  0.000091611 11.0
0.30873  0.000090692 11.0
0.30873  0.000089784 11.0
0.30873  0.000088910 11.0
0.30873  0.000088028 11.0
0.30874  0.000087093 11.0
0.30880  0.000078570 11.0
0.30966  0.000031669 11.0
0.31033  0.000086220 11.0
0.31028  0.000085164 11.0
0.31081  0.000084239 11.0
0.31072  0.000083100 11.0
0.31068  0.000082050 11.0
0.31068  0.000081176 11.0
0.31068  0.000080261 11.0
0.31069  0.000079364 11.0
0.31080  0.000034660 11.0
0.31081  0.000033765 11.0
0.31081  0.000032890 11.0
0.31116  0.000096298 11.0
0.31103  0.000095370 11.0
0.31084  0.000094600 11.0
0.31117  0.000093584 11.0
0.31103  0.000092696 11.0
0.31104  0.000091760 11.0
0.31104  0.000090885 11.0
0.31104  0.000090022 11.0
0.31104  0.000089096 11.0
0.31085  0.000088281 11.0
0.31119  0.000087315 11.0
0.31107  0.000078497 11.0
0.31201  0.000031734 11.0
0.31279  0.000086415 11.0
0.31251  0.000085359 11.0
0.31299  0.000084162 11.0
0.31299  0.000083069 11.0
0.31299  0.000082189 11.0
0.31299  0.000081282 11.0
0.31300  0.000080385 11.0
0.31300  0.000079490 11.0
0.31312  0.000034609 11.0
0.31312  0.000033697 11.0
0.31324  0.000032771 11.0
0.31349  0.000096299 11.0
0.31334  0.000095146 11.0
0.31315  0.000094339 11.0
0.31348  0.000093452 11.0
0.31335  0.000092455 11.0
0.31335  0.000091568 11.0
0.31335  0.000090693 11.0
0.31258  0.000090350 11.0
0.31336  0.000089348 11.0
0.31336  0.000088461 11.0
0.31336  0.000087567 11.0
0.31339  0.000078620 11.0
0.31430  0.000031622 11.0
0.31491  0.000086689 11.0
0.31491  0.000085747 11.0
0.31491  0.000084882 11.0
0.31544  0.000031378 11.0
0.31530  0.000083649 11.0
0.31565  0.000082548 11.0
0.31522  0.000081661 11.0
0.31531  0.000080682 11.0
0.31531  0.000079800 11.0
0.31520  0.000078952 11.0
0.31543  0.000034653 11.0
0.31544  0.000033739 11.0
0.31544  0.000032844 11.0
0.31565  0.000096686 11.0
0.31565  0.000095804 11.0
0.31566  0.000094902 11.0
0.31575  0.000093588 11.0
0.31566  0.000092337 11.0
0.31547  0.000091483 11.0
0.31601  0.000090749 11.0
0.31509  0.000090359 11.0
0.31567  0.000089380 11.0
0.31567  0.000088486 11.0
0.31568  0.000087611 11.0
0.31584  0.000078302 11.0
0.31683  0.000031697 11.0
0.31738  0.000086594 11.0
0.31722  0.000085399 11.0
0.31723  0.000084529 11.0
0.31762  0.000083562 11.0
0.31762  0.000082662 11.0
0.31762  0.000081775 11.0
0.31762  0.000080881 11.0
0.31766  0.000080049 11.0
0.31763  0.000079245 11.0
0.31775  0.000034658 11.0
0.31775  0.000033763 11.0
0.31775  0.000032869 11.0
0.31797  0.000096847 11.0
0.31797  0.000095928 11.0
0.31797  0.000095021 11.0
0.31797  0.000094166 11.0
0.31798  0.000093231 11.0
0.31798  0.000092347 11.0
0.31798  0.000091432 11.0
0.31798  0.000090548 11.0
0.31798  0.000089591 11.0
0.31799  0.000088748 11.0
0.31799  0.000087844 11.0
0.31812  0.000078354 11.0
0.31893  0.000031652 11.0
0.31965  0.000086561 11.0
0.31954  0.000085368 11.0
0.31954  0.000084484 11.0
0.32011  0.000031511 11.0
0.31985  0.000083436 11.0
0.31993  0.000082446 11.0
0.31993  0.000081576 11.0
0.31994  0.000080649 11.0
0.31994  0.000079762 11.0
0.32006  0.000034657 11.0
0.32006  0.000033770 11.0
0.32007  0.000032846 11.0
0.32028  0.000096827 11.0
0.32028  0.000095940 11.0
0.32028  0.000095045 11.0
0.32029  0.000094195 11.0
0.32029  0.000093241 11.0
0.32029  0.000091973 11.0
0.32030  0.000090820 11.0
0.32049  0.000090059 11.0
0.32020  0.000089124 11.0
0.32030  0.000088054 11.0
0.32050  0.000087391 11.0
0.32040  0.000078500 11.0
0.32182  0.000086166 11.0
0.32189  0.000085046 11.0
0.32189  0.000084160 11.0
0.32204  0.000031734 11.0
0.32249  0.000083056 11.0
0.32244  0.000081928 11.0
0.32231  0.000080830 11.0
0.32237  0.000079836 11.0
0.32263  0.000034577 11.0
0.32228  0.000033691 11.0
0.32273  0.000032748 11.0
0.32298  0.000096834 11.0
0.32298  0.000095939 11.0
0.32298  0.000095067 11.0
0.32299  0.000094198 11.0
0.32299  0.000093255 11.0
0.32299  0.000092360 11.0
0.32299  0.000091466 11.0
0.32300  0.000090576 11.0
0.32309  0.000089222 11.0
0.32300  0.000087987 11.0
0.32300  0.000087109 11.0
0.32312  0.000078453 11.0
0.32309  0.000077574 11.0
0.32335  0.000031339 11.0
0.32436  0.000086207 11.0
0.32417  0.000085054 11.0
0.32417  0.000084172 11.0
0.32470  0.000083343 11.0
0.32448  0.000082200 11.0
0.32456  0.000081252 11.0
0.32457  0.000080357 11.0
0.32468  0.000079573 11.0
0.32469  0.000034770 11.0
0.32469  0.000033886 11.0
0.32469  0.000032991 11.0
0.32485  0.000031830 11.0
0.32529  0.000096684 11.0
0.32530  0.000095777 11.0
0.32530  0.000094513 11.0
0.32530  0.000093349 11.0
0.32530  0.000092479 11.0
0.32550  0.000091685 11.0
0.32521  0.000090822 11.0
0.32531  0.000090347 11.0
0.32531  0.000089378 11.0
0.32532  0.000088483 11.0
0.32532  0.000087574 11.0
0.32542  0.000078727 11.0
0.32543  0.000077476 11.0
0.32648  0.000086669 11.0
0.32648  0.000085754 11.0
0.32648  0.000084892 11.0
0.32689  0.000083655 11.0
0.32687  0.000082593 11.0
0.32688  0.000081698 11.0
0.32668  0.000081013 11.0
0.32691  0.000080086 11.0
0.32720  0.000034606 11.0
0.32701  0.000033557 11.0
0.32697  0.000032717 11.0
0.32686  0.000031729 11.0
0.32761  0.000096537 11.0
0.32761  0.000095640 11.0
0.32761  0.000094745 11.0
0.32761  0.000093835 11.0
0.32762  0.000092941 11.0
0.32762  0.000092029 11.0
0.32762  0.000091142 11.0
0.32762  0.000090299 11.0
0.32763  0.000089340 11.0
0.32763  0.000088425 11.0
0.32763  0.000087538 11.0
0.32774  0.000079195 11.0
0.32766  0.000078244 11.0
0.32766  0.000077230 11.0
0.32866  0.000086476 11.0
0.32854  0.000085402 11.0
0.32860  0.000084447 11.0
0.32919  0.000083263 11.0
0.32907  0.000082056 11.0
0.32908  0.000081137 11.0
0.32908  0.000080252 11.0
0.32920  0.000034953 11.0
0.32920  0.000034070 11.0
0.32920  0.000033128 11.0
0.32922  0.000031921 11.0
0.32996  0.000096414 11.0
0.32996  0.000095520 11.0
0.32996  0.000094622 11.0
0.32997  0.000093647 11.0
0.32997  0.000092746 11.0
0.32997  0.000091852 11.0
0.32997  0.000090966 11.0
0.32998  0.000090074 11.0
0.32998  0.000089138 11.0
0.32998  0.000088243 11.0
0.32998  0.000087349 11.0
0.33021  0.000079514 11.0
0.33001  0.000078379 11.0
0.33001  0.000077484 11.0
0.33001  0.000076673 11.0
0.33029  0.000031548 11.0
0.33124  0.000086401 11.0
0.33103  0.000085259 11.0
0.33111  0.000084307 11.0
0.33159  0.000083049 11.0
0.33150  0.000081764 11.0
0.33151  0.000080877 11.0
0.33163  0.000035117 11.0
0.33163  0.000034205 11.0
0.33163  0.000033312 11.0
0.33183  0.000032231 11.0
0.33224  0.000096111 11.0
0.33224  0.000095209 11.0
0.33224  0.000094346 11.0
0.33224  0.000093377 11.0
0.33225  0.000092482 11.0
0.33225  0.000091600 11.0
0.33225  0.000090663 11.0
0.33225  0.000089749 11.0
0.33226  0.000088879 11.0
0.33226  0.000087992 11.0
0.33230  0.000087086 11.0
0.33220  0.000079793 11.0
0.33240  0.000078965 11.0
0.33224  0.000077895 11.0
0.33215  0.000076830 11.0
0.33241  0.000031678 11.0
0.33322  0.000076058 11.0
0.33361  0.000086297 11.0
0.33342  0.000085126 11.0
0.33343  0.000084239 11.0
0.33395  0.000083318 11.0
0.33382  0.000082343 11.0
0.33382  0.000081448 11.0
0.33382  0.000080559 11.0
0.33394  0.000035218 11.0
0.33394  0.000034331 11.0
0.33395  0.000033436 11.0
0.33395  0.000032556 11.0
0.33455  0.000095787 11.0
0.33455  0.000094892 11.0
0.33456  0.000094013 11.0
0.33456  0.000093103 11.0
0.33456  0.000092181 11.0
0.33448  0.000091165 11.0
0.33468  0.000090374 11.0
0.33449  0.000089326 11.0
0.33457  0.000088364 11.0
0.33469  0.000087547 11.0
0.33457  0.000079248 11.0
0.33460  0.000078168 11.0
0.33460  0.000077280 11.0
0.33472  0.000031752 11.0
0.33526  0.000075638 11.0
0.33587  0.000086755 11.0
0.33573  0.000085730 11.0
0.33574  0.000084840 11.0
0.33587  0.000076737 11.0
0.33626  0.000083965 11.0
0.33613  0.000082988 11.0
0.33613  0.000082101 11.0
0.33613  0.000081219 11.0
0.33614  0.000080297 11.0
0.33626  0.000035399 11.0
0.33626  0.000034504 11.0
0.33626  0.000033632 11.0
0.33626  0.000032715 11.0
0.33682  0.000075163 11.0
0.33667  0.000095518 11.0
0.33668  0.000094623 11.0
0.33668  0.000093663 11.0
0.33668  0.000092763 11.0
0.33668  0.000091880 11.0
0.33668  0.000090985 11.0
0.33669  0.000090123 11.0
0.33669  0.000089190 11.0
0.33669  0.000088272 11.0
0.33669  0.000087362 11.0
0.33684  0.000079385 11.0
0.33672  0.000078410 11.0
0.33672  0.000077506 11.0
0.33684  0.000031850 11.0
0.33829  0.000086460 11.0
0.33809  0.000085191 11.0
0.33827  0.000076424 11.0
0.33857  0.000084156 11.0
0.33856  0.000083216 11.0
0.33856  0.000082283 11.0
0.33856  0.000081373 11.0
0.33856  0.000080488 11.0
0.33887  0.000035385 11.0
0.33869  0.000034354 11.0
0.33869  0.000033427 11.0
0.33869  0.000032535 11.0
0.33918  0.000095068 11.0
0.33918  0.000094173 11.0
0.33919  0.000093226 11.0
0.33919  0.000092332 11.0
0.33919  0.000091457 11.0
0.33919  0.000090545 11.0
0.33911  0.000089445 11.0
0.33920  0.000088505 11.0
0.33932  0.000087704 11.0
0.33941  0.000079725 11.0
0.33922  0.000078611 11.0
0.33923  0.000077717 11.0
0.33923  0.000075218 11.0
0.33943  0.000031819 11.0
0.33972  0.000074070 11.0
0.34055  0.000086937 11.0
0.34036  0.000085751 11.0
0.34037  0.000084876 11.0
0.34058  0.000077064 11.0
0.34058  0.000075913 11.0
0.34089  0.000084042 11.0
0.34076  0.000083012 11.0
0.34076  0.000082117 11.0
0.34076  0.000081223 11.0
0.34108  0.000035520 11.0
0.34089  0.000034401 11.0
0.34089  0.000033509 11.0
0.34089  0.000032627 11.0
0.34150  0.000094580 11.0
0.34150  0.000093628 11.0
0.34150  0.000092773 11.0
0.34150  0.000091869 11.0
0.34151  0.000090937 11.0
0.34151  0.000090075 11.0
0.34151  0.000089150 11.0
0.34151  0.000088245 11.0
0.34173  0.000080373 11.0
0.34154  0.000079289 11.0
0.34154  0.000078390 11.0
0.34174  0.000074979 11.0
0.34191  0.000031987 11.0
0.34194  0.000073820 11.0
0.34246  0.000073061 11.0
0.34287  0.000087369 11.0
0.34268  0.000086265 11.0
0.34268  0.000085328 11.0
0.34289  0.000077503 11.0
0.34270  0.000076359 11.0
0.34290  0.000075428 11.0
0.34320  0.000084376 11.0
0.34307  0.000083384 11.0
0.34307  0.000082490 11.0
0.34307  0.000081602 11.0
0.34328  0.000035592 11.0
0.34320  0.000034353 11.0
0.34320  0.000033471 11.0
0.34340  0.000032713 11.0
0.34381  0.000094115 11.0
0.34381  0.000093188 11.0
0.34382  0.000092283 11.0
0.34382  0.000091386 11.0
0.34382  0.000090504 11.0
0.34382  0.000089540 11.0
0.34383  0.000088652 11.0
0.34404  0.000080704 11.0
0.34385  0.000079632 11.0
0.34385  0.000078737 11.0
0.34398  0.000032125 11.0
0.34431  0.000074532 11.0
0.34478  0.000073378 11.0
0.34474  0.000072235 11.0
0.34518  0.000087683 11.0
0.34499  0.000086565 11.0
0.34499  0.000085613 11.0
0.34520  0.000077792 11.0
0.34501  0.000076617 11.0
0.34502  0.000075730 11.0
0.34543  0.000084601 11.0
0.34538  0.000083558 11.0
0.34538  0.000082675 11.0
0.34550  0.000081858 11.0
0.34570  0.000035943 11.0
0.34551  0.000034875 11.0
0.34532  0.000034166 11.0
0.34532  0.000033482 11.0
0.34613  0.000093429 11.0
0.34613  0.000092553 11.0
0.34613  0.000091659 11.0
0.34605  0.000090698 11.0
0.34625  0.000089757 11.0
0.34614  0.000088925 11.0
0.34627  0.000080956 11.0
0.34616  0.000079805 11.0
0.34628  0.000079010 11.0
0.34629  0.000032364 11.0
0.34672  0.000074809 11.0
0.34657  0.000071428 11.0
0.34709  0.000073478 11.0
0.34695  0.000072499 11.0
0.34749  0.000087952 11.0
0.34730  0.000086815 11.0
0.34730  0.000085927 11.0
0.34752  0.000078050 11.0
0.34733  0.000076922 11.0
0.34733  0.000076027 11.0
0.34783  0.000084963 11.0
0.34769  0.000084012 11.0
0.34770  0.000083115 11.0
0.34751  0.000082305 11.0
0.34791  0.000036080 11.0
0.34783  0.000034878 11.0
0.34783  0.000034389 11.0
0.34788  0.000033402 11.0
0.34844  0.000092801 11.0
0.34844  0.000091912 11.0
0.34845  0.000090995 11.0
0.34845  0.000090103 11.0
0.34845  0.000089173 11.0
0.34867  0.000081304 11.0
0.34848  0.000080197 11.0
0.34848  0.000079282 11.0
0.34859  0.000070730 11.0
0.34852  0.000032307 11.0
0.34903  0.000074986 11.0
0.34940  0.000073762 11.0
0.34927  0.000072784 11.0
0.34927  0.000071897 11.0
0.34980  0.000088194 11.0
0.34961  0.000087051 11.0
0.34962  0.000086191 11.0
0.34983  0.000078288 11.0
0.34964  0.000077157 11.0
0.34964  0.000076265 11.0
0.35014  0.000085248 11.0
0.35001  0.000084247 11.0
0.35001  0.000083328 11.0
0.35001  0.000082438 11.0
0.35024  0.000036482 11.0
0.35014  0.000035608 11.0
0.35014  0.000034501 11.0
0.35014  0.000033308 11.0
0.35026  0.000032567 11.0
0.35052  0.000069456 11.0
0.35076  0.000092147 11.0
0.35076  0.000091235 11.0
0.35076  0.000090368 11.0
0.35077  0.000089419 11.0
0.35098  0.000081461 11.0
0.35079  0.000080395 11.0
0.35079  0.000079503 11.0
0.35092  0.000070899 11.0
0.35134  0.000075221 11.0
0.35172  0.000073928 11.0
0.35158  0.000072947 11.0
0.35158  0.000072045 11.0
0.35212  0.000088390 11.0
0.35193  0.000087259 11.0
0.35193  0.000086379 11.0
0.35214  0.000078503 11.0
0.35195  0.000077348 11.0
0.35176  0.000076524 11.0
0.35237  0.000085263 11.0
0.35232  0.000084219 11.0
0.35232  0.000083332 11.0
0.35244  0.000082512 11.0
0.35243  0.000068546 11.0
0.35259  0.000036903 11.0
0.35252  0.000035726 11.0
0.35245  0.000034624 11.0
0.35234  0.000033805 11.0
0.35246  0.000032914 11.0
0.35150  0.000032487 11.0
0.35265  0.000069618 11.0
0.35296  0.000091429 11.0
0.35296  0.000090549 11.0
0.35269  0.000089695 11.0
0.35298  0.000081593 11.0
0.35299  0.000080684 11.0
0.35299  0.000079798 11.0
0.35318  0.000071031 11.0
0.35313  0.000069972 11.0
0.35357  0.000075355 11.0
0.35408  0.000074162 11.0
0.35393  0.000073175 11.0
0.35393  0.000072283 11.0
0.35447  0.000088642 11.0
0.35436  0.000087373 11.0
0.35436  0.000086454 11.0
0.35451  0.000078570 11.0
0.35438  0.000077379 11.0
0.35439  0.000076488 11.0
0.35454  0.000067694 11.0
0.35507  0.000085221 11.0
0.35502  0.000084201 11.0
0.35502  0.000083304 11.0
0.35503  0.000082385 11.0
0.35511  0.000068980 11.0
0.35524  0.000036993 11.0
0.35515  0.000035742 11.0
0.35515  0.000034865 11.0
0.35535  0.000034176 11.0
0.35509  0.000033273 11.0
0.35535  0.000032561 11.0
0.35539  0.000090658 11.0
0.35501  0.000089890 11.0
0.35545  0.000081110 11.0
0.35542  0.000079939 11.0
0.35561  0.000079060 11.0
0.35555  0.000071176 11.0
0.35525  0.000070148 11.0
0.35565  0.000066756 11.0
0.35597  0.000075439 11.0
0.35634  0.000074165 11.0
0.35621  0.000073167 11.0
0.35621  0.000072285 11.0
0.35664  0.000088750 11.0
0.35656  0.000087471 11.0
0.35656  0.000086569 11.0
0.35624  0.000085836 11.0
0.35670  0.000077844 11.0
0.35658  0.000076646 11.0
0.35684  0.000068036 11.0
0.35705  0.000065646 11.0
0.35740  0.000084941 11.0
0.35734  0.000083783 11.0
0.35734  0.000082881 11.0
0.35734  0.000081989 11.0
0.35731  0.000069696 11.0
0.35755  0.000037603 11.0
0.35746  0.000036345 11.0
0.35758  0.000035453 11.0
0.35747  0.000034616 11.0
0.35747  0.000033728 11.0
0.35728  0.000032887 11.0
0.35713  0.000089981 11.0
0.35783  0.000080895 11.0
0.35787  0.000079820 11.0
0.35774  0.000078825 11.0
0.35795  0.000070975 11.0
0.35791  0.000066733 11.0
0.35819  0.000075420 11.0
0.35827  0.000064817 11.0
0.35866  0.000074470 11.0
0.35852  0.000073375 11.0
0.35852  0.000072508 11.0
0.35872  0.000071830 11.0
0.35886  0.000089121 11.0
0.35887  0.000088211 11.0
0.35879  0.000087197 11.0
0.35899  0.000086366 11.0
0.35901  0.000077594 11.0
0.35901  0.000076463 11.0
0.35904  0.000068492 11.0
0.35940  0.000085469 11.0
0.35947  0.000063860 11.0
0.35965  0.000084484 11.0
0.35965  0.000083579 11.0
0.35965  0.000082684 11.0
0.35966  0.000081802 11.0
0.35988  0.000069496 11.0
0.35978  0.000067429 11.0
0.35984  0.000065805 11.0
0.35986  0.000038294 11.0
0.35978  0.000037038 11.0
0.35989  0.000036207 11.0
0.35970  0.000035329 11.0
0.35978  0.000034349 11.0
0.35979  0.000033487 11.0
0.35998  0.000032951 11.0
0.36013  0.000080791 11.0
0.36018  0.000079741 11.0
0.36005  0.000078783 11.0
0.36022  0.000070947 11.0
0.35911  0.000070179 11.0
0.36047  0.000066453 11.0
0.36067  0.000062770 11.0
0.36064  0.000075390 11.0
0.36064  0.000074253 11.0
0.36064  0.000073266 11.0
0.36077  0.000072222 11.0
0.36107  0.000088295 11.0
0.36107  0.000087401 11.0
0.36107  0.000086515 11.0
0.36129  0.000077624 11.0
0.36110  0.000076543 11.0
0.36144  0.000061960 11.0
0.36154  0.000085508 11.0
0.36176  0.000068457 11.0
0.36169  0.000064733 11.0
0.36183  0.000063623 11.0
0.36209  0.000084498 11.0
0.36200  0.000083524 11.0
0.36187  0.000082752 11.0
0.36210  0.000081784 11.0
0.36204  0.000069600 11.0
0.36205  0.000067301 11.0
0.36232  0.000039148 11.0
0.36213  0.000037957 11.0
0.36213  0.000037023 11.0
0.36213  0.000036138 11.0
0.36213  0.000035243 11.0
0.36214  0.000034340 11.0
0.36197  0.000033434 11.0
0.36266  0.000080550 11.0
0.36248  0.000079513 11.0
0.36248  0.000078618 11.0
0.36267  0.000070787 11.0
0.36270  0.000066221 11.0
0.36281  0.000033230 11.0
0.36305  0.000075395 11.0
0.36315  0.000074365 11.0
0.36325  0.000073254 11.0
0.36315  0.000072221 11.0
0.36335  0.000071441 11.0
0.36322  0.000060979 11.0
0.36330  0.000087287 11.0
0.36350  0.000086463 11.0
0.36362  0.000077607 11.0
0.36353  0.000076545 11.0
0.36347  0.000062580 11.0
0.36397  0.000085391 11.0
0.36393  0.000068553 11.0
0.36401  0.000064832 11.0
0.36395  0.000063742 11.0
0.36436  0.000084330 11.0
0.36428  0.000083364 11.0
0.36428  0.000082450 11.0
0.36428  0.000081565 11.0
0.36441  0.000067222 11.0
0.36443  0.000059677 11.0
0.36448  0.000039820 11.0
0.36451  0.000038621 11.0
0.36432  0.000037735 11.0
0.36440  0.000036758 11.0
0.36441  0.000035889 11.0
0.36452  0.000034995 11.0
0.36433  0.000034122 11.0
0.36481  0.000080741 11.0
0.36467  0.000079743 11.0
0.36468  0.000078836 11.0
0.36472  0.000070198 11.0
0.36485  0.000066363 11.0
0.36492  0.000061677 11.0
0.36480  0.000033391 11.0
0.36539  0.000075953 11.0
0.36546  0.000074835 11.0
0.36542  0.000074061 11.0
0.36549  0.000073094 11.0
0.36543  0.000072274 11.0
0.36547  0.000071398 11.0
0.36582  0.000060759 11.0
0.36543  0.000086251 11.0
0.36593  0.000077480 11.0
0.36605  0.000069243 11.0
0.36603  0.000062971 11.0
0.36598  0.000058462 11.0
0.36623  0.000085276 11.0
0.36625  0.000068043 11.0
0.36632  0.000065595 11.0
0.36626  0.000064469 11.0
0.36626  0.000063893 11.0
0.36669  0.000084091 11.0
0.36673  0.000082977 11.0
0.36660  0.000082012 11.0
0.36686  0.000057543 11.0
0.36686  0.000040660 11.0
0.36663  0.000039387 11.0
0.36671  0.000038423 11.0
0.36672  0.000037528 11.0
0.36672  0.000036656 11.0
0.36672  0.000035739 11.0
0.36672  0.000034844 11.0
0.36673  0.000033962 11.0
0.36705  0.000081360 11.0
0.36707  0.000080255 11.0
0.36699  0.000079253 11.0
0.36703  0.000078423 11.0
0.36704  0.000070629 11.0
0.36712  0.000066918 11.0
0.36717  0.000061634 11.0
0.36707  0.000059774 11.0
0.36789  0.000076118 11.0
0.36777  0.000074954 11.0
0.36789  0.000074142 11.0
0.36769  0.000073200 11.0
0.36778  0.000072215 11.0
0.36790  0.000071385 11.0
0.36811  0.000060777 11.0
0.36794  0.000056395 11.0
0.36829  0.000077432 11.0
0.36821  0.000069234 11.0
0.36823  0.000062946 11.0
0.36836  0.000033825 11.0
0.36813  0.000084834 11.0
0.36871  0.000067896 11.0
0.36868  0.000065263 11.0
0.36857  0.000064143 11.0
0.36874  0.000058920 11.0
0.36879  0.000055483 11.0
0.36888  0.000083786 11.0
0.36872  0.000082717 11.0
0.36876  0.000066458 11.0
0.36869  0.000057768 11.0
0.36887  0.000041379 11.0
0.36883  0.000040222 11.0
0.36883  0.000039327 11.0
0.36883  0.000038462 11.0
0.36884  0.000037556 11.0
0.36884  0.000036640 11.0
0.36884  0.000035748 11.0
0.36884  0.000034854 11.0
0.36918  0.000081697 11.0
0.36918  0.000080769 11.0
0.36919  0.000079884 11.0
0.36919  0.000078989 11.0
0.36911  0.000078298 11.0
0.36921  0.000070417 11.0
0.36970  0.000062048 11.0
0.36985  0.000054372 11.0
0.37013  0.000076096 11.0
0.37012  0.000074942 11.0
0.37013  0.000074052 11.0
0.37013  0.000073144 11.0
0.37013  0.000072249 11.0
0.37013  0.000071355 11.0
0.37036  0.000067108 11.0
0.37017  0.000060776 11.0
0.37032  0.000059694 11.0
0.37027  0.000057111 11.0
0.37042  0.000042331 11.0
0.37075  0.000077488 11.0
0.37073  0.000069192 11.0
0.37081  0.000063011 11.0
0.37065  0.000053298 11.0
0.37071  0.000034110 11.0
0.37083  0.000083421 11.0
0.37122  0.000082560 11.0
0.37142  0.000065631 11.0
0.37127  0.000064441 11.0
0.37127  0.000063601 11.0
0.37139  0.000058543 11.0
0.37145  0.000055762 11.0
0.37139  0.000052590 11.0
0.37152  0.000043240 11.0
0.37147  0.000041271 11.0
0.37134  0.000040261 11.0
0.37134  0.000039366 11.0
0.37134  0.000038447 11.0
0.37144  0.000037384 11.0
0.37135  0.000036359 11.0
0.37135  0.000035484 11.0
0.37145  0.000034674 11.0
0.37176  0.000081613 11.0
0.37161  0.000080544 11.0
0.37162  0.000079674 11.0
0.37162  0.000078752 11.0
0.37183  0.000070219 11.0
0.37184  0.000068226 11.0
0.37216  0.000061798 11.0
0.37221  0.000054454 11.0
0.37218  0.000051563 11.0
0.37242  0.000076000 11.0
0.37243  0.000074788 11.0
0.37240  0.000073978 11.0
0.37241  0.000073020 11.0
0.37241  0.000072020 11.0
0.37241  0.000071287 11.0
0.37261  0.000066974 11.0
0.37258  0.000060607 11.0
0.37240  0.000059628 11.0
0.37256  0.000057159 11.0
0.37268  0.000044068 11.0
0.37287  0.000042159 11.0
0.37282  0.000077467 11.0
0.37285  0.000050531 11.0
0.37315  0.000053318 11.0
0.37324  0.000049593 11.0
0.37328  0.000034408 11.0
0.37360  0.000065338 11.0
0.37359  0.000064229 11.0
0.37359  0.000063280 11.0
0.37371  0.000062437 11.0
0.37379  0.000059011 11.0
0.37380  0.000058016 11.0
0.37376  0.000055625 11.0
0.37378  0.000048403 11.0
0.37373  0.000044994 11.0
0.37400  0.000043002 11.0
0.37374  0.000041160 11.0
0.37365  0.000040109 11.0
0.37365  0.000039199 11.0
0.37366  0.000038297 11.0
0.37366  0.000037402 11.0
0.37366  0.000036515 11.0
0.37366  0.000035578 11.0
0.37399  0.000034877 11.0
0.37354  0.000081799 11.0
0.37393  0.000080966 11.0
0.37389  0.000080121 11.0
0.37393  0.000079279 11.0
0.37397  0.000078451 11.0
0.37405  0.000070442 11.0
0.37399  0.000069251 11.0
0.37396  0.000068297 11.0
0.37376  0.000047233 11.0
0.37458  0.000054333 11.0
0.37458  0.000052501 11.0
0.37439  0.000051403 11.0
0.37460  0.000046254 11.0
0.37473  0.000076291 11.0
0.37474  0.000075073 11.0
0.37468  0.000074216 11.0
0.37475  0.000073273 11.0
0.37472  0.000072288 11.0
0.37468  0.000071464 11.0
0.37484  0.000067066 11.0
0.37478  0.000066007 11.0
0.37494  0.000061546 11.0
0.37475  0.000060414 11.0
0.37495  0.000059429 11.0
0.37491  0.000057144 11.0
0.37496  0.000056085 11.0
0.37529  0.000077768 11.0
0.37525  0.000050604 11.0
0.37589  0.000053159 11.0
0.37569  0.000049447 11.0
0.37572  0.000044125 11.0
0.37601  0.000064842 11.0
0.37593  0.000063634 11.0
0.37590  0.000062675 11.0
0.37611  0.000058401 11.0
0.37609  0.000048370 11.0
0.37621  0.000045178 11.0
0.37609  0.000042929 11.0
0.37596  0.000041949 11.0
0.37596  0.000041010 11.0
0.37596  0.000040086 11.0
0.37597  0.000039191 11.0
0.37597  0.000038296 11.0
0.37597  0.000037399 11.0
0.37597  0.000036510 11.0
0.37598  0.000035612 11.0
0.37584  0.000034782 11.0
0.37566  0.000080424 11.0
0.37627  0.000079545 11.0
0.37644  0.000078629 11.0
0.37642  0.000070736 11.0
0.37627  0.000069459 11.0
0.37627  0.000068540 11.0
0.37639  0.000067685 11.0
0.37646  0.000055578 11.0
0.37647  0.000047232 11.0
0.37673  0.000054140 11.0
0.37666  0.000052051 11.0
0.37672  0.000046312 11.0
0.37718  0.000076557 11.0
0.37703  0.000075349 11.0
0.37703  0.000074469 11.0
0.37703  0.000073488 11.0
0.37703  0.000072588 11.0
0.37704  0.000071845 11.0
0.37720  0.000066722 11.0
0.37725  0.000065651 11.0
0.37709  0.000061262 11.0
0.37707  0.000060140 11.0
0.37726  0.000059395 11.0
0.37727  0.000056990 11.0
0.37754  0.000077593 11.0
0.37754  0.000050784 11.0
0.37800  0.000049679 11.0
0.37836  0.000064762 11.0
0.37822  0.000063718 11.0
0.37822  0.000062834 11.0
0.37826  0.000061968 11.0
0.37837  0.000058518 11.0
0.37842  0.000057456 11.0
0.37840  0.000053038 11.0
0.37845  0.000048410 11.0
0.37835  0.000044924 11.0
0.37827  0.000043664 11.0
0.37827  0.000042791 11.0
0.37827  0.000041864 11.0
0.37828  0.000040972 11.0
0.37828  0.000040085 11.0
0.37828  0.000039190 11.0
0.37828  0.000038251 11.0
0.37817  0.000037416 11.0
0.37837  0.000036538 11.0
0.37829  0.000035599 11.0
0.37771  0.000035090 11.0
0.37817  0.000078819 11.0
0.37876  0.000077958 11.0
0.37863  0.000070942 11.0
0.37867  0.000069249 11.0
0.37859  0.000067993 11.0
0.37878  0.000055756 11.0
0.37863  0.000054553 11.0
0.37864  0.000047267 11.0
0.37916  0.000051758 11.0
0.37903  0.000046401 11.0
0.37943  0.000075958 11.0
0.37934  0.000074680 11.0
0.37934  0.000073885 11.0
0.37935  0.000072981 11.0
0.37935  0.000072105 11.0
0.37956  0.000066969 11.0
0.37933  0.000065897 11.0
0.37950  0.000060736 11.0
0.37938  0.000059563 11.0
0.38006  0.000057064 11.0
0.38011  0.000077088 11.0
0.38029  0.000050734 11.0
0.38018  0.000049426 11.0
0.38072  0.000065183 11.0
0.38053  0.000064118 11.0
0.38053  0.000063203 11.0
0.38053  0.000062299 11.0
0.38073  0.000061481 11.0
0.38074  0.000058164 11.0
0.38063  0.000053573 11.0
0.38067  0.000052460 11.0
0.38055  0.000048179 11.0
0.38069  0.000045457 11.0
0.38058  0.000044409 11.0
0.38047  0.000043597 11.0
0.38059  0.000042744 11.0
0.38049  0.000042097 11.0
0.38064  0.000041035 11.0
0.38040  0.000040129 11.0
0.38073  0.000039196 11.0
0.38060  0.000038238 11.0
0.38060  0.000037351 11.0
0.38060  0.000036464 11.0
0.38028  0.000035674 11.0
0.38104  0.000071248 11.0
0.38090  0.000070127 11.0
0.38090  0.000069185 11.0
0.38090  0.000068293 11.0
0.38113  0.000055871 11.0
0.38094  0.000054761 11.0
0.38154  0.000046660 11.0
0.38163  0.000075865 11.0
0.38166  0.000074873 11.0
0.38166  0.000073991 11.0
0.38166  0.000073086 11.0
0.38170  0.000072214 11.0
0.38175  0.000067050 11.0
0.38162  0.000066148 11.0
0.38179  0.000060819 11.0
0.38170  0.000059639 11.0
0.38189  0.000058898 11.0
0.38201  0.000051925 11.0
0.38199  0.000047701 11.0
0.38238  0.000056724 11.0
0.38249  0.000050347 11.0
0.38250  0.000049130 11.0
0.38292  0.000065287 11.0
0.38284  0.000064291 11.0
0.38284  0.000063195 11.0
0.38285  0.000062176 11.0
0.38294  0.000058072 11.0
0.38290  0.000053348 11.0
0.38299  0.000045316 11.0
0.38290  0.000044274 11.0
0.38287  0.000043247 11.0
0.38294  0.000042419 11.0
0.38288  0.000041437 11.0
0.38291  0.000040489 11.0
0.38291  0.000039602 11.0
0.38291  0.000038717 11.0
0.38291  0.000037822 11.0
0.38305  0.000036878 11.0
0.38256  0.000036065 11.0
0.38336  0.000071023 11.0
0.38317  0.000069887 11.0
0.38321  0.000069063 11.0
0.38322  0.000068168 11.0
0.38333  0.000054957 11.0
0.38332  0.000053980 11.0
0.38381  0.000046462 11.0
0.38339  0.000074850 11.0
0.38378  0.000074110 11.0
0.38397  0.000073252 11.0
0.38398  0.000072318 11.0
0.38399  0.000067072 11.0
0.38411  0.000066128 11.0
0.38401  0.000060960 11.0
0.38401  0.000059741 11.0
0.38413  0.000058886 11.0
0.38403  0.000051908 11.0
0.38404  0.000048262 11.0
0.38411  0.000047365 11.0
0.38451  0.000056893 11.0
0.38452  0.000055844 11.0
0.38478  0.000050687 11.0
0.38462  0.000049495 11.0
0.38509  0.000065230 11.0
0.38518  0.000064036 11.0
0.38504  0.000062971 11.0
0.38478  0.000062170 11.0
0.38524  0.000057971 11.0
0.38512  0.000045254 11.0
0.38509  0.000044154 11.0
0.38510  0.000043259 11.0
0.38510  0.000042397 11.0
0.38510  0.000041410 11.0
0.38510  0.000040537 11.0
0.38511  0.000039651 11.0
0.38511  0.000038756 11.0
0.38511  0.000037883 11.0
0.38529  0.000036947 11.0
0.38427  0.000036505 11.0
0.38559  0.000071002 11.0
0.38520  0.000069944 11.0
0.38561  0.000068969 11.0
0.38549  0.000067921 11.0
0.38563  0.000054919 11.0
0.38553  0.000053864 11.0
0.38553  0.000052948 11.0
0.38604  0.000046696 11.0
0.38571  0.000072812 11.0
0.38623  0.000071967 11.0
0.38644  0.000066727 11.0
0.38646  0.000061260 11.0
0.38644  0.000060168 11.0
0.38644  0.000059273 11.0
0.38654  0.000052185 11.0
0.38649  0.000048593 11.0
0.38655  0.000047576 11.0
0.38717  0.000056311 11.0
0.38721  0.000050786 11.0
0.38716  0.000049447 11.0
0.38753  0.000065517 11.0
0.38747  0.000064412 11.0
0.38747  0.000063520 11.0
0.38751  0.000062699 11.0
0.38759  0.000061858 11.0
0.38751  0.000058502 11.0
0.38749  0.000057503 11.0
0.38767  0.000045456 11.0
0.38752  0.000044407 11.0
0.38733  0.000043590 11.0
0.38772  0.000042796 11.0
0.38714  0.000042094 11.0
0.38772  0.000041033 11.0
0.38753  0.000040045 11.0
0.38742  0.000039233 11.0
0.38735  0.000038490 11.0
0.38754  0.000037312 11.0
0.38759  0.000070558 11.0
0.38784  0.000069422 11.0
0.38784  0.000068537 11.0
0.38785  0.000067650 11.0
0.38807  0.000055353 11.0
0.38788  0.000054292 11.0
0.38788  0.000053363 11.0
0.38829  0.000046787 11.0
0.38879  0.000060838 11.0
0.38864  0.000059613 11.0
0.38885  0.000052645 11.0
0.38878  0.000051579 11.0
0.38876  0.000048262 11.0
0.38916  0.000066717 11.0
0.38956  0.000056678 11.0
0.38950  0.000050341 11.0
0.38953  0.000049290 11.0
0.38987  0.000065025 11.0
0.38982  0.000063841 11.0
0.38979  0.000062992 11.0
0.38979  0.000062100 11.0
0.38994  0.000058832 11.0
0.38980  0.000057751 11.0
0.38990  0.000045334 11.0
0.38984  0.000044217 11.0
0.38984  0.000043313 11.0
0.38984  0.000042446 11.0
0.38984  0.000041516 11.0
0.38985  0.000040639 11.0
0.38985  0.000039732 11.0
0.38985  0.000038832 11.0
0.38979  0.000037854 11.0
0.38938  0.000069009 11.0
0.38977  0.000068125 11.0
0.39033  0.000055642 11.0
0.39019  0.000054670 11.0
0.39031  0.000053794 11.0
0.39024  0.000037473 11.0
0.39066  0.000047131 11.0
0.39070  0.000046210 11.0
0.39109  0.000061124 11.0
0.39095  0.000060047 11.0
0.39111  0.000052914 11.0
0.39078  0.000052001 11.0
0.39123  0.000051141 11.0
0.39113  0.000048413 11.0
0.39089  0.000066906 11.0
0.39144  0.000065889 11.0
0.39183  0.000056837 11.0
0.39194  0.000050326 11.0
0.39187  0.000049305 11.0
0.39210  0.000064885 11.0
0.39210  0.000063981 11.0
0.39210  0.000063094 11.0
0.39210  0.000062211 11.0
0.39223  0.000058914 11.0
0.39208  0.000057807 11.0
0.39229  0.000045233 11.0
0.39215  0.000044155 11.0
0.39215  0.000043263 11.0
0.39216  0.000042395 11.0
0.39216  0.000041460 11.0
0.39212  0.000040660 11.0
0.39219  0.000039751 11.0
0.39217  0.000038789 11.0
0.39188  0.000038181 11.0
0.39260  0.000055719 11.0
0.39251  0.000054652 11.0
0.39261  0.000053950 11.0
0.39282  0.000047089 11.0
0.39272  0.000046051 11.0
0.39324  0.000060782 11.0
0.39333  0.000059589 11.0
0.39326  0.000052696 11.0
0.39317  0.000051458 11.0
0.39336  0.000048232 11.0
0.39419  0.000050331 11.0
0.39410  0.000049278 11.0
0.39345  0.000064013 11.0
0.39409  0.000062825 11.0
0.39432  0.000061921 11.0
0.39472  0.000058445 11.0
0.39455  0.000057270 11.0
0.39455  0.000056378 11.0
0.39471  0.000044842 11.0
0.39458  0.000043794 11.0
0.39458  0.000042905 11.0
0.39459  0.000042024 11.0
0.39461  0.000040901 11.0
0.39459  0.000039842 11.0
0.39400  0.000039093 11.0
0.39529  0.000055588 11.0
0.39521  0.000054568 11.0
0.39521  0.000053649 11.0
0.39525  0.000046660 11.0
0.39533  0.000045639 11.0
0.39538  0.000060546 11.0
0.39570  0.000059467 11.0
0.39572  0.000052360 11.0
0.39556  0.000051258 11.0
0.39561  0.000048021 11.0
0.39638  0.000050322 11.0
0.39638  0.000049261 11.0
0.39657  0.000048555 11.0
0.39672  0.000058147 11.0
0.39674  0.000057004 11.0
0.39678  0.000044516 11.0
0.39678  0.000043455 11.0
0.39678  0.000042566 11.0
0.39692  0.000041567 11.0
0.39665  0.000040645 11.0
0.39583  0.000040081 11.0
0.39771  0.000056104 11.0
0.39744  0.000054891 11.0
0.39762  0.000054126 11.0
0.39753  0.000053276 11.0
0.39762  0.000047069 11.0
0.39754  0.000046164 11.0
0.39759  0.000045224 11.0
0.39693  0.000058942 11.0
0.39791  0.000052389 11.0
0.39792  0.000051484 11.0
0.39845  0.000048057 11.0
0.39888  0.000050700 11.0
0.39869  0.000049561 11.0
0.39869  0.000048792 11.0
0.39809  0.000057451 11.0
0.39918  0.000043799 11.0
0.39910  0.000042565 11.0
0.39898  0.000041832 11.0
0.39814  0.000041273 11.0
0.39906  0.000055952 11.0
0.39926  0.000055065 11.0
0.39945  0.000054252 11.0
0.39992  0.000053231 11.0
0.40001  0.000046961 11.0
0.39986  0.000045741 11.0
0.39982  0.000044884 11.0
0.40038  0.000051967 11.0
0.40075  0.000050569 11.0
0.40081  0.000049567 11.0
0.40082  0.000048680 11.0
0.40095  0.000048007 11.0
0.40110  0.000043743 11.0
0.40045  0.000042763 11.0
0.40232  0.000046906 11.0
0.40217  0.000045984 11.0
0.40231  0.000045117 11.0
0.40158  0.000051635 11.0
0.40235  0.000049995 11.0
0.40255  0.000049025 11.0
0.40255  0.000048131 11.0
0.40352  0.000046006 11.0
