0.21961  0.00010103 12.0
0.21962  0.00010014 12.0
0.21962  0.000099245 12.0
0.21962  0.000098350 12.0
0.21962  0.000097456 12.0
0.21963  0.000096561 12.0
0.21963  0.000095667 12.0
0.21963  0.000094772 12.0
0.21963  0.000093877 12.0
0.21964  0.000092983 12.0
0.21964  0.000092088 12.0
0.21964  0.000091193 12.0
0.21964  0.000090299 12.0
0.21965  0.000089404 12.0
0.21965  0.000088509 12.0
0.21965  0.000087615 12.0
0.21965  0.000086720 12.0
0.21966  0.000085826 12.0
0.21966  0.000084931 12.0
0.21966  0.000084036 12.0
0.21966  0.000083142 12.0
0.21966  0.000082247 12.0
0.21967  0.000081352 12.0
0.21967  0.000080458 12.0
0.21967  0.000079563 12.0
0.21967  0.000078668 12.0
0.21968  0.000077774 12.0
0.21968  0.000076879 12.0
0.21968  0.000075985 12.0
0.21968  0.000075090 12.0
0.21969  0.000074195 12.0
0.21969  0.000073301 12.0
0.21969  0.000072406 12.0
0.21969  0.000071511 12.0
0.21970  0.000070617 12.0
0.21970  0.000069722 12.0
0.21970  0.000068827 12.0
0.21970  0.000067933 12.0
0.21971  0.000067038 12.0
0.21971  0.000066144 12.0
0.21971  0.000065249 12.0
0.21971  0.000064354 12.0
0.21972  0.000063460 12.0
0.21972  0.000062565 12.0
0.21972  0.000061670 12.0
0.21972  0.000060776 12.0
0.21972  0.000059881 12.0
0.21973  0.000058986 12.0
0.21973  0.000058092 12.0
0.21973  0.000057197 12.0
0.21973  0.000056303 12.0
0.21974  0.000055408 12.0
0.21974  0.000054513 12.0
0.21974  0.000053619 12.0
0.21974  0.000052724 12.0
0.21975  0.000051829 12.0
0.21975  0.000050935 12.0
0.21975  0.000050040 12.0
0.21975  0.000049145 12.0
0.21976  0.000048251 12.0
0.21976  0.000047356 12.0
0.21976  0.000046462 12.0
0.21976  0.000045567 12.0
0.21977  0.000044672 12.0
0.21977  0.000043778 12.0
0.21977  0.000042883 12.0
0.21977  0.000041988 12.0
0.21978  0.000041094 12.0
0.21978  0.000040199 12.0
0.21978  0.000039304 12.0
0.21978  0.000038410 12.0
0.21978  0.000037515 12.0
0.21979  0.000036621 12.0
0.21979  0.000035726 12.0
0.21979  0.000034831 12.0
0.21979  0.000033937 12.0
0.21980  0.000033042 12.0
0.21980  0.000032147 12.0
0.21980  0.000031253 12.0
0.21980  0.000030358 12.0
0.21981  0.000029165 12.0
0.22193  0.00010103 12.0
0.22193  0.00010014 12.0
0.22193  0.000099244 12.0
0.22194  0.000098350 12.0
0.22194  0.000097455 12.0
0.22194  0.000096561 12.0
0.22194  0.000095666 12.0
0.22195  0.000094771 12.0
0.22195  0.000093877 12.0
0.22195  0.000092982 12.0
0.22195  0.000092087 12.0
0.22195  0.000091193 12.0
0.22196  0.000090298 12.0
0.22196  0.000089403 12.0
0.22196  0.000088509 12.0
0.22196  0.000087614 12.0
0.22197  0.000086720 12.0
0.22197  0.000085825 12.0
0.22197  0.000084930 12.0
0.22197  0.000084036 12.0
0.22198  0.000083141 12.0
0.22198  0.000082246 12.0
0.22198  0.000081352 12.0
0.22198  0.000080457 12.0
0.22199  0.000079562 12.0
0.22199  0.000078668 12.0
0.22199  0.000077773 12.0
0.22199  0.000076879 12.0
0.22200  0.000075984 12.0
0.22200  0.000075089 12.0
0.22200  0.000074195 12.0
0.22200  0.000073300 12.0
0.22201  0.000072405 12.0
0.22201  0.000071511 12.0
0.22201  0.000070616 12.0
0.22201  0.000069721 12.0
0.22201  0.000068827 12.0
0.22202  0.000067932 12.0
0.22202  0.000067038 12.0
0.22202  0.000066143 12.0
0.22202  0.000065248 12.0
0.22203  0.000064354 12.0
0.22203  0.000063459 12.0
0.22203  0.000062564 12.0
0.22203  0.000061670 12.0
0.22204  0.000060775 12.0
0.22204  0.000059880 12.0
0.22204  0.000058986 12.0
0.22204  0.000058091 12.0
0.22205  0.000057197 12.0
0.22205  0.000056302 12.0
0.22205  0.000055407 12.0
0.22205  0.000054513 12.0
0.22206  0.000053618 12.0
0.22206  0.000052723 12.0
0.22206  0.000051829 12.0
0.22206  0.000050934 12.0
0.22207  0.000050040 12.0
0.22207  0.000049145 12.0
0.22207  0.000048250 12.0
0.22207  0.000047356 12.0
0.22207  0.000046461 12.0
0.22208  0.000045566 12.0
0.22208  0.000044672 12.0
0.22208  0.000043777 12.0
0.22208  0.000042882 12.0
0.22209  0.000041988 12.0
0.22209  0.000041093 12.0
0.22209  0.000040199 12.0
0.22209  0.000039304 12.0
0.22210  0.000038409 12.0
0.22210  0.000037515 12.0
0.22210  0.000036620 12.0
0.22210  0.000035725 12.0
0.22211  0.000034831 12.0
0.22211  0.000033936 12.0
0.22211  0.000033041 12.0
0.22211  0.000032147 12.0
0.22212  0.000031252 12.0
0.22212  0.000030358 12.0
0.22212  0.000029165 12.0
0.22424  0.00010103 12.0
0.22424  0.00010014 12.0
0.22425  0.000099244 12.0
0.22425  0.000098349 12.0
0.22425  0.000097455 12.0
0.22425  0.000096560 12.0
0.22426  0.000095665 12.0
0.22426  0.000094771 12.0
0.22426  0.000093876 12.0
0.22426  0.000092981 12.0
0.22427  0.000092087 12.0
0.22427  0.000091192 12.0
0.22427  0.000090298 12.0
0.22427  0.000089403 12.0
0.22428  0.000088508 12.0
0.22428  0.000087614 12.0
0.22428  0.000086719 12.0
0.22428  0.000085824 12.0
0.22429  0.000084930 12.0
0.22429  0.000084035 12.0
0.22429  0.000083140 12.0
0.22429  0.000082246 12.0
0.22429  0.000081351 12.0
0.22430  0.000080457 12.0
0.22430  0.000079562 12.0
0.22430  0.000078667 12.0
0.22430  0.000077773 12.0
0.22431  0.000076878 12.0
0.22431  0.000075983 12.0
0.22431  0.000075089 12.0
0.22431  0.000074194 12.0
0.22432  0.000073299 12.0
0.22432  0.000072405 12.0
0.22432  0.000071510 12.0
0.22432  0.000070616 12.0
0.22433  0.000069721 12.0
0.22433  0.000068826 12.0
0.22433  0.000067932 12.0
0.22433  0.000067037 12.0
0.22434  0.000066142 12.0
0.22434  0.000065248 12.0
0.22434  0.000064353 12.0
0.22434  0.000063458 12.0
0.22435  0.000062564 12.0
0.22435  0.000061669 12.0
0.22435  0.000060775 12.0
0.22435  0.000059880 12.0
0.22435  0.000058985 12.0
0.22436  0.000058091 12.0
0.22436  0.000057196 12.0
0.22436  0.000056301 12.0
0.22436  0.000055407 12.0
0.22437  0.000054512 12.0
0.22437  0.000053617 12.0
0.22437  0.000052723 12.0
0.22437  0.000051828 12.0
0.22438  0.000050934 12.0
0.22438  0.000050039 12.0
0.22438  0.000049144 12.0
0.22438  0.000048250 12.0
0.22439  0.000047355 12.0
0.22439  0.000046460 12.0
0.22439  0.000045566 12.0
0.22439  0.000044671 12.0
0.22440  0.000043776 12.0
0.22440  0.000042882 12.0
0.22440  0.000041987 12.0
0.22440  0.000041093 12.0
0.22441  0.000040198 12.0
0.22441  0.000039303 12.0
0.22441  0.000038409 12.0
0.22441  0.000037514 12.0
0.22441  0.000036619 12.0
0.22442  0.000035725 12.0
0.22442  0.000034830 12.0
0.22442  0.000033935 12.0
0.22442  0.000033041 12.0
0.22443  0.000032146 12.0
0.22443  0.000031252 12.0
0.22443  0.000030357 12.0
0.22443  0.000029164 12.0
0.22656  0.00010103 12.0
0.22656  0.00010014 12.0
0.22656  0.000099243 12.0
0.22656  0.000098349 12.0
0.22657  0.000097454 12.0
0.22657  0.000096559 12.0
0.22657  0.000095665 12.0
0.22657  0.000094770 12.0
0.22658  0.000093876 12.0
0.22658  0.000092981 12.0
0.22658  0.000092086 12.0
0.22658  0.000091192 12.0
0.22658  0.000090297 12.0
0.22659  0.000089402 12.0
0.22659  0.000088508 12.0
0.22659  0.000087613 12.0
0.22659  0.000086718 12.0
0.22660  0.000085824 12.0
0.22660  0.000084929 12.0
0.22660  0.000084035 12.0
0.22660  0.000083140 12.0
0.22661  0.000082245 12.0
0.22661  0.000081351 12.0
0.22661  0.000080456 12.0
0.22661  0.000079561 12.0
0.22662  0.000078667 12.0
0.22662  0.000077772 12.0
0.22662  0.000076877 12.0
0.22662  0.000075983 12.0
0.22663  0.000075088 12.0
0.22663  0.000074194 12.0
0.22663  0.000073299 12.0
0.22663  0.000072404 12.0
0.22664  0.000071510 12.0
0.22664  0.000070615 12.0
0.22664  0.000069720 12.0
0.22664  0.000068826 12.0
0.22664  0.000067931 12.0
0.22665  0.000067036 12.0
0.22665  0.000066142 12.0
0.22665  0.000065247 12.0
0.22665  0.000064353 12.0
0.22666  0.000063458 12.0
0.22666  0.000062563 12.0
0.22666  0.000061669 12.0
0.22666  0.000060774 12.0
0.22667  0.000059879 12.0
0.22667  0.000058985 12.0
0.22667  0.000058090 12.0
0.22667  0.000057195 12.0
0.22668  0.000056301 12.0
0.22668  0.000055406 12.0
0.22668  0.000054512 12.0
0.22668  0.000053617 12.0
0.22669  0.000052722 12.0
0.22669  0.000051828 12.0
0.22669  0.000050933 12.0
0.22669  0.000050038 12.0
0.22670  0.000049144 12.0
0.22670  0.000048249 12.0
0.22670  0.000047354 12.0
0.22670  0.000046460 12.0
0.22670  0.000045565 12.0
0.22671  0.000044671 12.0
0.22671  0.000043776 12.0
0.22671  0.000042881 12.0
0.22671  0.000041987 12.0
0.22672  0.000041092 12.0
0.22672  0.000040197 12.0
0.22672  0.000039303 12.0
0.22672  0.000038408 12.0
0.22673  0.000037513 12.0
0.22673  0.000036619 12.0
0.22673  0.000035724 12.0
0.22673  0.000034830 12.0
0.22674  0.000033935 12.0
0.22674  0.000033040 12.0
0.22674  0.000032146 12.0
0.22674  0.000031251 12.0
0.22675  0.000030356 12.0
0.22675  0.000029164 12.0
0.22887  0.00010103 12.0
0.22887  0.00010014 12.0
0.22887  0.000099243 12.0
0.22888  0.000098348 12.0
0.22888  0.000097453 12.0
0.22888  0.000096559 12.0
0.22888  0.000095664 12.0
0.22889  0.000094770 12.0
0.22889  0.000093875 12.0
0.22889  0.000092980 12.0
0.22889  0.000092086 12.0
0.22890  0.000091191 12.0
0.22890  0.000090296 12.0
0.22890  0.000089402 12.0
0.22890  0.000088507 12.0
0.22891  0.000087612 12.0
0.22891  0.000086718 12.0
0.22891  0.000085823 12.0
0.22891  0.000084929 12.0
0.22892  0.000084034 12.0
0.22892  0.000083139 12.0
0.22892  0.000082245 12.0
0.22892  0.000081350 12.0
0.22893  0.000080455 12.0
0.22893  0.000079561 12.0
0.22893  0.000078666 12.0
0.22893  0.000077771 12.0
0.22893  0.000076877 12.0
0.22894  0.000075982 12.0
0.22894  0.000075088 12.0
0.22894  0.000074193 12.0
0.22894  0.000073298 12.0
0.22895  0.000072404 12.0
0.22895  0.000071509 12.0
0.22895  0.000070614 12.0
0.22895  0.000069720 12.0
0.22896  0.000068825 12.0
0.22896  0.000067930 12.0
0.22896  0.000067036 12.0
0.22896  0.000066141 12.0
0.22897  0.000065247 12.0
0.22897  0.000064352 12.0
0.22897  0.000063457 12.0
0.22897  0.000062563 12.0
0.22898  0.000061668 12.0
0.22898  0.000060773 12.0
0.22898  0.000059879 12.0
0.22898  0.000058984 12.0
0.22899  0.000058089 12.0
0.22899  0.000057195 12.0
0.22899  0.000056300 12.0
0.22899  0.000055406 12.0
0.22899  0.000054511 12.0
0.22900  0.000053616 12.0
0.22900  0.000052722 12.0
0.22900  0.000051827 12.0
0.22900  0.000050932 12.0
0.22901  0.000050038 12.0
0.22901  0.000049143 12.0
0.22901  0.000048249 12.0
0.22901  0.000047354 12.0
0.22902  0.000046459 12.0
0.22902  0.000045565 12.0
0.22902  0.000044670 12.0
0.22902  0.000043775 12.0
0.22903  0.000042881 12.0
0.22903  0.000041986 12.0
0.22903  0.000041091 12.0
0.22903  0.000040197 12.0
0.22904  0.000039302 12.0
0.22904  0.000038408 12.0
0.22904  0.000037513 12.0
0.22904  0.000036618 12.0
0.22905  0.000035724 12.0
0.22905  0.000034829 12.0
0.22905  0.000033934 12.0
0.22905  0.000033040 12.0
0.22905  0.000032145 12.0
0.22906  0.000031250 12.0
0.22906  0.000030356 12.0
0.22906  0.000029163 12.0
0.23118  0.00010103 12.0
0.23119  0.00010014 12.0
0.23119  0.000099242 12.0
0.23119  0.000098348 12.0
0.23119  0.000097453 12.0
0.23120  0.000096558 12.0
0.23120  0.000095664 12.0
0.23120  0.000094769 12.0
0.23120  0.000093874 12.0
0.23121  0.000092980 12.0
0.23121  0.000092085 12.0
0.23121  0.000091190 12.0
0.23121  0.000090296 12.0
0.23121  0.000089401 12.0
0.23122  0.000088507 12.0
0.23122  0.000087612 12.0
0.23122  0.000086717 12.0
0.23122  0.000085823 12.0
0.23123  0.000084928 12.0
0.23123  0.000084033 12.0
0.23123  0.000083139 12.0
0.23123  0.000082244 12.0
0.23124  0.000081349 12.0
0.23124  0.000080455 12.0
0.23124  0.000079560 12.0
0.23124  0.000078666 12.0
0.23125  0.000077771 12.0
0.23125  0.000076876 12.0
0.23125  0.000075982 12.0
0.23125  0.000075087 12.0
0.23126  0.000074192 12.0
0.23126  0.000073298 12.0
0.23126  0.000072403 12.0
0.23126  0.000071508 12.0
0.23127  0.000070614 12.0
0.23127  0.000069719 12.0
0.23127  0.000068825 12.0
0.23127  0.000067930 12.0
0.23127  0.000067035 12.0
0.23128  0.000066141 12.0
0.23128  0.000065246 12.0
0.23128  0.000064351 12.0
0.23128  0.000063457 12.0
0.23129  0.000062562 12.0
0.23129  0.000061667 12.0
0.23129  0.000060773 12.0
0.23129  0.000059878 12.0
0.23130  0.000058984 12.0
0.23130  0.000058089 12.0
0.23130  0.000057194 12.0
0.23130  0.000056300 12.0
0.23131  0.000055405 12.0
0.23131  0.000054510 12.0
0.23131  0.000053616 12.0
0.23131  0.000052721 12.0
0.23132  0.000051826 12.0
0.23132  0.000050932 12.0
0.23132  0.000050037 12.0
0.23132  0.000049143 12.0
0.23133  0.000048248 12.0
0.23133  0.000047353 12.0
0.23133  0.000046459 12.0
0.23133  0.000045564 12.0
0.23133  0.000044669 12.0
0.23134  0.000043775 12.0
0.23134  0.000042880 12.0
0.23134  0.000041985 12.0
0.23134  0.000041091 12.0
0.23135  0.000040196 12.0
0.23135  0.000039302 12.0
0.23135  0.000038407 12.0
0.23135  0.000037512 12.0
0.23136  0.000036618 12.0
0.23136  0.000035723 12.0
0.23136  0.000034828 12.0
0.23136  0.000033934 12.0
0.23137  0.000033039 12.0
0.23137  0.000032144 12.0
0.23137  0.000031250 12.0
0.23137  0.000030355 12.0
0.23138  0.000029162 12.0
0.23350  0.00010103 12.0
0.23350  0.00010014 12.0
0.23350  0.000099242 12.0
0.23350  0.000098347 12.0
0.23351  0.000097452 12.0
0.23351  0.000096558 12.0
0.23351  0.000095663 12.0
0.23351  0.000094768 12.0
0.23352  0.000093874 12.0
0.23352  0.000092979 12.0
0.23352  0.000092085 12.0
0.23352  0.000091190 12.0
0.23353  0.000090295 12.0
0.23353  0.000089401 12.0
0.23353  0.000088506 12.0
0.23353  0.000087611 12.0
0.23354  0.000086717 12.0
0.23354  0.000085822 12.0
0.23354  0.000084927 12.0
0.23354  0.000084033 12.0
0.23355  0.000083138 12.0
0.23355  0.000082244 12.0
0.23355  0.000081349 12.0
0.23355  0.000080454 12.0
0.23356  0.000079560 12.0
0.23356  0.000078665 12.0
0.23356  0.000077770 12.0
0.23356  0.000076876 12.0
0.23356  0.000075981 12.0
0.23357  0.000075086 12.0
0.23357  0.000074192 12.0
0.23357  0.000073297 12.0
0.23357  0.000072403 12.0
0.23358  0.000071508 12.0
0.23358  0.000070613 12.0
0.23358  0.000069719 12.0
0.23358  0.000068824 12.0
0.23359  0.000067929 12.0
0.23359  0.000067035 12.0
0.23359  0.000066140 12.0
0.23359  0.000065245 12.0
0.23360  0.000064351 12.0
0.23360  0.000063456 12.0
0.23360  0.000062562 12.0
0.23360  0.000061667 12.0
0.23361  0.000060772 12.0
0.23361  0.000059878 12.0
0.23361  0.000058983 12.0
0.23361  0.000058088 12.0
0.23362  0.000057194 12.0
0.23362  0.000056299 12.0
0.23362  0.000055404 12.0
0.23362  0.000054510 12.0
0.23362  0.000053615 12.0
0.23363  0.000052721 12.0
0.23363  0.000051826 12.0
0.23363  0.000050931 12.0
0.23363  0.000050037 12.0
0.23364  0.000049142 12.0
0.23364  0.000048247 12.0
0.23364  0.000047353 12.0
0.23364  0.000046458 12.0
0.23365  0.000045563 12.0
0.23365  0.000044669 12.0
0.23365  0.000043774 12.0
0.23365  0.000042880 12.0
0.23366  0.000041985 12.0
0.23366  0.000041090 12.0
0.23366  0.000040196 12.0
0.23366  0.000039301 12.0
0.23367  0.000038406 12.0
0.23367  0.000037512 12.0
0.23367  0.000036617 12.0
0.23367  0.000035722 12.0
0.23368  0.000034828 12.0
0.23368  0.000033933 12.0
0.23368  0.000033039 12.0
0.23368  0.000032144 12.0
0.23368  0.000031249 12.0
0.23369  0.000030355 12.0
0.23369  0.000029162 12.0
0.23581  0.00010103 12.0
0.23581  0.00010014 12.0
0.23582  0.000099241 12.0
0.23582  0.000098346 12.0
0.23582  0.000097452 12.0
0.23582  0.000096557 12.0
0.23583  0.000095662 12.0
0.23583  0.000094768 12.0
0.23583  0.000093873 12.0
0.23583  0.000092979 12.0
0.23584  0.000092084 12.0
0.23584  0.000091189 12.0
0.23584  0.000090295 12.0
0.23584  0.000089400 12.0
0.23585  0.000088505 12.0
0.23585  0.000087611 12.0
0.23585  0.000086716 12.0
0.23585  0.000085821 12.0
0.23585  0.000084927 12.0
0.23586  0.000084032 12.0
0.23586  0.000083138 12.0
0.23586  0.000082243 12.0
0.23586  0.000081348 12.0
0.23587  0.000080454 12.0
0.23587  0.000079559 12.0
0.23587  0.000078664 12.0
0.23587  0.000077770 12.0
0.23588  0.000076875 12.0
0.23588  0.000075980 12.0
0.23588  0.000075086 12.0
0.23588  0.000074191 12.0
0.23589  0.000073297 12.0
0.23589  0.000072402 12.0
0.23589  0.000071507 12.0
0.23589  0.000070613 12.0
0.23590  0.000069718 12.0
0.23590  0.000068823 12.0
0.23590  0.000067929 12.0
0.23590  0.000067034 12.0
0.23591  0.000066139 12.0
0.23591  0.000065245 12.0
0.23591  0.000064350 12.0
0.23591  0.000063456 12.0
0.23591  0.000062561 12.0
0.23592  0.000061666 12.0
0.23592  0.000060772 12.0
0.23592  0.000059877 12.0
0.23592  0.000058982 12.0
0.23573  0.000058103 12.0
0.23566  0.000057089 12.0
0.23545  0.000056131 12.0
0.23516  0.000055404 12.0
0.23516  0.000054547 12.0
0.23497  0.000053615 12.0
0.23498  0.000052422 12.0
0.23518  0.000048620 12.0
0.23538  0.000047700 12.0
0.23557  0.000046830 12.0
0.23577  0.000045980 12.0
0.23596  0.000045140 12.0
0.23596  0.000044246 12.0
0.23597  0.000043351 12.0
0.23597  0.000042456 12.0
0.23597  0.000041562 12.0
0.23597  0.000040667 12.0
0.23598  0.000039773 12.0
0.23598  0.000038878 12.0
0.23598  0.000037983 12.0
0.23598  0.000037089 12.0
0.23599  0.000036194 12.0
0.23599  0.000035299 12.0
0.23599  0.000034405 12.0
0.23599  0.000033510 12.0
0.23600  0.000032616 12.0
0.23600  0.000031721 12.0
0.23600  0.000030826 12.0
0.23600  0.000029932 12.0
0.23600  0.000029040 12.0
0.23813  0.00010103 12.0
0.23813  0.00010014 12.0
0.23813  0.000099240 12.0
0.23813  0.000098346 12.0
0.23814  0.000097451 12.0
0.23814  0.000096557 12.0
0.23814  0.000095662 12.0
0.23814  0.000094767 12.0
0.23814  0.000093873 12.0
0.23815  0.000092978 12.0
0.23815  0.000092083 12.0
0.23815  0.000091189 12.0
0.23815  0.000090294 12.0
0.23816  0.000089399 12.0
0.23816  0.000088505 12.0
0.23816  0.000087610 12.0
0.23816  0.000086716 12.0
0.23817  0.000085821 12.0
0.23817  0.000084926 12.0
0.23817  0.000084032 12.0
0.23817  0.000083137 12.0
0.23818  0.000082242 12.0
0.23818  0.000081348 12.0
0.23818  0.000080453 12.0
0.23818  0.000079558 12.0
0.23819  0.000078664 12.0
0.23819  0.000077769 12.0
0.23819  0.000076875 12.0
0.23819  0.000075980 12.0
0.23820  0.000075085 12.0
0.23820  0.000074191 12.0
0.23820  0.000073296 12.0
0.23820  0.000072401 12.0
0.23820  0.000071507 12.0
0.23821  0.000070612 12.0
0.23821  0.000069717 12.0
0.23821  0.000068823 12.0
0.23821  0.000067928 12.0
0.23822  0.000067034 12.0
0.23822  0.000066139 12.0
0.23822  0.000065244 12.0
0.23822  0.000064350 12.0
0.23823  0.000063455 12.0
0.23831  0.000062475 12.0
0.23796  0.000061561 12.0
0.23766  0.000060604 12.0
0.23727  0.000059578 12.0
0.23770  0.000044817 12.0
0.23828  0.000043872 12.0
0.23828  0.000042978 12.0
0.23828  0.000042083 12.0
0.23829  0.000041189 12.0
0.23829  0.000040294 12.0
0.23829  0.000039399 12.0
0.23829  0.000038505 12.0
0.23830  0.000037610 12.0
0.23830  0.000036715 12.0
0.23830  0.000035821 12.0
0.23830  0.000034926 12.0
0.23831  0.000034031 12.0
0.23831  0.000033137 12.0
0.23831  0.000032242 12.0
0.23831  0.000031348 12.0
0.23831  0.000030453 12.0
0.23832  0.000029558 12.0
0.23813  0.000028952 12.0
0.24044  0.00010103 12.0
0.24044  0.00010013 12.0
0.24044  0.000099240 12.0
0.24045  0.000098345 12.0
0.24045  0.000097451 12.0
0.24045  0.000096556 12.0
0.24045  0.000095661 12.0
0.24046  0.000094767 12.0
0.24046  0.000093872 12.0
0.24046  0.000092977 12.0
0.24046  0.000092083 12.0
0.24047  0.000091188 12.0
0.24047  0.000090294 12.0
0.24047  0.000089399 12.0
0.24047  0.000088504 12.0
0.24048  0.000087610 12.0
0.24048  0.000086715 12.0
0.24048  0.000085820 12.0
0.24048  0.000084926 12.0
0.24048  0.000084031 12.0
0.24049  0.000083136 12.0
0.24049  0.000082242 12.0
0.24049  0.000081347 12.0
0.24049  0.000080453 12.0
0.24050  0.000079558 12.0
0.24050  0.000078663 12.0
0.24050  0.000077769 12.0
0.24050  0.000076874 12.0
0.24051  0.000075979 12.0
0.24051  0.000075085 12.0
0.24051  0.000074190 12.0
0.24051  0.000073295 12.0
0.24052  0.000072401 12.0
0.24052  0.000071506 12.0
0.24052  0.000070612 12.0
0.24052  0.000069717 12.0
0.24053  0.000068822 12.0
0.24053  0.000067928 12.0
0.24053  0.000067033 12.0
0.24067  0.000066064 12.0
0.24041  0.000065157 12.0
0.23996  0.000064163 12.0
0.23958  0.000063194 12.0
0.24002  0.000042779 12.0
0.24041  0.000041864 12.0
0.24060  0.000041039 12.0
0.24060  0.000040144 12.0
0.24061  0.000039250 12.0
0.24061  0.000038355 12.0
0.24061  0.000037460 12.0
0.24061  0.000036566 12.0
0.24061  0.000035671 12.0
0.24062  0.000034776 12.0
0.24062  0.000033882 12.0
0.24062  0.000032987 12.0
0.24062  0.000032092 12.0
0.24063  0.000031198 12.0
0.24063  0.000030303 12.0
0.24063  0.000029318 12.0
0.24095  0.000028862 12.0
0.24275  0.00010103 12.0
0.24276  0.00010013 12.0
0.24276  0.000099239 12.0
0.24276  0.000098345 12.0
0.24276  0.000097450 12.0
0.24277  0.000096555 12.0
0.24277  0.000095661 12.0
0.24277  0.000094766 12.0
0.24277  0.000093871 12.0
0.24277  0.000092977 12.0
0.24278  0.000092082 12.0
0.24278  0.000091188 12.0
0.24278  0.000090293 12.0
0.24278  0.000089398 12.0
0.24279  0.000088504 12.0
0.24279  0.000087609 12.0
0.24279  0.000086714 12.0
0.24279  0.000085820 12.0
0.24280  0.000084925 12.0
0.24280  0.000084030 12.0
0.24280  0.000083136 12.0
0.24280  0.000082241 12.0
0.24281  0.000081347 12.0
0.24281  0.000080452 12.0
0.24281  0.000079557 12.0
0.24281  0.000078663 12.0
0.24282  0.000077768 12.0
0.24282  0.000076873 12.0
0.24282  0.000075979 12.0
0.24282  0.000075084 12.0
0.24283  0.000074189 12.0
0.24283  0.000073295 12.0
0.24283  0.000072400 12.0
0.24283  0.000071506 12.0
0.24283  0.000070611 12.0
0.24284  0.000069716 12.0
0.24298  0.000068726 12.0
0.24271  0.000067828 12.0
0.24219  0.000066794 12.0
0.24272  0.000040849 12.0
0.24292  0.000040019 12.0
0.24292  0.000039125 12.0
0.24292  0.000038230 12.0
0.24292  0.000037335 12.0
0.24293  0.000036441 12.0
0.24293  0.000035546 12.0
0.24293  0.000034652 12.0
0.24293  0.000033757 12.0
0.24294  0.000032862 12.0
0.24294  0.000031968 12.0
0.24294  0.000031073 12.0
0.24294  0.000030178 12.0
0.24299  0.000029215 12.0
0.24507  0.00010103 12.0
0.24507  0.00010013 12.0
0.24507  0.000099239 12.0
0.24507  0.000098344 12.0
0.24508  0.000097449 12.0
0.24508  0.000096555 12.0
0.24508  0.000095660 12.0
0.24508  0.000094766 12.0
0.24509  0.000093871 12.0
0.24509  0.000092976 12.0
0.24509  0.000092082 12.0
0.24509  0.000091187 12.0
0.24510  0.000090292 12.0
0.24510  0.000089398 12.0
0.24510  0.000088503 12.0
0.24510  0.000087608 12.0
0.24511  0.000086714 12.0
0.24511  0.000085819 12.0
0.24511  0.000084925 12.0
0.24511  0.000084030 12.0
0.24512  0.000083135 12.0
0.24512  0.000082241 12.0
0.24512  0.000081346 12.0
0.24512  0.000080451 12.0
0.24512  0.000079557 12.0
0.24513  0.000078662 12.0
0.24513  0.000077767 12.0
0.24513  0.000076873 12.0
0.24513  0.000075978 12.0
0.24514  0.000075084 12.0
0.24514  0.000074189 12.0
0.24514  0.000073294 12.0
0.24514  0.000072400 12.0
0.24515  0.000071505 12.0
0.24523  0.000070514 12.0
0.24477  0.000069505 12.0
0.24419  0.000068560 12.0
0.24504  0.000039835 12.0
0.24523  0.000039000 12.0
0.24524  0.000038105 12.0
0.24524  0.000037211 12.0
0.24524  0.000036316 12.0
0.24524  0.000035421 12.0
0.24525  0.000034527 12.0
0.24525  0.000033632 12.0
0.24525  0.000032737 12.0
0.24525  0.000031843 12.0
0.24526  0.000030948 12.0
0.24526  0.000030054 12.0
0.24520  0.000029093 12.0
0.24738  0.00010103 12.0
0.24738  0.00010013 12.0
0.24739  0.000099238 12.0
0.24739  0.000098344 12.0
0.24739  0.000097449 12.0
0.24739  0.000096554 12.0
0.24740  0.000095660 12.0
0.24740  0.000094765 12.0
0.24740  0.000093870 12.0
0.24740  0.000092976 12.0
0.24740  0.000092081 12.0
0.24741  0.000091186 12.0
0.24741  0.000090292 12.0
0.24741  0.000089397 12.0
0.24741  0.000088503 12.0
0.24742  0.000087608 12.0
0.24742  0.000086713 12.0
0.24742  0.000085819 12.0
0.24742  0.000084924 12.0
0.24743  0.000084029 12.0
0.24743  0.000083135 12.0
0.24743  0.000082240 12.0
0.24743  0.000081345 12.0
0.24744  0.000080451 12.0
0.24744  0.000079556 12.0
0.24744  0.000078662 12.0
0.24744  0.000077767 12.0
0.24745  0.000076872 12.0
0.24745  0.000075978 12.0
0.24745  0.000075083 12.0
0.24745  0.000074188 12.0
0.24746  0.000073294 12.0
0.24755  0.000072259 12.0
0.24681  0.000071251 12.0
0.24736  0.000038731 12.0
0.24755  0.000037881 12.0
0.24755  0.000036986 12.0
0.24756  0.000036092 12.0
0.24756  0.000035197 12.0
0.24756  0.000034302 12.0
0.24756  0.000033408 12.0
0.24756  0.000032513 12.0
0.24757  0.000031619 12.0
0.24757  0.000030724 12.0
0.24757  0.000029829 12.0
0.24744  0.000029020 12.0
0.24969  0.00010103 12.0
0.24970  0.00010013 12.0
0.24970  0.000099238 12.0
0.24970  0.000098343 12.0
0.24970  0.000097448 12.0
0.24971  0.000096554 12.0
0.24971  0.000095659 12.0
0.24971  0.000094764 12.0
0.24971  0.000093870 12.0
0.24972  0.000092975 12.0
0.24972  0.000092080 12.0
0.24972  0.000091186 12.0
0.24972  0.000090291 12.0
0.24973  0.000089397 12.0
0.24973  0.000088502 12.0
0.24973  0.000087607 12.0
0.24973  0.000086713 12.0
0.24974  0.000085818 12.0
0.24974  0.000084923 12.0
0.24974  0.000084029 12.0
0.24974  0.000083134 12.0
0.24975  0.000082239 12.0
0.24975  0.000081345 12.0
0.24975  0.000080450 12.0
0.24975  0.000079556 12.0
0.24975  0.000078661 12.0
0.24976  0.000077766 12.0
0.24976  0.000076872 12.0
0.24976  0.000075977 12.0
0.24990  0.000074976 12.0
0.24963  0.000073996 12.0
0.24893  0.000073095 12.0
0.24987  0.000037582 12.0
0.24987  0.000036688 12.0
0.24987  0.000035793 12.0
0.24987  0.000034898 12.0
0.24987  0.000034004 12.0
0.24988  0.000033109 12.0
0.24988  0.000032214 12.0
0.24988  0.000031320 12.0
0.24988  0.000030425 12.0
0.24989  0.000029531 12.0
0.24970  0.000028934 12.0
0.25201  0.00010103 12.0
0.25201  0.00010013 12.0
0.25201  0.000099237 12.0
0.25202  0.000098342 12.0
0.25202  0.000097448 12.0
0.25202  0.000096553 12.0
0.25202  0.000095658 12.0
0.25203  0.000094764 12.0
0.25203  0.000093869 12.0
0.25203  0.000092975 12.0
0.25203  0.000092080 12.0
0.25204  0.000091185 12.0
0.25204  0.000090291 12.0
0.25204  0.000089396 12.0
0.25204  0.000088501 12.0
0.25204  0.000087607 12.0
0.25205  0.000086712 12.0
0.25205  0.000085817 12.0
0.25205  0.000084923 12.0
0.25205  0.000084028 12.0
0.25206  0.000083134 12.0
0.25206  0.000082239 12.0
0.25206  0.000081344 12.0
0.25206  0.000080450 12.0
0.25207  0.000079555 12.0
0.25207  0.000078660 12.0
0.25207  0.000077766 12.0
0.25207  0.000076871 12.0
0.25217  0.000075837 12.0
0.25140  0.000074952 12.0
0.25218  0.000036960 12.0
0.25218  0.000036066 12.0
0.25219  0.000035171 12.0
0.25219  0.000034276 12.0
0.25219  0.000033382 12.0
0.25219  0.000032487 12.0
0.25219  0.000031593 12.0
0.25220  0.000030698 12.0
0.25220  0.000029803 12.0
0.25220  0.000029033 12.0
0.25432  0.00010103 12.0
0.25432  0.00010013 12.0
0.25433  0.000099236 12.0
0.25433  0.000098342 12.0
0.25433  0.000097447 12.0
0.25433  0.000096553 12.0
0.25434  0.000095658 12.0
0.25434  0.000094763 12.0
0.25434  0.000093869 12.0
0.25434  0.000092974 12.0
0.25435  0.000092079 12.0
0.25435  0.000091185 12.0
0.25435  0.000090290 12.0
0.25435  0.000089395 12.0
0.25436  0.000088501 12.0
0.25436  0.000087606 12.0
0.25436  0.000086712 12.0
0.25436  0.000085817 12.0
0.25437  0.000084922 12.0
0.25437  0.000084028 12.0
0.25437  0.000083133 12.0
0.25437  0.000082238 12.0
0.25438  0.000081344 12.0
0.25438  0.000080449 12.0
0.25438  0.000079554 12.0
0.25438  0.000078660 12.0
0.25448  0.000077597 12.0
0.25373  0.000076617 12.0
0.25450  0.000036413 12.0
0.25450  0.000035518 12.0
0.25450  0.000034624 12.0
0.25450  0.000033729 12.0
0.25451  0.000032835 12.0
0.25451  0.000031940 12.0
0.25451  0.000031045 12.0
0.25451  0.000030151 12.0
0.25432  0.000029124 12.0
0.25664  0.00010103 12.0
0.25664  0.00010013 12.0
0.25664  0.000099236 12.0
0.25664  0.000098341 12.0
0.25665  0.000097447 12.0
0.25665  0.000096552 12.0
0.25665  0.000095657 12.0
0.25665  0.000094763 12.0
0.25666  0.000093868 12.0
0.25666  0.000092973 12.0
0.25666  0.000092079 12.0
0.25666  0.000091184 12.0
0.25667  0.000090289 12.0
0.25667  0.000089395 12.0
0.25667  0.000088500 12.0
0.25667  0.000087606 12.0
0.25667  0.000086711 12.0
0.25668  0.000085816 12.0
0.25668  0.000084922 12.0
0.25668  0.000084027 12.0
0.25668  0.000083132 12.0
0.25669  0.000082238 12.0
0.25669  0.000081343 12.0
0.25669  0.000080448 12.0
0.25689  0.000079405 12.0
0.25631  0.000078473 12.0
0.25573  0.000077839 12.0
0.25681  0.000035816 12.0
0.25681  0.000034921 12.0
0.25682  0.000034027 12.0
0.25682  0.000033132 12.0
0.25682  0.000032238 12.0
0.25682  0.000031343 12.0
0.25683  0.000030448 12.0
0.25664  0.000029417 12.0
0.25760  0.000028957 12.0
0.25895  0.00010102 12.0
0.25895  0.00010013 12.0
0.25896  0.000099235 12.0
0.25896  0.000098341 12.0
0.25896  0.000097446 12.0
0.25896  0.000096551 12.0
0.25896  0.000095657 12.0
0.25897  0.000094762 12.0
0.25897  0.000093867 12.0
0.25897  0.000092973 12.0
0.25897  0.000092078 12.0
0.25898  0.000091184 12.0
0.25898  0.000090289 12.0
0.25898  0.000089394 12.0
0.25898  0.000088500 12.0
0.25899  0.000087605 12.0
0.25899  0.000086710 12.0
0.25899  0.000085816 12.0
0.25899  0.000084921 12.0
0.25900  0.000084026 12.0
0.25900  0.000083132 12.0
0.25900  0.000082237 12.0
0.25900  0.000081343 12.0
0.25901  0.000080299 12.0
0.25824  0.000079591 12.0
0.25913  0.000035269 12.0
0.25913  0.000034374 12.0
0.25913  0.000033480 12.0
0.25913  0.000032585 12.0
0.25914  0.000031690 12.0
0.25914  0.000030796 12.0
0.25914  0.000029901 12.0
0.26011  0.000029155 12.0
0.26126  0.00010102 12.0
0.26127  0.00010013 12.0
0.26127  0.000099235 12.0
0.26127  0.000098340 12.0
0.26127  0.000097445 12.0
0.26128  0.000096551 12.0
0.26128  0.000095656 12.0
0.26128  0.000094762 12.0
0.26128  0.000093867 12.0
0.26129  0.000092972 12.0
0.26129  0.000092078 12.0
0.26129  0.000091183 12.0
0.26129  0.000090288 12.0
0.26130  0.000089394 12.0
0.26130  0.000088499 12.0
0.26130  0.000087604 12.0
0.26130  0.000086710 12.0
0.26131  0.000085815 12.0
0.26131  0.000084921 12.0
0.26131  0.000084026 12.0
0.26131  0.000083131 12.0
0.26151  0.000082069 12.0
0.26080  0.000081143 12.0
0.26144  0.000034821 12.0
0.26144  0.000033926 12.0
0.26145  0.000033032 12.0
0.26145  0.000032137 12.0
0.26145  0.000031242 12.0
0.26145  0.000030348 12.0
0.26223  0.000029248 12.0
0.26358  0.00010102 12.0
0.26358  0.00010013 12.0
0.26358  0.000099234 12.0
0.26359  0.000098339 12.0
0.26359  0.000097445 12.0
0.26359  0.000096550 12.0
0.26359  0.000095656 12.0
0.26359  0.000094761 12.0
0.26360  0.000093866 12.0
0.26360  0.000092972 12.0
0.26360  0.000092077 12.0
0.26360  0.000091182 12.0
0.26361  0.000090288 12.0
0.26361  0.000089393 12.0
0.26361  0.000088498 12.0
0.26361  0.000087604 12.0
0.26362  0.000086709 12.0
0.26362  0.000085815 12.0
0.26362  0.000084920 12.0
0.26362  0.000084025 12.0
0.26369  0.000082932 12.0
0.26279  0.000082087 12.0
0.26376  0.000034298 12.0
0.26376  0.000033404 12.0
0.26376  0.000032509 12.0
0.26376  0.000031615 12.0
0.26377  0.000030720 12.0
0.26473  0.000029862 12.0
0.26454  0.000028968 12.0
0.26589  0.00010102 12.0
0.26589  0.00010013 12.0
0.26590  0.000099234 12.0
0.26590  0.000098339 12.0
0.26590  0.000097444 12.0
0.26590  0.000096550 12.0
0.26591  0.000095655 12.0
0.26591  0.000094760 12.0
0.26591  0.000093866 12.0
0.26591  0.000092971 12.0
0.26592  0.000092076 12.0
0.26592  0.000091182 12.0
0.26592  0.000090287 12.0
0.26592  0.000089393 12.0
0.26593  0.000088498 12.0
0.26593  0.000087603 12.0
0.26593  0.000086709 12.0
0.26593  0.000085814 12.0
0.26613  0.000084742 12.0
0.26547  0.000083759 12.0
0.26607  0.000033826 12.0
0.26607  0.000032931 12.0
0.26608  0.000032036 12.0
0.26608  0.000031142 12.0
0.26705  0.000030290 12.0
0.26666  0.000029071 12.0
0.26821  0.00010102 12.0
0.26821  0.00010013 12.0
0.26821  0.000099233 12.0
0.26821  0.000098338 12.0
0.26822  0.000097444 12.0
0.26822  0.000096549 12.0
0.26822  0.000095654 12.0
0.26822  0.000094760 12.0
0.26823  0.000093865 12.0
0.26823  0.000092971 12.0
0.26823  0.000092076 12.0
0.26823  0.000091181 12.0
0.26823  0.000090287 12.0
0.26824  0.000089392 12.0
0.26824  0.000088497 12.0
0.26824  0.000087603 12.0
0.26824  0.000086708 12.0
0.26844  0.000085590 12.0
0.26759  0.000084710 12.0
0.26839  0.000033452 12.0
0.26839  0.000032558 12.0
0.26839  0.000031663 12.0
0.26936  0.000030868 12.0
0.26917  0.000029774 12.0
0.26917  0.000029016 12.0
0.27052  0.00010102 12.0
0.27052  0.00010013 12.0
0.27052  0.000099232 12.0
0.27053  0.000098338 12.0
0.27053  0.000097443 12.0
0.27053  0.000096548 12.0
0.27053  0.000095654 12.0
0.27054  0.000094759 12.0
0.27054  0.000093865 12.0
0.27054  0.000092970 12.0
0.27054  0.000092075 12.0
0.27055  0.000091181 12.0
0.27055  0.000090286 12.0
0.27055  0.000089391 12.0
0.27055  0.000088497 12.0
0.27056  0.000087602 12.0
0.27062  0.000086484 12.0
0.26973  0.000085664 12.0
0.27070  0.000033178 12.0
0.27070  0.000032284 12.0
0.27167  0.000031519 12.0
0.27148  0.000030420 12.0
0.27148  0.000029208 12.0
0.27283  0.00010102 12.0
0.27284  0.00010013 12.0
0.27284  0.000099232 12.0
0.27284  0.000098337 12.0
0.27284  0.000097443 12.0
0.27285  0.000096548 12.0
0.27285  0.000095653 12.0
0.27285  0.000094759 12.0
0.27285  0.000093864 12.0
0.27286  0.000092969 12.0
0.27286  0.000092075 12.0
0.27286  0.000091180 12.0
0.27286  0.000090285 12.0
0.27286  0.000089391 12.0
0.27287  0.000088496 12.0
0.27281  0.000087394 12.0
0.27191  0.000086782 12.0
0.27302  0.000032904 12.0
0.27398  0.000032115 12.0
0.27379  0.000031016 12.0
0.27380  0.000030121 12.0
0.27361  0.000029077 12.0
0.27515  0.00010102 12.0
0.27515  0.00010013 12.0
0.27515  0.000099231 12.0
0.27515  0.000098337 12.0
0.27516  0.000097442 12.0
0.27516  0.000096547 12.0
0.27516  0.000095653 12.0
0.27516  0.000094758 12.0
0.27517  0.000093863 12.0
0.27517  0.000092969 12.0
0.27517  0.000092074 12.0
0.27517  0.000091180 12.0
0.27518  0.000090285 12.0
0.27518  0.000089390 12.0
0.27503  0.000088250 12.0
0.27610  0.000032630 12.0
0.27610  0.000031736 12.0
0.27611  0.000030841 12.0
0.27611  0.000029946 12.0
0.27611  0.000029102 12.0
0.27746  0.00010102 12.0
0.27746  0.00010013 12.0
0.27747  0.000099231 12.0
0.27747  0.000098336 12.0
0.27747  0.000097441 12.0
0.27747  0.000096547 12.0
0.27748  0.000095652 12.0
0.27748  0.000094757 12.0
0.27748  0.000093863 12.0
0.27748  0.000092968 12.0
0.27749  0.000092074 12.0
0.27749  0.000091179 12.0
0.27749  0.000090284 12.0
0.27734  0.000089144 12.0
0.27842  0.000032406 12.0
0.27842  0.000031511 12.0
0.27842  0.000030617 12.0
0.27834  0.000029395 12.0
0.27978  0.00010102 12.0
0.27978  0.00010012 12.0
0.27978  0.000099230 12.0
0.27978  0.000098335 12.0
0.27978  0.000097441 12.0
0.27979  0.000096546 12.0
0.27979  0.000095652 12.0
0.27979  0.000094757 12.0
0.27979  0.000093862 12.0
0.27980  0.000092968 12.0
0.27980  0.000092073 12.0
0.27980  0.000091178 12.0
0.27965  0.000090038 12.0
0.28044  0.000029191 12.0
0.28073  0.000032207 12.0
0.28073  0.000031312 12.0
0.28074  0.000030417 12.0
0.28209  0.00010102 12.0
0.28209  0.00010012 12.0
0.28209  0.000099229 12.0
0.28210  0.000098335 12.0
0.28210  0.000097440 12.0
0.28210  0.000096546 12.0
0.28210  0.000095651 12.0
0.28211  0.000094756 12.0
0.28211  0.000093862 12.0
0.28211  0.000092967 12.0
0.28211  0.000092072 12.0
0.28196  0.000090932 12.0
0.28276  0.000029355 12.0
0.28305  0.000032007 12.0
0.28305  0.000031113 12.0
0.28305  0.000030268 12.0
0.28440  0.00010102 12.0
0.28441  0.00010012 12.0
0.28441  0.000099229 12.0
0.28441  0.000098334 12.0
0.28441  0.000097440 12.0
0.28441  0.000096545 12.0
0.28442  0.000095650 12.0
0.28442  0.000094756 12.0
0.28442  0.000093861 12.0
0.28442  0.000092966 12.0
0.28434  0.000091780 12.0
0.28498  0.000029410 12.0
0.28536  0.000031858 12.0
0.28536  0.000030963 12.0
0.28536  0.000030118 12.0
0.28672  0.00010102 12.0
0.28672  0.00010012 12.0
0.28672  0.000099228 12.0
0.28672  0.000098334 12.0
0.28673  0.000097439 12.0
0.28673  0.000096544 12.0
0.28673  0.000095650 12.0
0.28673  0.000094755 12.0
0.28674  0.000093861 12.0
0.28683  0.000092668 12.0
0.28578  0.000092146 12.0
0.28738  0.000029453 12.0
0.28767  0.000031658 12.0
0.28768  0.000030764 12.0
0.28903  0.00010102 12.0
0.28903  0.00010012 12.0
0.28904  0.000099228 12.0
0.28904  0.000098333 12.0
0.28904  0.000097438 12.0
0.28904  0.000096544 12.0
0.28905  0.000095649 12.0
0.28905  0.000094755 12.0
0.28924  0.000093636 12.0
0.28847  0.000093015 12.0
0.28961  0.000029372 12.0
0.28999  0.000031509 12.0
0.28999  0.000030614 12.0
0.29134  0.00010102 12.0
0.29135  0.00010012 12.0
0.29135  0.000099227 12.0
0.29135  0.000098333 12.0
0.29135  0.000097438 12.0
0.29136  0.000096543 12.0
0.29136  0.000095649 12.0
0.29136  0.000094754 12.0
0.29117  0.000093738 12.0
0.29192  0.000029259 12.0
0.29230  0.000031384 12.0
0.29231  0.000030489 12.0
0.29366  0.00010102 12.0
0.29366  0.00010012 12.0
0.29366  0.000099227 12.0
0.29367  0.000098332 12.0
0.29367  0.000097437 12.0
0.29367  0.000096543 12.0
0.29367  0.000095648 12.0
0.29368  0.000094443 12.0
0.29429  0.000029511 12.0
0.29462  0.000031234 12.0
0.29597  0.00010102 12.0
0.29597  0.00010012 12.0
0.29598  0.000099226 12.0
0.29598  0.000098331 12.0
0.29598  0.000097437 12.0
0.29598  0.000096542 12.0
0.29618  0.000095416 12.0
0.29541  0.000094803 12.0
0.29674  0.000030538 12.0
0.29655  0.000029090 12.0
0.29674  0.000031184 12.0
0.29829  0.00010101 12.0
0.29829  0.00010012 12.0
0.29829  0.000099225 12.0
0.29829  0.000098331 12.0
0.29830  0.000097436 12.0
0.29830  0.000096542 12.0
0.29811  0.000095465 12.0
0.29900  0.000030274 12.0
0.29878  0.000029044 12.0
0.29913  0.000031054 12.0
0.30060  0.00010101 12.0
0.30060  0.00010012 12.0
0.30060  0.000099225 12.0
0.30061  0.000098330 12.0
0.30061  0.000097436 12.0
0.30077  0.000096258 12.0
0.29984  0.000095721 12.0
0.30118  0.000030040 12.0
0.30118  0.000029145 12.0
0.30156  0.000030934 12.0
0.30291  0.00010101 12.0
0.30292  0.00010012 12.0
0.30292  0.000099224 12.0
0.30292  0.000098330 12.0
0.30292  0.000097435 12.0
0.30284  0.000096290 12.0
0.30368  0.000030188 12.0
0.30349  0.000029120 12.0
0.30368  0.000030896 12.0
0.30523  0.00010101 12.0
0.30523  0.00010012 12.0
0.30523  0.000099224 12.0
0.30524  0.000098329 12.0
0.30543  0.000097186 12.0
0.30466  0.000096590 12.0
0.30580  0.000029889 12.0
0.30581  0.000029069 12.0
0.30619  0.000030784 12.0
0.30754  0.00010101 12.0
0.30754  0.00010012 12.0
0.30755  0.000099223 12.0
0.30755  0.000098329 12.0
0.30755  0.000097111 12.0
0.30812  0.000029889 12.0
0.30812  0.000029069 12.0
0.30850  0.000030783 12.0
0.30986  0.00010101 12.0
0.30986  0.00010012 12.0
0.30986  0.000099223 12.0
0.30986  0.000098328 12.0
0.30978  0.000097183 12.0
0.31059  0.000030127 12.0
0.31043  0.000029018 12.0
0.31082  0.000030708 12.0
0.31217  0.00010101 12.0
0.31217  0.00010012 12.0
0.31217  0.000099222 12.0
0.31218  0.000098327 12.0
0.31218  0.000097470 12.0
0.31275  0.000029366 12.0
0.31313  0.000030633 12.0
0.31448  0.00010101 12.0
0.31449  0.00010012 12.0
0.31449  0.000099221 12.0
0.31468  0.000098078 12.0
0.31391  0.000097507 12.0
0.31506  0.000029365 12.0
0.31544  0.000030632 12.0
0.31680  0.00010101 12.0
0.31680  0.00010012 12.0
0.31680  0.000099221 12.0
0.31681  0.000097953 12.0
0.31738  0.000029365 12.0
0.31776  0.000030632 12.0
0.31911  0.00010101 12.0
0.31911  0.00010011 12.0
0.31912  0.000099220 12.0
0.31912  0.000097953 12.0
0.31969  0.000029364 12.0
0.32007  0.000030631 12.0
0.32143  0.00010101 12.0
0.32143  0.00010011 12.0
0.32143  0.000099220 12.0
0.32143  0.000097983 12.0
0.32200  0.000029363 12.0
0.32239  0.000030631 12.0
0.32374  0.00010101 12.0
0.32374  0.00010011 12.0
0.32374  0.000099219 12.0
0.32375  0.000097952 12.0
0.32432  0.000029363 12.0
0.32470  0.000030630 12.0
0.32605  0.00010101 12.0
0.32606  0.00010011 12.0
0.32606  0.000099219 12.0
0.32592  0.000098217 12.0
0.32645  0.000097504 12.0
0.32663  0.000029362 12.0
0.32701  0.000030630 12.0
0.32837  0.00010101 12.0
0.32837  0.00010011 12.0
0.32837  0.000099218 12.0
0.32837  0.000098323 12.0
0.32876  0.000097453 12.0
0.32894  0.000029399 12.0
0.32946  0.000030586 12.0
0.33068  0.00010101 12.0
0.33068  0.00010011 12.0
0.33069  0.000099217 12.0
0.33069  0.000098323 12.0
0.33108  0.000097155 12.0
0.33126  0.000029063 12.0
0.33164  0.000030778 12.0
0.33164  0.000029883 12.0
0.33299  0.00010101 12.0
0.33300  0.00010011 12.0
0.33300  0.000099217 12.0
0.33300  0.000098322 12.0
0.33339  0.000097086 12.0
0.33357  0.000029087 12.0
0.33415  0.000030578 12.0
0.33376  0.000029696 12.0
0.33531  0.00010101 12.0
0.33531  0.00010011 12.0
0.33531  0.000099216 12.0
0.33532  0.000098322 12.0
0.33557  0.000097320 12.0
0.33623  0.000096479 12.0
0.33627  0.000030926 12.0
0.33627  0.000030031 12.0
0.33627  0.000029136 12.0
0.33762  0.00010100 12.0
0.33762  0.00010011 12.0
0.33763  0.000099216 12.0
0.33763  0.000098321 12.0
0.33802  0.000097426 12.0
0.33841  0.000096215 12.0
0.33877  0.000030776 12.0
0.33858  0.000029782 12.0
0.33859  0.000029011 12.0
0.33994  0.00010100 12.0
0.33994  0.00010011 12.0
0.33994  0.000099215 12.0
0.33994  0.000098320 12.0
0.34033  0.000097426 12.0
0.34058  0.000096425 12.0
0.34089  0.000031073 12.0
0.34090  0.000030179 12.0
0.34090  0.000029023 12.0
0.34130  0.000095524 12.0
0.34225  0.00010100 12.0
0.34225  0.00010011 12.0
0.34225  0.000099215 12.0
0.34226  0.000098320 12.0
0.34265  0.000097425 12.0
0.34303  0.000096530 12.0
0.34321  0.000031222 12.0
0.34321  0.000030327 12.0
0.34321  0.000029135 12.0
0.34333  0.000095324 12.0
0.34456  0.00010100 12.0
0.34457  0.00010011 12.0
0.34457  0.000099214 12.0
0.34457  0.000098319 12.0
0.34496  0.000097425 12.0
0.34535  0.000096530 12.0
0.34555  0.000094567 12.0
0.34572  0.000031023 12.0
0.34553  0.000029954 12.0
0.34534  0.000029059 12.0
0.34574  0.000095635 12.0
0.34688  0.00010100 12.0
0.34688  0.00010011 12.0
0.34688  0.000099213 12.0
0.34688  0.000098319 12.0
0.34727  0.000097424 12.0
0.34766  0.000096529 12.0
0.34747  0.000094500 12.0
0.34803  0.000031171 12.0
0.34784  0.000030103 12.0
0.34765  0.000029158 12.0
0.34805  0.000095635 12.0
0.34898  0.000093621 12.0
0.34919  0.00010100 12.0
0.34919  0.00010011 12.0
0.34920  0.000099213 12.0
0.34920  0.000098318 12.0
0.34959  0.000097423 12.0
0.34997  0.000096529 12.0
0.34998  0.000094739 12.0
0.35034  0.000031320 12.0
0.35015  0.000030251 12.0
0.34996  0.000029257 12.0
0.35036  0.000095634 12.0
0.35095  0.000093658 12.0
0.35151  0.00010100 12.0
0.35151  0.00010011 12.0
0.35151  0.000099212 12.0
0.35151  0.000098318 12.0
0.35190  0.000097423 12.0
0.35207  0.000092711 12.0
0.35229  0.000096528 12.0
0.35229  0.000094739 12.0
0.35266  0.000031518 12.0
0.35247  0.000030524 12.0
0.35247  0.000029629 12.0
0.35208  0.000029058 12.0
0.35268  0.000095633 12.0
0.35345  0.000093844 12.0
0.35382  0.00010100 12.0
0.35382  0.00010011 12.0
0.35382  0.000099212 12.0
0.35383  0.000098317 12.0
0.35421  0.000097422 12.0
0.35409  0.000092843 12.0
0.35460  0.000096528 12.0
0.35461  0.000094738 12.0
0.35468  0.000091864 12.0
0.35497  0.000031666 12.0
0.35478  0.000030672 12.0
0.35478  0.000029778 12.0
0.35478  0.000029007 12.0
0.35499  0.000095633 12.0
0.35577  0.000093843 12.0
0.35613  0.00010100 12.0
0.35614  0.00010011 12.0
0.35614  0.000099211 12.0
0.35614  0.000098316 12.0
0.35653  0.000097422 12.0
0.35654  0.000092949 12.0
0.35668  0.000091434 12.0
0.35692  0.000096527 12.0
0.35692  0.000094738 12.0
0.35728  0.000031765 12.0
0.35709  0.000030697 12.0
0.35710  0.000029802 12.0
0.35690  0.000028957 12.0
0.35730  0.000095632 12.0
0.35808  0.000093843 12.0
0.35845  0.00010100 12.0
0.35845  0.00010011 12.0
0.35845  0.000099210 12.0
0.35845  0.000098316 12.0
0.35860  0.000090631 12.0
0.35884  0.000097421 12.0
0.35885  0.000092948 12.0
0.35886  0.000092053 12.0
0.35923  0.000096526 12.0
0.35924  0.000094737 12.0
0.35949  0.000031841 12.0
0.35941  0.000030597 12.0
0.35941  0.000029702 12.0
0.35927  0.000028971 12.0
0.35962  0.000095632 12.0
0.36039  0.000093842 12.0
0.36049  0.000089843 12.0
0.36076  0.00010100 12.0
0.36076  0.00010010 12.0
0.36077  0.000099210 12.0
0.36077  0.000098315 12.0
0.36079  0.000091158 12.0
0.36116  0.000097421 12.0
0.36117  0.000092947 12.0
0.36117  0.000092053 12.0
0.36154  0.000096526 12.0
0.36155  0.000094737 12.0
0.36181  0.000031990 12.0
0.36172  0.000030745 12.0
0.36172  0.000029851 12.0
0.36159  0.000029055 12.0
0.36193  0.000095631 12.0
0.36242  0.000088962 12.0
0.36271  0.000093842 12.0
0.36272  0.000090263 12.0
0.36307  0.00010100 12.0
0.36308  0.00010010 12.0
0.36308  0.000099209 12.0
0.36308  0.000098315 12.0
0.36310  0.000091158 12.0
0.36347  0.000097420 12.0
0.36348  0.000092947 12.0
0.36348  0.000092052 12.0
0.36386  0.000096525 12.0
0.36386  0.000094736 12.0
0.36422  0.000032410 12.0
0.36403  0.000031416 12.0
0.36404  0.000030521 12.0
0.36404  0.000029626 12.0
0.36365  0.000029055 12.0
0.36425  0.000095631 12.0
0.36435  0.000088060 12.0
0.36465  0.000089368 12.0
0.36502  0.000093841 12.0
0.36503  0.000090262 12.0
0.36539  0.00010100 12.0
0.36539  0.00010010 12.0
0.36539  0.000099209 12.0
0.36540  0.000098314 12.0
0.36542  0.000091157 12.0
0.36578  0.000097419 12.0
0.36580  0.000092946 12.0
0.36580  0.000092052 12.0
0.36617  0.000096525 12.0
0.36618  0.000094735 12.0
0.36628  0.000087151 12.0
0.36650  0.000032469 12.0
0.36635  0.000031316 12.0
0.36635  0.000030421 12.0
0.36635  0.000029526 12.0
0.36635  0.000028880 12.0
0.36656  0.000095630 12.0
0.36658  0.000088473 12.0
0.36696  0.000089367 12.0
0.36734  0.000093840 12.0
0.36735  0.000090262 12.0
0.36770  0.00010100 12.0
0.36771  0.00010010 12.0
0.36771  0.000099208 12.0
0.36771  0.000098314 12.0
0.36773  0.000091156 12.0
0.36790  0.000086236 12.0
0.36810  0.000097419 12.0
0.36811  0.000092946 12.0
0.36811  0.000092051 12.0
0.36849  0.000096524 12.0
0.36849  0.000094735 12.0
0.36851  0.000087578 12.0
0.36879  0.000032920 12.0
0.36866  0.000031986 12.0
0.36866  0.000031091 12.0
0.36866  0.000030197 12.0
0.36858  0.000029108 12.0
0.36887  0.000095629 12.0
0.36889  0.000088472 12.0
0.36928  0.000089367 12.0
0.36965  0.000093840 12.0
0.36966  0.000090261 12.0
0.36976  0.000085361 12.0
0.37002  0.00010100 12.0
0.37002  0.00010010 12.0
0.37002  0.000099208 12.0
0.37002  0.000098313 12.0
0.37004  0.000091156 12.0
0.37005  0.000086683 12.0
0.37041  0.000097418 12.0
0.37042  0.000092945 12.0
0.37043  0.000092050 12.0
0.37080  0.000096524 12.0
0.37080  0.000094734 12.0
0.37082  0.000087577 12.0
0.37112  0.000032915 12.0
0.37097  0.000031762 12.0
0.37098  0.000030867 12.0
0.37098  0.000029973 12.0
0.37079  0.000029109 12.0
0.37119  0.000095629 12.0
0.37121  0.000088472 12.0
0.37137  0.000084431 12.0
0.37159  0.000089366 12.0
0.37196  0.000093839 12.0
0.37197  0.000090261 12.0
0.37199  0.000085788 12.0
0.37233  0.00010100 12.0
0.37233  0.00010010 12.0
0.37234  0.000099207 12.0
0.37234  0.000098312 12.0
0.37236  0.000091155 12.0
0.37237  0.000086682 12.0
0.37273  0.000097418 12.0
0.37274  0.000092944 12.0
0.37274  0.000092050 12.0
0.37292  0.000083543 12.0
0.37311  0.000096523 12.0
0.37312  0.000094734 12.0
0.37314  0.000087577 12.0
0.37348  0.000033285 12.0
0.37329  0.000032209 12.0
0.37329  0.000031314 12.0
0.37329  0.000030419 12.0
0.37329  0.000029525 12.0
0.37310  0.000028978 12.0
0.37350  0.000095628 12.0
0.37352  0.000088471 12.0
0.37353  0.000084893 12.0
0.37390  0.000089366 12.0
0.37428  0.000093839 12.0
0.37429  0.000090260 12.0
0.37430  0.000085787 12.0
0.37446  0.000082641 12.0
0.37464  0.00010100 12.0
0.37465  0.00010010 12.0
0.37465  0.000099206 12.0
0.37465  0.000098312 12.0
0.37467  0.000091155 12.0
0.37468  0.000086682 12.0
0.37504  0.000097417 12.0
0.37505  0.000092944 12.0
0.37505  0.000092049 12.0
0.37508  0.000083998 12.0
0.37543  0.000096522 12.0
0.37543  0.000094733 12.0
0.37545  0.000087576 12.0
0.37568  0.000033532 12.0
0.37560  0.000032283 12.0
0.37560  0.000031388 12.0
0.37560  0.000030493 12.0
0.37561  0.000029599 12.0
0.37547  0.000028903 12.0
0.37582  0.000095628 12.0
0.37583  0.000088471 12.0
0.37584  0.000084892 12.0
0.37601  0.000081731 12.0
0.37622  0.000089365 12.0
0.37659  0.000093838 12.0
0.37660  0.000090260 12.0
0.37661  0.000085786 12.0
0.37662  0.000083103 12.0
0.37696  0.00010100 12.0
0.37696  0.00010010 12.0
0.37696  0.000099206 12.0
0.37697  0.000098311 12.0
0.37698  0.000091154 12.0
0.37700  0.000086681 12.0
0.37735  0.000097417 12.0
0.37737  0.000092943 12.0
0.37737  0.000092049 12.0
0.37739  0.000083997 12.0
0.37755  0.000080821 12.0
0.37774  0.000096522 12.0
0.37775  0.000094733 12.0
0.37777  0.000087575 12.0
0.37806  0.000034017 12.0
0.37791  0.000032854 12.0
0.37791  0.000031959 12.0
0.37792  0.000031064 12.0
0.37792  0.000030170 12.0
0.37773  0.000029219 12.0
0.37813  0.000095627 12.0
0.37815  0.000088470 12.0
0.37816  0.000084891 12.0
0.37817  0.000082208 12.0
0.37853  0.000089365 12.0
0.37875  0.000079896 12.0
0.37891  0.000093838 12.0
0.37892  0.000090259 12.0
0.37893  0.000085786 12.0
0.37893  0.000083102 12.0
0.37927  0.00010099 12.0
0.37927  0.00010010 12.0
0.37928  0.000099205 12.0
0.37928  0.000098311 12.0
0.37930  0.000091154 12.0
0.37931  0.000086680 12.0
0.37967  0.000097416 12.0
0.37968  0.000092943 12.0
0.37968  0.000092048 12.0
0.37970  0.000083996 12.0
0.37971  0.000081312 12.0
0.37991  0.000079018 12.0
0.38006  0.000096521 12.0
0.38006  0.000094732 12.0
0.38008  0.000087575 12.0
0.38038  0.000034463 12.0
0.38022  0.000033300 12.0
0.38023  0.000032406 12.0
0.38023  0.000031511 12.0
0.38023  0.000030616 12.0
0.38023  0.000029722 12.0
0.38004  0.000028939 12.0
0.38044  0.000095626 12.0
0.38046  0.000088469 12.0
0.38047  0.000084891 12.0
0.38048  0.000082207 12.0
0.38085  0.000089364 12.0
0.38087  0.000080418 12.0
0.38122  0.000093837 12.0
0.38123  0.000090258 12.0
0.38124  0.000085785 12.0
0.38125  0.000083101 12.0
0.38142  0.000078136 12.0
0.38159  0.00010099 12.0
0.38159  0.00010010 12.0
0.38159  0.000099205 12.0
0.38159  0.000098310 12.0
0.38161  0.000091153 12.0
0.38162  0.000086680 12.0
0.38198  0.000097415 12.0
0.38199  0.000092942 12.0
0.38200  0.000092048 12.0
0.38202  0.000083996 12.0
0.38202  0.000081312 12.0
0.38203  0.000079523 12.0
0.38237  0.000096521 12.0
0.38237  0.000094731 12.0
0.38239  0.000087574 12.0
0.38261  0.000077187 12.0
0.38269  0.000034970 12.0
0.38254  0.000033797 12.0
0.38254  0.000032902 12.0
0.38254  0.000032007 12.0
0.38254  0.000031113 12.0
0.38255  0.000030218 12.0
0.38236  0.000029246 12.0
0.38276  0.000095626 12.0
0.38278  0.000088469 12.0
0.38279  0.000084890 12.0
0.38279  0.000082206 12.0
0.38316  0.000089363 12.0
0.38318  0.000080417 12.0
0.38353  0.000093836 12.0
0.38354  0.000090258 12.0
0.38355  0.000085785 12.0
0.38356  0.000083101 12.0
0.38357  0.000078628 12.0
0.38377  0.000076292 12.0
0.38390  0.00010099 12.0
0.38390  0.00010010 12.0
0.38390  0.000099204 12.0
0.38391  0.000098310 12.0
0.38393  0.000091152 12.0
0.38394  0.000086679 12.0
0.38430  0.000097415 12.0
0.38431  0.000092942 12.0
0.38431  0.000092047 12.0
0.38433  0.000083995 12.0
0.38434  0.000081311 12.0
0.38434  0.000079522 12.0
0.38455  0.000075356 12.0
0.38441  0.000029008 12.0
0.38468  0.000096520 12.0
0.38469  0.000094731 12.0
0.38471  0.000087574 12.0
0.38473  0.000077733 12.0
0.38493  0.000035373 12.0
0.38485  0.000034119 12.0
0.38485  0.000033225 12.0
0.38486  0.000032330 12.0
0.38486  0.000031435 12.0
0.38486  0.000030541 12.0
0.38506  0.000029758 12.0
0.38507  0.000095625 12.0
0.38509  0.000088468 12.0
0.38510  0.000084890 12.0
0.38511  0.000082206 12.0
0.38547  0.000089363 12.0
0.38550  0.000080416 12.0
0.38571  0.000074527 12.0
0.38585  0.000093836 12.0
0.38586  0.000090257 12.0
0.38587  0.000085784 12.0
0.38588  0.000083100 12.0
0.38589  0.000078627 12.0
0.38589  0.000076838 12.0
0.38621  0.00010099 12.0
0.38622  0.00010010 12.0
0.38622  0.000099204 12.0
0.38622  0.000098309 12.0
0.38624  0.000091152 12.0
0.38625  0.000086679 12.0
0.38661  0.000097414 12.0
0.38662  0.000092941 12.0
0.38662  0.000092046 12.0
0.38664  0.000083995 12.0
0.38665  0.000081311 12.0
0.38666  0.000079521 12.0
0.38667  0.000075943 12.0
0.38687  0.000073607 12.0
0.38684  0.000029114 12.0
0.38700  0.000096519 12.0
0.38700  0.000094730 12.0
0.38702  0.000087573 12.0
0.38705  0.000077732 12.0
0.38725  0.000035847 12.0
0.38716  0.000034591 12.0
0.38717  0.000033696 12.0
0.38717  0.000032802 12.0
0.38717  0.000031907 12.0
0.38717  0.000031012 12.0
0.38718  0.000030118 12.0
0.38739  0.000095625 12.0
0.38740  0.000088468 12.0
0.38741  0.000084889 12.0
0.38742  0.000082205 12.0
0.38764  0.000072653 12.0
0.38779  0.000089362 12.0
0.38781  0.000080416 12.0
0.38783  0.000075048 12.0
0.38816  0.000093835 12.0
0.38817  0.000090257 12.0
0.38818  0.000085784 12.0
0.38819  0.000083100 12.0
0.38820  0.000078626 12.0
0.38821  0.000076837 12.0
0.38853  0.00010099 12.0
0.38853  0.00010010 12.0
0.38853  0.000099203 12.0
0.38853  0.000098308 12.0
0.38855  0.000091151 12.0
0.38857  0.000086678 12.0
0.38880  0.000071801 12.0
0.38892  0.000097414 12.0
0.38893  0.000092940 12.0
0.38894  0.000092046 12.0
0.38896  0.000083994 12.0
0.38897  0.000081310 12.0
0.38897  0.000079521 12.0
0.38898  0.000075942 12.0
0.38899  0.000074153 12.0
0.38911  0.000029179 12.0
0.38931  0.000096519 12.0
0.38932  0.000094730 12.0
0.38933  0.000087573 12.0
0.38936  0.000077732 12.0
0.38957  0.000070845 12.0
0.38963  0.000036429 12.0
0.38948  0.000035261 12.0
0.38948  0.000034367 12.0
0.38948  0.000033472 12.0
0.38948  0.000032577 12.0
0.38948  0.000031683 12.0
0.38949  0.000030788 12.0
0.38930  0.000030167 12.0
0.38970  0.000095624 12.0
0.38972  0.000088467 12.0
0.38973  0.000084889 12.0
0.38973  0.000082205 12.0
0.38976  0.000073258 12.0
0.39010  0.000089362 12.0
0.39013  0.000080415 12.0
0.39014  0.000075047 12.0
0.39035  0.000069950 12.0
0.39047  0.000093835 12.0
0.39048  0.000090256 12.0
0.39050  0.000085783 12.0
0.39050  0.000083099 12.0
0.39052  0.000078626 12.0
0.39052  0.000076837 12.0
0.39084  0.00010099 12.0
0.39084  0.00010010 12.0
0.39085  0.000099202 12.0
0.39085  0.000098308 12.0
0.39087  0.000091151 12.0
0.39088  0.000086678 12.0
0.39092  0.000072363 12.0
0.39112  0.000069055 12.0
0.39124  0.000097413 12.0
0.39125  0.000092940 12.0
0.39125  0.000092045 12.0
0.39127  0.000083994 12.0
0.39128  0.000081310 12.0
0.39128  0.000079520 12.0
0.39129  0.000075942 12.0
0.39130  0.000074153 12.0
0.39161  0.000029076 12.0
0.39162  0.000096518 12.0
0.39163  0.000094729 12.0
0.39165  0.000087572 12.0
0.39168  0.000077731 12.0
0.39169  0.000071469 12.0
0.39189  0.000068160 12.0
0.39187  0.000036889 12.0
0.39179  0.000035633 12.0
0.39179  0.000034739 12.0
0.39179  0.000033844 12.0
0.39180  0.000032949 12.0
0.39180  0.000032055 12.0
0.39180  0.000031160 12.0
0.39180  0.000030266 12.0
0.39180  0.000029644 12.0
0.39201  0.000095624 12.0
0.39203  0.000088467 12.0
0.39204  0.000084888 12.0
0.39205  0.000082204 12.0
0.39207  0.000073258 12.0
0.39242  0.000089361 12.0
0.39244  0.000080415 12.0
0.39245  0.000075047 12.0
0.39247  0.000070574 12.0
0.39267  0.000067265 12.0
0.39279  0.000093834 12.0
0.39280  0.000090256 12.0
0.39281  0.000085782 12.0
0.39282  0.000083098 12.0
0.39283  0.000078625 12.0
0.39283  0.000076836 12.0
0.39316  0.00010099 12.0
0.39316  0.00010010 12.0
0.39316  0.000099202 12.0
0.39316  0.000098307 12.0
0.39318  0.000091150 12.0
0.39319  0.000086677 12.0
0.39323  0.000072363 12.0
0.39324  0.000069679 12.0
0.39344  0.000066371 12.0
0.39355  0.000097412 12.0
0.39356  0.000092939 12.0
0.39356  0.000092045 12.0
0.39359  0.000083993 12.0
0.39359  0.000081309 12.0
0.39360  0.000079520 12.0
0.39361  0.000075941 12.0
0.39361  0.000074152 12.0
0.39393  0.000029085 12.0
0.39394  0.000096518 12.0
0.39394  0.000094728 12.0
0.39396  0.000087571 12.0
0.39399  0.000077730 12.0
0.39401  0.000071468 12.0
0.39401  0.000068784 12.0
0.39421  0.000065457 12.0
0.39410  0.000037770 12.0
0.39410  0.000036577 12.0
0.39410  0.000035683 12.0
0.39410  0.000034788 12.0
0.39411  0.000033893 12.0
0.39411  0.000032999 12.0
0.39411  0.000032104 12.0
0.39411  0.000031209 12.0
0.39412  0.000030315 12.0
0.39444  0.000029470 12.0
0.39433  0.000095623 12.0
0.39435  0.000088466 12.0
0.39436  0.000084887 12.0
0.39436  0.000082203 12.0
0.39439  0.000073257 12.0
0.39473  0.000089360 12.0
0.39475  0.000080414 12.0
0.39477  0.000075046 12.0
0.39478  0.000070573 12.0
0.39479  0.000067889 12.0
0.39490  0.000064460 12.0
0.39510  0.000093834 12.0
0.39511  0.000090255 12.0
0.39512  0.000085782 12.0
0.39513  0.000083098 12.0
0.39514  0.000078625 12.0
0.39515  0.000076835 12.0
0.39547  0.00010099 12.0
0.39547  0.00010010 12.0
0.39547  0.000099201 12.0
0.39548  0.000098307 12.0
0.39550  0.000091150 12.0
0.39551  0.000086676 12.0
0.39555  0.000072362 12.0
0.39555  0.000069678 12.0
0.39556  0.000066994 12.0
0.39549  0.000063331 12.0
0.39586  0.000097412 12.0
0.39588  0.000092939 12.0
0.39588  0.000092044 12.0
0.39590  0.000083992 12.0
0.39591  0.000081308 12.0
0.39591  0.000079519 12.0
0.39592  0.000075941 12.0
0.39593  0.000074151 12.0
0.39606  0.000038634 12.0
0.39625  0.000096517 12.0
0.39626  0.000094728 12.0
0.39628  0.000087571 12.0
0.39630  0.000077730 12.0
0.39632  0.000071467 12.0
0.39633  0.000068783 12.0
0.39633  0.000066100 12.0
0.39615  0.000062363 12.0
0.39645  0.000037069 12.0
0.39642  0.000035881 12.0
0.39642  0.000034986 12.0
0.39642  0.000034091 12.0
0.39642  0.000033197 12.0
0.39642  0.000032302 12.0
0.39643  0.000031408 12.0
0.39643  0.000030513 12.0
0.39643  0.000029618 12.0
0.39643  0.000028922 12.0
0.39664  0.000095622 12.0
0.39666  0.000088465 12.0
0.39667  0.000084887 12.0
0.39668  0.000082203 12.0
0.39670  0.000073257 12.0
0.39704  0.000089360 12.0
0.39707  0.000080414 12.0
0.39708  0.000075046 12.0
0.39709  0.000070573 12.0
0.39710  0.000067889 12.0
0.39711  0.000065205 12.0
0.39711  0.000064310 12.0
0.39698  0.000061541 12.0
0.39742  0.000093833 12.0
0.39743  0.000090254 12.0
0.39744  0.000085781 12.0
0.39745  0.000083097 12.0
0.39746  0.000078624 12.0
0.39746  0.000076835 12.0
0.39742  0.000060636 12.0
0.39767  0.000039542 12.0
0.39778  0.00010099 12.0
0.39779  0.00010010 12.0
0.39779  0.000099201 12.0
0.39779  0.000098306 12.0
0.39781  0.000091149 12.0
0.39782  0.000086676 12.0
0.39786  0.000072362 12.0
0.39787  0.000069678 12.0
0.39787  0.000066994 12.0
0.39788  0.000063415 12.0
0.39818  0.000097411 12.0
0.39819  0.000092938 12.0
0.39819  0.000092044 12.0
0.39821  0.000083992 12.0
0.39822  0.000081308 12.0
0.39823  0.000079519 12.0
0.39824  0.000075940 12.0
0.39824  0.000074151 12.0
0.39814  0.000059762 12.0
0.39841  0.000038127 12.0
0.39857  0.000096517 12.0
0.39857  0.000094727 12.0
0.39859  0.000087570 12.0
0.39862  0.000077729 12.0
0.39863  0.000071467 12.0
0.39864  0.000068783 12.0
0.39865  0.000066099 12.0
0.39866  0.000062520 12.0
0.39858  0.000058857 12.0
0.39877  0.000036516 12.0
0.39873  0.000035333 12.0
0.39873  0.000034439 12.0
0.39874  0.000033544 12.0
0.39874  0.000032650 12.0
0.39874  0.000031755 12.0
0.39874  0.000030860 12.0
0.39874  0.000029966 12.0
0.39870  0.000029065 12.0
0.39895  0.000095622 12.0
0.39897  0.000088465 12.0
0.39898  0.000084886 12.0
0.39899  0.000082202 12.0
0.39901  0.000073256 12.0
0.39917  0.000040535 12.0
0.39936  0.000089359 12.0
0.39938  0.000080413 12.0
0.39940  0.000075045 12.0
0.39941  0.000070572 12.0
0.39941  0.000067888 12.0
0.39942  0.000065204 12.0
0.39942  0.000064310 12.0
0.39943  0.000061626 12.0
0.39930  0.000057973 12.0
0.39973  0.000093832 12.0
0.39974  0.000090254 12.0
0.39975  0.000085781 12.0
0.39976  0.000083097 12.0
0.39977  0.000078624 12.0
0.39978  0.000076834 12.0
0.39982  0.000060731 12.0
0.39975  0.000057067 12.0
0.40010  0.00010099 12.0
0.40010  0.00010009 12.0
0.40010  0.000099200 12.0
0.40010  0.000098305 12.0
0.40012  0.000091148 12.0
0.40014  0.000086675 12.0
0.40017  0.000072361 12.0
0.40018  0.000069677 12.0
0.40019  0.000066993 12.0
0.40020  0.000063415 12.0
0.40035  0.000039205 12.0
0.40049  0.000097411 12.0
0.40050  0.000092938 12.0
0.40051  0.000092043 12.0
0.40053  0.000083991 12.0
0.40054  0.000081307 12.0
0.40054  0.000079518 12.0
0.40055  0.000075939 12.0
0.40055  0.000074150 12.0
0.40059  0.000059836 12.0
0.40047  0.000056183 12.0
0.40063  0.000037586 12.0
0.40088  0.000096516 12.0
0.40089  0.000094727 12.0
0.40090  0.000087570 12.0
0.40093  0.000077729 12.0
0.40095  0.000071466 12.0
0.40095  0.000068782 12.0
0.40096  0.000066098 12.0
0.40097  0.000062520 12.0
0.40098  0.000058941 12.0
0.40091  0.000055278 12.0
0.40112  0.000041374 12.0
0.40113  0.000036006 12.0
0.40105  0.000034736 12.0
0.40105  0.000033842 12.0
0.40105  0.000032947 12.0
0.40105  0.000032053 12.0
0.40106  0.000031158 12.0
0.40106  0.000030263 12.0
0.40092  0.000029323 12.0
0.40127  0.000095621 12.0
0.40129  0.000088464 12.0
0.40130  0.000084886 12.0
0.40130  0.000082202 12.0
0.40133  0.000073255 12.0
0.40156  0.000028956 12.0
0.40167  0.000089359 12.0
0.40169  0.000080412 12.0
0.40171  0.000075045 12.0
0.40172  0.000070571 12.0
0.40173  0.000067887 12.0
0.40174  0.000065204 12.0
0.40174  0.000064309 12.0
0.40175  0.000061625 12.0
0.40175  0.000058046 12.0
0.40163  0.000054393 12.0
0.40211  0.000040260 12.0
0.40204  0.000093832 12.0
0.40205  0.000090253 12.0
0.40207  0.000085780 12.0
0.40207  0.000083096 12.0
0.40209  0.000078623 12.0
0.40209  0.000076834 12.0
0.40213  0.000060730 12.0
0.40214  0.000057152 12.0
0.40215  0.000053573 12.0
0.40234  0.000042644 12.0
0.40241  0.00010099 12.0
0.40241  0.00010009 12.0
0.40242  0.000099200 12.0
0.40242  0.000098305 12.0
0.40244  0.000091148 12.0
0.40245  0.000086675 12.0
0.40249  0.000072360 12.0
0.40249  0.000069677 12.0
0.40250  0.000066993 12.0
0.40251  0.000063414 12.0
0.40254  0.000052691 12.0
0.40277  0.000039240 12.0
0.40258  0.000038141 12.0
0.40281  0.000097410 12.0
0.40282  0.000092937 12.0
0.40282  0.000092042 12.0
0.40284  0.000083991 12.0
0.40285  0.000081307 12.0
0.40285  0.000079517 12.0
0.40286  0.000075939 12.0
0.40287  0.000074150 12.0
0.40291  0.000059835 12.0
0.40292  0.000056257 12.0
0.40293  0.000051796 12.0
0.40303  0.000036973 12.0
0.40319  0.000096515 12.0
0.40320  0.000094726 12.0
0.40322  0.000087569 12.0
0.40324  0.000077728 12.0
0.40326  0.000071466 12.0
0.40327  0.000068782 12.0
0.40328  0.000066098 12.0
0.40329  0.000062519 12.0
0.40329  0.000058941 12.0
0.40330  0.000055362 12.0
0.40345  0.000051038 12.0
0.40343  0.000043825 12.0
0.40331  0.000035624 12.0
0.40336  0.000034587 12.0
0.40336  0.000033692 12.0
0.40337  0.000032797 12.0
0.40337  0.000031903 12.0
0.40337  0.000031008 12.0
0.40337  0.000030114 12.0
0.40358  0.000095621 12.0
0.40360  0.000088464 12.0
0.40361  0.000084885 12.0
0.40362  0.000082201 12.0
0.40364  0.000073255 12.0
0.40384  0.000050154 12.0
0.40388  0.000041480 12.0
0.40388  0.000029075 12.0
0.40398  0.000089358 12.0
0.40401  0.000080412 12.0
0.40402  0.000075044 12.0
0.40404  0.000070571 12.0
0.40404  0.000067887 12.0
0.40405  0.000065203 12.0
0.40405  0.000064308 12.0
0.40406  0.000061624 12.0
0.40407  0.000058046 12.0
0.40408  0.000054467 12.0
0.40409  0.000049100 12.0
0.40410  0.000044800 12.0
0.40436  0.000093831 12.0
0.40437  0.000090253 12.0
0.40438  0.000085780 12.0
0.40439  0.000083096 12.0
0.40440  0.000078622 12.0
0.40440  0.000076833 12.0
0.40445  0.000060730 12.0
0.40446  0.000057151 12.0
0.40447  0.000053573 12.0
0.40434  0.000048109 12.0
0.40469  0.000040395 12.0
0.40472  0.00010099 12.0
0.40473  0.00010009 12.0
0.40473  0.000099199 12.0
0.40473  0.000098304 12.0
0.40475  0.000091147 12.0
0.40476  0.000086674 12.0
0.40480  0.000072360 12.0
0.40481  0.000069676 12.0
0.40482  0.000066992 12.0
0.40483  0.000063414 12.0
0.40485  0.000052678 12.0
0.40487  0.000047310 12.0
0.40487  0.000046428 12.0
0.40507  0.000042522 12.0
0.40498  0.000038838 12.0
0.40489  0.000037593 12.0
0.40512  0.000097410 12.0
0.40513  0.000092936 12.0
0.40513  0.000092042 12.0
0.40516  0.000083990 12.0
0.40516  0.000081306 12.0
0.40517  0.000079517 12.0
0.40518  0.000075938 12.0
0.40518  0.000074149 12.0
0.40522  0.000059835 12.0
0.40523  0.000056256 12.0
0.40526  0.000045521 12.0
0.40528  0.000036574 12.0
0.40551  0.000096515 12.0
0.40551  0.000094726 12.0
0.40553  0.000087569 12.0
0.40556  0.000077728 12.0
0.40558  0.000071465 12.0
0.40558  0.000068781 12.0
0.40559  0.000066097 12.0
0.40560  0.000062519 12.0
0.40561  0.000058940 12.0
0.40562  0.000055362 12.0
0.40563  0.000051783 12.0
0.40565  0.000043731 12.0
0.40567  0.000035680 12.0
0.40567  0.000034785 12.0
0.40568  0.000033890 12.0
0.40568  0.000032996 12.0
0.40568  0.000032101 12.0
0.40568  0.000031206 12.0
0.40569  0.000030312 12.0
0.40590  0.000095620 12.0
0.40592  0.000088463 12.0
0.40592  0.000084885 12.0
0.40593  0.000082201 12.0
0.40596  0.000073254 12.0
0.40602  0.000050888 12.0
0.40602  0.000049994 12.0
0.40607  0.000029119 12.0
0.40630  0.000089358 12.0
0.40632  0.000080411 12.0
0.40634  0.000075043 12.0
0.40635  0.000070570 12.0
0.40636  0.000067886 12.0
0.40636  0.000065202 12.0
0.40637  0.000064308 12.0
0.40637  0.000061624 12.0
0.40638  0.000058045 12.0
0.40639  0.000054467 12.0
0.40641  0.000049099 12.0
0.40642  0.000044626 12.0
0.40667  0.000093831 12.0
0.40668  0.000090252 12.0
0.40669  0.000085779 12.0
0.40670  0.000083095 12.0
0.40671  0.000078622 12.0
0.40672  0.000076833 12.0
0.40676  0.000060729 12.0
0.40677  0.000057151 12.0
0.40678  0.000053572 12.0
0.40679  0.000048204 12.0
0.40681  0.000041047 12.0
0.40682  0.000040153 12.0
0.40704  0.00010099 12.0
0.40704  0.00010009 12.0
0.40704  0.000099198 12.0
0.40705  0.000098304 12.0
0.40706  0.000091147 12.0
0.40708  0.000086673 12.0
0.40712  0.000072359 12.0
0.40712  0.000069675 12.0
0.40713  0.000066992 12.0
0.40714  0.000063413 12.0
0.40717  0.000052677 12.0
0.40718  0.000047310 12.0
0.40718  0.000046415 12.0
0.40719  0.000042836 12.0
0.40720  0.000041942 12.0
0.40720  0.000039258 12.0
0.40721  0.000038363 12.0
0.40721  0.000037469 12.0
0.40743  0.000097409 12.0
0.40745  0.000092936 12.0
0.40745  0.000092041 12.0
0.40747  0.000083989 12.0
0.40748  0.000081306 12.0
0.40748  0.000079516 12.0
0.40749  0.000075938 12.0
0.40750  0.000074148 12.0
0.40753  0.000059834 12.0
0.40754  0.000056256 12.0
0.40757  0.000045520 12.0
0.40760  0.000036574 12.0
0.40782  0.000096514 12.0
0.40783  0.000094725 12.0
0.40785  0.000087568 12.0
0.40787  0.000077727 12.0
0.40789  0.000071464 12.0
0.40790  0.000068781 12.0
0.40790  0.000066097 12.0
0.40791  0.000062518 12.0
0.40792  0.000058940 12.0
0.40793  0.000055361 12.0
0.40794  0.000051782 12.0
0.40796  0.000043731 12.0
0.40799  0.000035679 12.0
0.40799  0.000034784 12.0
0.40799  0.000033890 12.0
0.40799  0.000032995 12.0
0.40799  0.000032101 12.0
0.40800  0.000031206 12.0
0.40800  0.000030311 12.0
0.40821  0.000095620 12.0
0.40823  0.000088462 12.0
0.40824  0.000084884 12.0
0.40825  0.000082200 12.0
0.40827  0.000073254 12.0
0.40833  0.000050888 12.0
0.40833  0.000049993 12.0
0.40839  0.000029118 12.0
0.40861  0.000089357 12.0
0.40864  0.000080411 12.0
0.40865  0.000075043 12.0
0.40866  0.000070570 12.0
0.40867  0.000067886 12.0
0.40868  0.000065202 12.0
0.40868  0.000064307 12.0
0.40869  0.000061623 12.0
0.40870  0.000058045 12.0
0.40871  0.000054466 12.0
0.40872  0.000049098 12.0
0.40873  0.000044625 12.0
0.40899  0.000093830 12.0
0.40900  0.000090252 12.0
0.40901  0.000085778 12.0
0.40901  0.000083094 12.0
0.40903  0.000078621 12.0
0.40903  0.000076832 12.0
0.40907  0.000060729 12.0
0.40908  0.000057150 12.0
0.40909  0.000053571 12.0
0.40911  0.000048204 12.0
0.40913  0.000041047 12.0
0.40913  0.000040152 12.0
0.40935  0.00010099 12.0
0.40935  0.00010009 12.0
0.40936  0.000099198 12.0
0.40936  0.000098303 12.0
0.40938  0.000091146 12.0
0.40939  0.000086673 12.0
0.40943  0.000072359 12.0
0.40944  0.000069675 12.0
0.40944  0.000066991 12.0
0.40945  0.000063412 12.0
0.40948  0.000052677 12.0
0.40950  0.000047309 12.0
0.40950  0.000046414 12.0
0.40951  0.000042836 12.0
0.40951  0.000041941 12.0
0.40952  0.000039257 12.0
0.40952  0.000038363 12.0
0.40952  0.000037468 12.0
0.40975  0.000097408 12.0
0.40976  0.000092935 12.0
0.40976  0.000092041 12.0
0.40978  0.000083989 12.0
0.40979  0.000081305 12.0
0.40980  0.000079516 12.0
0.40981  0.000075937 12.0
0.40981  0.000074148 12.0
0.40985  0.000059834 12.0
0.40986  0.000056255 12.0
0.40989  0.000045520 12.0
0.40991  0.000036573 12.0
0.41014  0.000096514 12.0
0.41014  0.000094724 12.0
0.41016  0.000087567 12.0
0.41019  0.000077726 12.0
0.41020  0.000071464 12.0
0.41021  0.000068780 12.0
0.41022  0.000066096 12.0
0.41023  0.000062518 12.0
0.41024  0.000058939 12.0
0.41025  0.000055360 12.0
0.41026  0.000051782 12.0
0.41028  0.000043730 12.0
0.41030  0.000035678 12.0
0.41030  0.000034784 12.0
0.41030  0.000033889 12.0
0.41031  0.000032995 12.0
0.41031  0.000032100 12.0
0.41031  0.000031205 12.0
0.41031  0.000030311 12.0
0.41052  0.000095619 12.0
0.41054  0.000088462 12.0
0.41055  0.000084883 12.0
0.41056  0.000082199 12.0
0.41058  0.000073253 12.0
0.41064  0.000050887 12.0
0.41065  0.000049993 12.0
0.41070  0.000029118 12.0
0.41093  0.000089356 12.0
0.41095  0.000080410 12.0
0.41096  0.000075042 12.0
0.41098  0.000070569 12.0
0.41098  0.000067885 12.0
0.41099  0.000065201 12.0
0.41099  0.000064307 12.0
0.41100  0.000061623 12.0
0.41101  0.000058044 12.0
0.41102  0.000054466 12.0
0.41103  0.000049098 12.0
0.41105  0.000044625 12.0
0.41130  0.000093830 12.0
0.41131  0.000090251 12.0
0.41132  0.000085778 12.0
0.41133  0.000083094 12.0
0.41134  0.000078621 12.0
0.41135  0.000076831 12.0
0.41139  0.000060728 12.0
0.41140  0.000057149 12.0
0.41141  0.000053571 12.0
0.41142  0.000048203 12.0
0.41144  0.000041046 12.0
0.41144  0.000040151 12.0
0.41167  0.00010099 12.0
0.41167  0.00010009 12.0
0.41167  0.000099197 12.0
0.41167  0.000098303 12.0
0.41169  0.000091146 12.0
0.41170  0.000086672 12.0
0.41174  0.000072358 12.0
0.41175  0.000069674 12.0
0.41176  0.000066990 12.0
0.41177  0.000063412 12.0
0.41180  0.000052676 12.0
0.41181  0.000047308 12.0
0.41181  0.000046414 12.0
0.41182  0.000042835 12.0
0.41182  0.000041941 12.0
0.41183  0.000039257 12.0
0.41183  0.000038362 12.0
0.41184  0.000037467 12.0
0.41206  0.000097408 12.0
0.41207  0.000092935 12.0
0.41208  0.000092040 12.0
0.41210  0.000083988 12.0
0.41210  0.000081304 12.0
0.41211  0.000079515 12.0
0.41212  0.000075937 12.0
0.41212  0.000074147 12.0
0.41216  0.000059833 12.0
0.41217  0.000056255 12.0
0.41220  0.000045519 12.0
0.41222  0.000036573 12.0
0.41245  0.000096513 12.0
0.41245  0.000094724 12.0
0.41247  0.000087567 12.0
0.41250  0.000077726 12.0
0.41252  0.000071463 12.0
0.41252  0.000068779 12.0
0.41253  0.000066096 12.0
0.41254  0.000062517 12.0
0.41255  0.000058938 12.0
0.41256  0.000055360 12.0
0.41257  0.000051781 12.0
0.41259  0.000043730 12.0
0.41261  0.000035678 12.0
0.41262  0.000034783 12.0
0.41262  0.000033889 12.0
0.41262  0.000032994 12.0
0.41262  0.000032099 12.0
0.41262  0.000031205 12.0
0.41263  0.000030310 12.0
0.41284  0.000095618 12.0
0.41286  0.000088461 12.0
0.41287  0.000084883 12.0
0.41287  0.000082199 12.0
0.41290  0.000073253 12.0
0.41296  0.000050887 12.0
0.41296  0.000049992 12.0
0.41302  0.000029117 12.0
0.41324  0.000089356 12.0
0.41326  0.000080410 12.0
0.41328  0.000075042 12.0
0.41329  0.000070569 12.0
0.41330  0.000067885 12.0
0.41330  0.000065201 12.0
0.41331  0.000064306 12.0
0.41331  0.000061622 12.0
0.41332  0.000058044 12.0
0.41333  0.000054465 12.0
0.41335  0.000049097 12.0
0.41336  0.000044624 12.0
0.41361  0.000093829 12.0
0.41362  0.000090250 12.0
0.41364  0.000085777 12.0
0.41364  0.000083093 12.0
0.41365  0.000078620 12.0
0.41366  0.000076831 12.0
0.41370  0.000060727 12.0
0.41371  0.000057149 12.0
0.41372  0.000053570 12.0
0.41374  0.000048203 12.0
0.41376  0.000041045 12.0
0.41376  0.000040151 12.0
0.41398  0.00010099 12.0
0.41398  0.00010009 12.0
0.41399  0.000099197 12.0
0.41399  0.000098302 12.0
0.41401  0.000091145 12.0
0.41402  0.000086672 12.0
0.41406  0.000072358 12.0
0.41406  0.000069674 12.0
0.41407  0.000066990 12.0
0.41408  0.000063411 12.0
0.41411  0.000052676 12.0
0.41412  0.000047308 12.0
0.41413  0.000046413 12.0
0.41414  0.000042835 12.0
0.41414  0.000041940 12.0
0.41415  0.000039256 12.0
0.41415  0.000038361 12.0
0.41415  0.000037467 12.0
0.41438  0.000097407 12.0
0.41439  0.000092934 12.0
0.41439  0.000092039 12.0
0.41441  0.000083988 12.0
0.41442  0.000081304 12.0
0.41442  0.000079515 12.0
0.41443  0.000075936 12.0
0.41444  0.000074147 12.0
0.41448  0.000059833 12.0
0.41449  0.000056254 12.0
0.41451  0.000045518 12.0
0.41454  0.000036572 12.0
0.41476  0.000096513 12.0
0.41477  0.000094723 12.0
0.41479  0.000087566 12.0
0.41481  0.000077725 12.0
0.41483  0.000071463 12.0
0.41484  0.000068779 12.0
0.41485  0.000066095 12.0
0.41485  0.000062516 12.0
0.41486  0.000058938 12.0
0.41487  0.000055359 12.0
0.41488  0.000051781 12.0
0.41491  0.000043729 12.0
0.41493  0.000035677 12.0
0.41493  0.000034783 12.0
0.41493  0.000033888 12.0
0.41493  0.000032993 12.0
0.41494  0.000032099 12.0
0.41494  0.000031204 12.0
0.41494  0.000030310 12.0
0.41515  0.000095618 12.0
0.41517  0.000088461 12.0
0.41518  0.000084882 12.0
0.41519  0.000082198 12.0
0.41521  0.000073252 12.0
0.41527  0.000050886 12.0
0.41527  0.000049991 12.0
0.41533  0.000029117 12.0
0.41555  0.000089355 12.0
0.41558  0.000080409 12.0
0.41559  0.000075041 12.0
0.41560  0.000070568 12.0
0.41561  0.000067884 12.0
0.41562  0.000065200 12.0
0.41562  0.000064305 12.0
0.41563  0.000061622 12.0
0.41564  0.000058043 12.0
0.41565  0.000054464 12.0
0.41566  0.000049097 12.0
0.41567  0.000044623 12.0
0.41593  0.000093828 12.0
0.41594  0.000090250 12.0
0.41595  0.000085777 12.0
0.41596  0.000083093 12.0
0.41597  0.000078620 12.0
0.41597  0.000076830 12.0
0.41602  0.000060727 12.0
0.41603  0.000057148 12.0
0.41604  0.000053570 12.0
0.41605  0.000048202 12.0
0.41607  0.000041045 12.0
0.41607  0.000040150 12.0
0.41629  0.00010099 12.0
0.41630  0.00010009 12.0
0.41630  0.000099196 12.0
0.41630  0.000098301 12.0
0.41632  0.000091144 12.0
0.41633  0.000086671 12.0
0.41637  0.000072357 12.0
0.41638  0.000069673 12.0
0.41639  0.000066989 12.0
0.41639  0.000063411 12.0
0.41642  0.000052675 12.0
0.41644  0.000047307 12.0
0.41644  0.000046413 12.0
0.41645  0.000042834 12.0
0.41645  0.000041939 12.0
0.41646  0.000039255 12.0
0.41646  0.000038361 12.0
0.41646  0.000037466 12.0
0.41669  0.000097407 12.0
0.41670  0.000092934 12.0
0.41670  0.000092039 12.0
0.41673  0.000083987 12.0
0.41673  0.000081303 12.0
0.41674  0.000079514 12.0
0.41675  0.000075935 12.0
0.41675  0.000074146 12.0
0.41679  0.000059832 12.0
0.41680  0.000056253 12.0
0.41683  0.000045518 12.0
0.41685  0.000036571 12.0
0.41708  0.000096512 12.0
0.41708  0.000094723 12.0
0.41710  0.000087566 12.0
0.41713  0.000077725 12.0
0.41714  0.000071462 12.0
0.41715  0.000068778 12.0
0.41716  0.000066094 12.0
0.41717  0.000062516 12.0
0.41718  0.000058937 12.0
0.41719  0.000055359 12.0
0.41720  0.000051780 12.0
0.41722  0.000043728 12.0
0.41724  0.000035677 12.0
0.41724  0.000034782 12.0
0.41725  0.000033887 12.0
0.41725  0.000032993 12.0
0.41725  0.000032098 12.0
0.41725  0.000031204 12.0
0.41726  0.000030309 12.0
0.41747  0.000095617 12.0
0.41748  0.000088460 12.0
0.41749  0.000084882 12.0
0.41750  0.000082198 12.0
0.41753  0.000073251 12.0
0.41759  0.000050885 12.0
0.41759  0.000049991 12.0
0.41764  0.000029116 12.0
0.41787  0.000089355 12.0
0.41789  0.000080408 12.0
0.41791  0.000075041 12.0
0.41792  0.000070567 12.0
0.41793  0.000067883 12.0
0.41793  0.000065200 12.0
0.41794  0.000064305 12.0
0.41794  0.000061621 12.0
0.41795  0.000058042 12.0
0.41796  0.000054464 12.0
0.41798  0.000049096 12.0
0.41799  0.000044623 12.0
0.41824  0.000093828 12.0
0.41825  0.000090249 12.0
0.41826  0.000085776 12.0
0.41827  0.000083092 12.0
0.41828  0.000078619 12.0
0.41829  0.000076830 12.0
0.41833  0.000060726 12.0
0.41834  0.000057148 12.0
0.41835  0.000053569 12.0
0.41836  0.000048201 12.0
0.41838  0.000041044 12.0
0.41839  0.000040150 12.0
0.41861  0.00010098 12.0
0.41861  0.00010009 12.0
0.41861  0.000099196 12.0
0.41862  0.000098301 12.0
0.41863  0.000091144 12.0
0.41865  0.000086671 12.0
0.41868  0.000072356 12.0
0.41869  0.000069673 12.0
0.41870  0.000066989 12.0
0.41871  0.000063410 12.0
0.41874  0.000052674 12.0
0.41875  0.000047307 12.0
0.41875  0.000046412 12.0
0.41876  0.000042833 12.0
0.41877  0.000041939 12.0
0.41877  0.000039255 12.0
0.41878  0.000038360 12.0
0.41878  0.000037466 12.0
0.41900  0.000097406 12.0
0.41902  0.000092933 12.0
0.41902  0.000092038 12.0
0.41904  0.000083987 12.0
0.41905  0.000081303 12.0
0.41905  0.000079513 12.0
0.41906  0.000075935 12.0
0.41907  0.000074146 12.0
0.41910  0.000059831 12.0
0.41911  0.000056253 12.0
0.41914  0.000045517 12.0
0.41917  0.000036571 12.0
0.41939  0.000096511 12.0
0.41940  0.000094722 12.0
0.41942  0.000087565 12.0
0.41944  0.000077724 12.0
0.41946  0.000071462 12.0
0.41947  0.000068778 12.0
0.41947  0.000066094 12.0
0.41948  0.000062515 12.0
0.41949  0.000058937 12.0
0.41950  0.000055358 12.0
0.41951  0.000051780 12.0
0.41953  0.000043728 12.0
0.41955  0.000035676 12.0
0.41956  0.000034782 12.0
0.41956  0.000033887 12.0
0.41956  0.000032992 12.0
0.41956  0.000032098 12.0
0.41957  0.000031203 12.0
0.41957  0.000030308 12.0
0.41978  0.000095617 12.0
0.41980  0.000088460 12.0
0.41981  0.000084881 12.0
0.41982  0.000082197 12.0
0.41984  0.000073251 12.0
0.41990  0.000050885 12.0
0.41990  0.000049990 12.0
0.41996  0.000029115 12.0
0.42018  0.000089354 12.0
0.42021  0.000080408 12.0
0.42022  0.000075040 12.0
0.42023  0.000070567 12.0
0.42024  0.000067883 12.0
0.42025  0.000065199 12.0
0.42025  0.000064304 12.0
0.42026  0.000061620 12.0
0.42027  0.000058042 12.0
0.42028  0.000054463 12.0
0.42029  0.000049096 12.0
0.42030  0.000044622 12.0
0.42056  0.000093827 12.0
0.42057  0.000090249 12.0
0.42058  0.000085775 12.0
0.42058  0.000083092 12.0
0.42060  0.000078618 12.0
0.42060  0.000076829 12.0
0.42064  0.000060726 12.0
0.42065  0.000057147 12.0
0.42066  0.000053569 12.0
0.42068  0.000048201 12.0
0.42070  0.000041044 12.0
0.42070  0.000040149 12.0
0.42092  0.00010098 12.0
0.42092  0.00010009 12.0
0.42093  0.000099195 12.0
0.42093  0.000098300 12.0
0.42095  0.000091143 12.0
0.42096  0.000086670 12.0
0.42100  0.000072356 12.0
0.42101  0.000069672 12.0
0.42101  0.000066988 12.0
0.42102  0.000063410 12.0
0.42105  0.000052674 12.0
0.42107  0.000047306 12.0
0.42107  0.000046411 12.0
0.42108  0.000042833 12.0
0.42108  0.000041938 12.0
0.42109  0.000039254 12.0
0.42109  0.000038360 12.0
0.42109  0.000037465 12.0
0.42132  0.000097406 12.0
0.42133  0.000092932 12.0
0.42133  0.000092038 12.0
0.42135  0.000083986 12.0
0.42136  0.000081302 12.0
0.42137  0.000079513 12.0
0.42137  0.000075934 12.0
0.42138  0.000074145 12.0
0.42142  0.000059831 12.0
0.42143  0.000056252 12.0
0.42146  0.000045517 12.0
0.42148  0.000036570 12.0
0.42171  0.000096511 12.0
0.42171  0.000094722 12.0
0.42173  0.000087564 12.0
0.42176  0.000077723 12.0
0.42177  0.000071461 12.0
0.42178  0.000068777 12.0
0.42179  0.000066093 12.0
0.42180  0.000062515 12.0
0.42181  0.000058936 12.0
0.42182  0.000055358 12.0
0.42183  0.000051779 12.0
0.42185  0.000043727 12.0
0.42187  0.000035676 12.0
0.42187  0.000034781 12.0
0.42187  0.000033886 12.0
0.42188  0.000032992 12.0
0.42188  0.000032097 12.0
0.42188  0.000031202 12.0
0.42188  0.000030308 12.0
0.42209  0.000095616 12.0
0.42211  0.000088459 12.0
0.42212  0.000084880 12.0
0.42213  0.000082197 12.0
0.42215  0.000073250 12.0
0.42221  0.000050884 12.0
0.42222  0.000049990 12.0
0.42227  0.000029115 12.0
0.42250  0.000089354 12.0
0.42252  0.000080407 12.0
0.42253  0.000075039 12.0
0.42255  0.000070566 12.0
0.42255  0.000067882 12.0
0.42256  0.000065198 12.0
0.42256  0.000064304 12.0
0.42257  0.000061620 12.0
0.42258  0.000058041 12.0
0.42259  0.000054463 12.0
0.42260  0.000049095 12.0
0.42262  0.000044622 12.0
0.42287  0.000093827 12.0
0.42288  0.000090248 12.0
0.42289  0.000085775 12.0
0.42290  0.000083091 12.0
0.42291  0.000078618 12.0
0.42291  0.000076829 12.0
0.42296  0.000060725 12.0
0.42297  0.000057147 12.0
0.42298  0.000053568 12.0
0.42299  0.000048200 12.0
0.42301  0.000041043 12.0
0.42301  0.000040148 12.0
0.42324  0.00010098 12.0
0.42324  0.00010009 12.0
0.42324  0.000099194 12.0
0.42324  0.000098300 12.0
0.42326  0.000091143 12.0
0.42327  0.000086669 12.0
0.42331  0.000072355 12.0
0.42332  0.000069671 12.0
0.42333  0.000066987 12.0
0.42334  0.000063409 12.0
0.42337  0.000052673 12.0
0.42338  0.000047305 12.0
0.42338  0.000046411 12.0
0.42339  0.000042832 12.0
0.42339  0.000041938 12.0
0.42340  0.000039254 12.0
0.42340  0.000038359 12.0
0.42341  0.000037464 12.0
0.42363  0.000097405 12.0
0.42364  0.000092932 12.0
0.42365  0.000092037 12.0
0.42367  0.000083985 12.0
0.42367  0.000081302 12.0
0.42368  0.000079512 12.0
0.42369  0.000075934 12.0
0.42369  0.000074144 12.0
0.42373  0.000059830 12.0
0.42374  0.000056252 12.0
0.42377  0.000045516 12.0
0.42379  0.000036570 12.0
0.42402  0.000096510 12.0
0.42402  0.000094721 12.0
0.42404  0.000087564 12.0
0.42407  0.000077723 12.0
0.42409  0.000071460 12.0
0.42409  0.000068777 12.0
0.42410  0.000066093 12.0
0.42411  0.000062514 12.0
0.42412  0.000058936 12.0
0.42413  0.000055357 12.0
0.42414  0.000051778 12.0
0.42416  0.000043727 12.0
0.42418  0.000035675 12.0
0.42418  0.000034780 12.0
0.42419  0.000033886 12.0
0.42419  0.000032991 12.0
0.42419  0.000032096 12.0
0.42419  0.000031202 12.0
0.42420  0.000030307 12.0
0.42421  0.000095616 12.0
0.42423  0.000088458 12.0
0.42424  0.000084880 12.0
0.42425  0.000082196 12.0
0.42427  0.000073250 12.0
0.42433  0.000050884 12.0
0.42434  0.000049989 12.0
0.42439  0.000029114 12.0
0.42442  0.000089353 12.0
0.42445  0.000080407 12.0
0.42446  0.000075039 12.0
0.42447  0.000070566 12.0
0.42448  0.000067882 12.0
0.42449  0.000065198 12.0
0.42449  0.000064303 12.0
0.42450  0.000061619 12.0
0.42451  0.000058041 12.0
0.42452  0.000054462 12.0
0.42453  0.000049094 12.0
0.42454  0.000044621 12.0
0.42460  0.000093826 12.0
0.42461  0.000090248 12.0
0.42463  0.000085774 12.0
0.42463  0.000083091 12.0
0.42465  0.000078617 12.0
0.42465  0.000076828 12.0
0.42469  0.000060725 12.0
0.42470  0.000057146 12.0
0.42471  0.000053568 12.0
0.42473  0.000048200 12.0
0.42475  0.000041043 12.0
0.42475  0.000040148 12.0
0.42497  0.00010116 12.0
0.42478  0.00010009 12.0
0.42478  0.000099194 12.0
0.42479  0.000098299 12.0
0.42480  0.000091142 12.0
0.42482  0.000086669 12.0
0.42486  0.000072355 12.0
0.42486  0.000069671 12.0
0.42487  0.000066987 12.0
0.42488  0.000063409 12.0
0.42491  0.000052673 12.0
0.42492  0.000047305 12.0
0.42492  0.000046410 12.0
0.42493  0.000042832 12.0
0.42494  0.000041937 12.0
0.42494  0.000039253 12.0
0.42495  0.000038359 12.0
0.42495  0.000037464 12.0
0.42498  0.000097405 12.0
0.42499  0.000092931 12.0
0.42500  0.000092037 12.0
0.42502  0.000083985 12.0
0.42502  0.000081301 12.0
0.42503  0.000079512 12.0
0.42504  0.000075933 12.0
0.42504  0.000074144 12.0
0.42508  0.000059830 12.0
0.42509  0.000056251 12.0
0.42512  0.000045516 12.0
0.42514  0.000036569 12.0
0.42555  0.000028592 12.0
