AR ATUCHA-1 -33.967 -59.209 PHWR 0 1179 79.65 40.99 0.00 11.66 57.08 87.86 100.45 95.02 69.52 87.37 85.83 98.28
AR EMBALSE -32.232 -64.442 PHWR 0 2015 99.13 99.14 99.08 99.53 97.84 100.33 100.23 99.98 100.08 68.90 0.00 34.56
AM ARMENIAN-2 40.181 44.147 PWR 0 1375 92.80 90.21 86.41 90.41 86.74 68.59 87.90 86.79 88.28 0.08 43.05 92.24
BE DOEL-1 51.323 4.259 PWR 0 1311 102.21 102.15 101.67 101.23 94.70 100.08 100.05 100.38 100.31 95.49 29.31 42.98
BE DOEL-2 51.323 4.259 PWR 0 1311 98.55 102.79 102.60 72.95 54.53 100.97 99.12 99.65 99.74 101.46 75.21 102.02
BE DOEL-3 51.325 4.257 PWR 1 3054 99.45 97.22 99.24 97.63 57.67 49.30 95.95 96.43 93.26 98.26 99.71 100.13
BE DOEL-4 51.325 4.257 PWR 0 2988 99.40 98.87 99.45 99.27 95.31 94.34 87.34 0.00 51.45 99.80 101.82 102.63
BE TIHANGE-1 50.533 5.271 PWR 0 2873 99.63 101.58 101.27 98.31 101.64 99.05 93.39 90.32 41.97 0.00 48.40 95.29
BE TIHANGE-2 50.533 5.271 PWR 1 3064 101.12 100.53 38.76 44.21 99.22 97.93 97.10 97.30 97.80 97.08 100.00 101.66
BE TIHANGE-3 50.532 5.271 PWR 0 3000 99.68 99.87 98.39 98.78 96.65 96.51 96.25 96.84 96.70 97.57 98.62 99.49
BR ANGRA-1 -23.008 -44.457 PWR 0 1882 72.73 69.04 0.00 17.34 73.92 79.50 76.94 78.29 80.11 79.29 76.44 67.03
BR ANGRA-2 -23.007 -44.458 PWR 0 3764 0.00 0.00 0.00 76.25 79.16 86.03 64.97 79.19 84.65 77.06 61.04 0.00
BG KOZLODUY-3 43.747 23.770 PWR 0 1375 95.92 98.85 98.45 75.57 52.12 17.13 58.70 96.90 99.44 100.98 102.23 102.72
BG KOZLODUY-4 43.747 23.770 PWR 0 1375 100.84 101.02 54.66 51.83 61.37 96.05 70.76 3.64 78.20 100.53 101.65 102.14
BG KOZLODUY-5 43.747 23.770 PWR 0 3000 98.15 94.15 72.71 72.70 42.06 0.00 0.00 29.94 89.32 97.48 98.78 99.80
BG KOZLODUY-6 43.746 23.771 PWR 0 3000 97.83 97.13 99.12 99.11 94.35 93.80 93.58 74.02 0.00 0.00 35.08 100.24
CA BRUCE-1 44.341 -81.572 PHWR 0 0.00 0.00 0.00 0.00 0.00 0.00 0.00 0.00 0.00 0.00 0.00 0.00 0.00
CA BRUCE-2 44.341 -81.572 PHWR 0 0.00 0.00 0.00 0.00 0.00 0.00 0.00 0.00 0.00 0.00 0.00 0.00 0.00
CA CA-10BRUCE-3 44.341 -81.572 PHWR 0 2832 23.63 0.00 59.86 68.39 100.40 99.10 99.27 97.75 61.18 99.47 99.79 86.72
CA BRUCE-4 44.342 -81.572 PHWR 0 2832 100.28 100.16 36.64 1.81 82.14 99.81 98.45 96.33 98.46 100.05 90.13 100.29
CA BRUCE-5 44.320 -81.588 PHWR 0 2832 98.66 98.97 93.66 61.24 99.24 99.15 98.26 97.76 97.77 23.12 0.00 19.41
CA BRUCE-6 44.319 -81.588 PHWR 0 2690 69.18 90.80 99.22 33.31 29.57 98.67 99.44 98.93 99.20 100.05 87.46 43.01
CA BRUCE-7 44.319 -81.588 PHWR 0 2832 97.21 82.53 99.81 99.41 21.21 0.00 0.00 52.61 96.12 97.10 96.72 97.94
CA BRUCE-8 44.318 -81.588 PHWR 0 2690 100.76 100.59 100.69 100.25 99.97 100.00 99.59 98.81 98.60 99.78 99.89 95.79
CA DARLINGTON-1 43.867 -78.724 PHWR 0 2776 83.18 99.47 98.97 99.26 99.15 99.33 97.16 95.58 83.06 95.38 99.23 98.88
CA DARLINGTON-2 43.867 -78.724 PHWR 0 2776 99.06 99.26 54.89 0.00 12.24 99.23 97.52 96.20 97.69 91.19 100.14 98.05
CA DARLINGTON-3 43.866 -78.724 PHWR 0 2776 90.15 100.61 100.41 100.32 99.50 99.48 97.42 95.62 96.50 99.04 99.93 100.22
CA DARLINGTON-4 43.866 -78.724 PHWR 0 2776 96.89 99.60 100.04 55.07 99.45 99.35 96.85 92.11 93.48 0.00 92.01 100.50
CA GENTILLY-2 46.394 -72.355 PHWR 0 2156 97.58 96.98 97.24 47.64 0.00 49.36 95.57 95.81 97.26 97.83 97.92 95.19
CA PICKERING-1 43.812 -79.070 PHWR 0 1744 0.00 0.00 0.00 0.00 0.00 0.00 0.00 0.00 0.00 0.00 56.49 98.00
CA PICKERING-4 43.811 -79.067 PHWR 0 1744 99.35 100.04 100.86 5.66 0.00 0.00 38.22 97.96 98.60 99.28 70.74 86.66
CA PICKERING-5 43.811 -79.065 PHWR 0 1744 98.67 32.86 0.00 0.00 0.00 0.00 73.22 88.32 97.08 98.21 45.55 86.72
CA PICKERING-6 43.811 -79.064 PHWR 0 1744 99.70 99.91 99.79 100.46 99.94 99.15 91.35 68.36 0.00 0.00 0.00 0.00
CA PICKERING-7 43.810 -79.063 PHWR 0 1744 78.43 100.73 100.71 99.55 98.40 98.22 98.02 96.28 98.11 98.31 99.60 99.86
CA PICKERING-8 43.810 -79.062 PHWR 0 1744 97.95 98.90 98.97 77.24 98.75 96.66 96.79 63.64 96.28 96.10 95.50 97.37
CA POINTLEPREAU 45.068 -66.455 PHWR 0 2180 92.82 92.69 89.78 36.55 9.40 91.38 91.00 81.54 90.05 90.02 89.68 89.52
CN CEFR 39.739 116.030 FBR 0 0.00 0.00 0.00 0.00 0.00 0.00 0.00 0.00 0.00 0.00 0.00 0.00 0.00
CN DAYABAY-1 22.599 114.544 PWR 0 2905 100.52 100.83 100.75 100.89 100.07 99.67 99.42 99.61 99.02 99.04 98.79 100.14
CN DAYABAY-2 22.599 114.544 PWR 0 2905 100.32 100.35 100.52 100.45 99.60 99.44 99.46 99.55 82.60 0.00 0.00 74.54
CN HONGYANHE-1 39.7958 121.4806 PWR 0 0.00 0.00 0.00 0.00 0.00 0.00 0.00 0.00 0.00 0.00 0.00 0.00 0.00
CN HONGYANHE-2 39.7958 121.4806 PWR 0 0.00 0.00 0.00 0.00 0.00 0.00 0.00 0.00 0.00 0.00 0.00 0.00 0.00
CN LINGAO-1 22.606 114.550 PWR 0 2905 94.81 2.07 3.57 99.40 100.63 99.13 100.18 99.97 99.85 99.98 100.70 102.43
CN LINGAO-2 22.605 114.550 PWR 0 2905 53.12 96.96 99.69 101.53 101.10 100.93 100.73 92.00 100.30 100.50 101.06 53.60
CN QINSHAN-1 30.440 120.950 PWR 0 966 102.94 53.13 0.00 93.73 101.42 100.94 93.26 96.44 99.01 98.84 101.24 101.13
CN QINSHAN2-1 30.421 120.945 PWR 0 1930 104.00 102.89 90.14 1.69 100.66 101.37 99.67 99.86 100.64 102.63 103.01 102.69
CN QINSHAN2-2 30.421 120.946 PWR 0 1930 103.02 98.86 103.17 103.84 53.75 0.00 44.77 100.25 101.30 101.84 102.50 102.48
CN QINSHAN3-1 30.436 120.961 PHWR 0 2064 103.98 102.99 103.38 103.79 102.74 65.76 98.94 99.00 99.97 80.65 47.78 0.00
CN QINSHAN3-2 30.435 120.961 PHWR 0 2064 101.12 99.73 84.53 0.00 8.63 98.66 96.53 96.20 75.81 86.32 100.55 101.02
TW CHINSHAN-1 25.292 121.567 BWR 0 1840 100.58 101.24 100.85 100.17 98.86 97.52 94.46 89.27 0.37 53.09 100.20 100.68
TW CHINSHAN-2 25.292 121.568 BWR 0 1840 101.37 50.06 0.05 90.17 100.62 99.88 93.00 96.07 94.03 99.08 99.46 101.59
TW KUOSHENG-1 25.203 121.662 BWR 0 2943 99.77 100.79 100.02 100.26 98.87 98.72 94.03 95.07 94.68 97.90 98.42 99.42
TW KUOSHENG-2 25.203 121.662 BWR 0 2943 98.54 98.60 96.45 97.94 97.98 97.10 92.51 93.40 94.08 47.49 0.00 60.15
TW MAANSHAN-1 21.959 120.753 PWR 0 2822 102.38 102.19 93.47 96.22 100.05 100.42 98.75 100.19 99.90 99.82 94.22 98.00
TW MAANSHAN-2 21.959 120.754 PWR 0 2822 90.65 96.33 97.17 34.66 46.65 102.01 98.99 100.61 61.98 99.87 101.85 101.50
CZ DUKOVANY-1 49.089 16.149 PWR 0 1444 101.85 103.06 102.52 102.78 101.32 101.02 100.06 99.52 46.19 43.68 101.99 102.01
CZ DUKOVANY-2 49.089 16.149 PWR 0 1444 102.31 102.31 101.84 100.67 37.85 55.28 99.21 99.82 100.30 100.75 101.44 100.55
CZ DUKOVANY-3 49.089 16.149 PWR 0 1444 101.17 62.73 0.00 0.56 95.85 98.39 98.14 95.68 96.20 101.06 101.98 102.57
CZ DUKOVANY-4 49.088 16.149 PWR 0 1444 101.88 101.76 101.71 101.19 100.30 99.97 99.93 94.06 98.52 83.19 2.11 100.80
CZ TEMELIN-1 49.181 14.377 PWR 0 3120 101.09 101.60 89.30 10.16 99.98 89.96 93.02 0.00 0.00 65.71 94.23 51.49
CZ TEMELIN-2 49.181 14.377 PWR 0 3120 83.36 96.16 94.11 24.55 0.00 0.00 37.03 89.14 90.77 99.26 90.63 99.54
FI LOVIISA-1 60.372 26.342 PWR 0 1500 101.62 101.86 101.66 98.67 101.03 101.19 87.93 45.03 99.21 100.31 101.27 101.90
FI LOVIISA-2 60.371 26.343 PWR 0 1500 102.12 101.90 101.91 101.98 101.35 100.98 97.04 52.75 80.61 100.80 101.55 101.98
FI OLKILUOTO-1 61.235 21.444 BWR 0 2500 101.12 101.42 100.95 101.23 99.86 73.17 98.90 98.34 99.04 100.57 101.15 101.60
FI OLKILUOTO-2 61.235 21.445 BWR 0 2500 101.31 101.03 101.10 101.07 27.54 100.68 97.70 97.50 99.00 99.93 100.73 100.66
FR BELLEVILLE-1 47.511 2.871 PWR 0 3817 89.74 97.29 87.65 93.44 87.49 84.69 86.05 78.87 87.76 94.42 90.49 93.16
FR BELLEVILLE-2 47.510 2.871 PWR 0 3817 95.82 95.82 83.09 20.22 23.21 92.60 90.45 89.22 92.48 92.52 95.03 96.65
FR BLAYAIS-1 45.256 -0.691 PWR 1 2785 97.19 100.25 76.95 0.00 93.28 92.19 86.06 95.54 94.69 98.78 99.87 100.73
FR BLAYAIS-2 45.256 -0.691 PWR 1 2785 104.03 105.05 104.59 99.29 65.87 0.00 56.93 98.29 100.22 101.07 103.13 103.24
FR BLAYAIS-3 45.256 -0.690 PWR 0 2785 100.46 100.55 84.80 93.85 99.30 97.13 97.19 67.21 84.30 47.01 0.00 13.53
FR BLAYAIS-4 45.256 -0.690 PWR 0 2785 92.59 86.75 96.54 94.69 83.10 86.56 19.44 0.00 0.00 64.10 100.11 99.28
FR BUGEY-2 45.798 5.267 PWR 0 2785 88.08 49.98 0.56 98.04 96.97 88.55 77.49 91.94 94.67 88.73 90.82 92.46
FR BUGEY-3 45.798 5.268 PWR 0 2785 99.62 99.66 86.88 81.72 14.69 13.59 70.28 81.54 91.92 80.41 65.94 89.03
FR BUGEY-4 45.800 5.267 PWR 0 2785 99.61 98.28 94.94 96.04 90.99 65.69 81.09 83.63 4.18 42.59 88.88 99.41
FR BUGEY-5 45.800 5.268 PWR 0 2785 92.48 100.19 98.76 92.91 87.51 74.44 84.82 83.80 91.05 92.75 95.58 99.34
FR CATTENOM-1 49.416 6.217 PWR 0 3817 87.57 79.83 28.99 12.86 96.58 94.30 95.30 95.73 95.38 97.03 98.93 98.82
FR CATTENOM-2 49.416 6.217 PWR 0 3817 93.27 98.63 89.72 89.42 93.43 96.92 92.45 79.17 21.84 33.61 94.86 92.15
FR CATTENOM-3 49.415 6.217 PWR 0 3817 100.57 100.36 98.70 97.44 87.94 44.83 17.03 96.89 95.95 92.77 97.01 99.71
FR CATTENOM-4 49.415 6.217 PWR 0 3817 93.94 96.77 87.73 92.35 87.53 81.36 71.95 66.81 84.49 92.00 93.47 97.33
FR CHINONB-1 47.230 0.168 PWR 1 2785 96.02 95.82 95.98 95.44 81.34 0.00 45.60 94.14 92.91 93.77 92.61 94.85
FR CHINONB-2 47.229 0.168 PWR 1 2785 96.41 96.81 96.76 96.95 91.30 92.49 95.17 85.38 60.82 2.01 96.84 98.68
FR CHINONB-3 47.224 0.171 PWR 1 2785 79.20 90.79 82.60 90.78 70.50 67.77 22.91 0.00 83.29 88.50 84.88 89.14
FR CHINONB-4 47.224 0.171 PWR 1 2785 91.23 91.60 83.21 39.81 11.55 86.39 0.00 87.42 93.84 83.25 49.12 95.64
FR CHOOZB-1 50.089 4.791 PWR 0 4270 16.81 0.00 0.00 20.16 99.08 98.51 91.36 98.49 99.28 100.13 99.60 97.41
FR CHOOZB-2 50.089 4.791 PWR 0 4270 100.29 98.86 88.17 36.15 0.00 65.10 90.44 93.81 95.87 90.32 85.89 98.66
FR CIVAUX-1 46.457 0.654 PWR 0 4270 101.27 73.27 99.97 90.16 30.23 0.00 8.89 83.72 97.45 99.03 100.84 101.03
FR CIVAUX-2 46.457 0.655 PWR 0 4270 94.57 100.34 99.90 98.47 91.98 92.15 78.10 11.74 0.00 20.78 94.98 100.92
FR CRUAS-1 44.634 4.757 PWR 0 2785 74.39 98.47 45.30 0.00 0.00 20.56 94.69 89.02 95.39 88.82 96.58 98.38
FR CRUAS-2 44.633 4.757 PWR 0 2785 96.71 98.31 97.13 92.17 93.60 92.30 79.54 10.80 30.39 96.70 88.14 98.80
FR CRUAS-3 44.633 4.757 PWR 0 2785 101.06 74.63 98.81 96.78 97.06 51.60 32.50 95.81 95.83 96.93 97.86 98.94
FR CRUAS-4 44.632 4.757 PWR 0 2785 95.88 98.56 94.82 85.82 98.52 94.09 87.90 89.78 54.82 25.06 19.02 92.29
FR DAMPIERRE-1 47.732 2.513 PWR 1 2785 89.27 96.59 83.88 19.42 7.17 91.09 89.05 77.68 84.92 81.73 89.30 90.21
FR DAMPIERRE-2 47.732 2.514 PWR 1 2785 0.00 0.00 22.62 94.85 81.39 79.85 90.45 84.75 89.88 78.90 87.49 94.85
FR DAMPIERRE-3 47.732 2.515 PWR 1 2785 100.20 96.53 77.99 95.33 94.75 95.52 84.17 29.33 5.73 94.65 90.75 96.27
FR DAMPIERRE-4 47.732 2.516 PWR 1 2785 94.00 98.03 96.26 93.52 56.56 16.88 91.83 87.77 93.56 93.69 95.32 93.37
FR FESSENHEIM-1 47.903 7.564 PWR 0 2785 94.13 96.87 92.40 90.33 74.97 96.66 93.57 86.31 49.49 0.00 0.00 74.46
FR FESSENHEIM-2 47.903 7.565 PWR 0 2785 86.36 45.06 4.89 97.82 96.72 93.90 94.63 87.49 95.32 95.56 96.89 96.63
FR FLAMANVILLE-1 49.537 -1.881 PWR 0 3817 97.00 93.26 82.72 1.82 62.02 74.02 88.59 84.19 89.20 89.67 78.20 95.68
FR FLAMANVILLE-2 49.537 -1.881 PWR 0 3817 92.33 96.14 94.73 97.56 97.64 95.99 94.79 84.76 22.78 48.97 86.27 95.38
FR GOLFECH-1 44.105 0.845 PWR 0 3817 93.10 99.98 89.46 95.67 84.04 24.89 0.00 28.40 96.04 97.38 98.92 99.70
FR GOLFECH-2 44.104 0.845 PWR 0 3817 87.94 96.96 92.34 87.83 76.16 75.55 78.38 74.18 85.38 90.35 97.39 97.45
FR GRAVELINES-1 51.014 2.138 PWR 1 2785 91.03 97.79 94.18 91.19 75.30 94.66 91.77 83.28 4.53 15.99 97.45 95.66
FR GRAVELINES-2 51.013 2.138 PWR 1 2785 92.87 98.56 88.99 99.21 88.47 26.11 53.38 77.74 93.61 92.19 94.28 92.27
FR GRAVELINES-3 51.013 2.138 PWR 1 2785 98.61 90.54 29.55 0.00 35.27 93.88 86.72 94.77 95.62 96.75 97.83 95.80
FR GRAVELINES-4 51.012 2.138 PWR 1 2785 97.62 92.78 96.74 97.81 96.32 96.66 89.16 0.00 36.71 67.43 99.29 99.87
FR GRAVELINES-5 51.012 2.138 PWR 0 2785 97.94 94.63 86.90 28.41 0.00 82.67 95.34 94.24 95.98 96.66 96.85 95.98
FR GRAVELINES-6 51.011 2.138 PWR 0 2785 96.38 101.33 93.92 100.52 95.28 87.48 91.21 98.30 85.21 15.25 19.83 99.99
FR NOGENT-1 48.517 3.520 PWR 0 3817 97.91 99.76 94.48 98.32 97.86 93.88 59.80 0.00 0.00 54.08 99.37 99.25
FR NOGENT-2 48.516 3.520 PWR 0 3817 98.33 99.22 96.24 96.57 95.33 89.59 92.31 88.57 90.45 17.92 0.00 15.14
FR PALUEL-1 49.857 0.635 PWR 0 3817 90.42 95.04 91.08 86.00 88.20 89.59 90.21 87.08 89.62 91.24 96.28 93.85
FR PALUEL-2 49.856 0.635 PWR 0 3817 93.10 96.80 83.71 92.85 0.00 0.00 0.00 19.86 94.57 94.25 81.73 93.36
FR PALUEL-3 49.856 0.635 PWR 0 3817 94.49 96.79 94.39 47.85 95.92 95.00 30.62 81.27 84.59 0.00 29.82 91.31
FR PALUEL-4 49.856 0.635 PWR 0 3817 88.13 95.10 93.90 90.92 87.87 85.11 17.78 75.91 85.05 93.90 90.72 94.50
FR PENLY-1 49.975 1.215 PWR 0 3817 87.47 50.39 0.00 11.67 72.50 93.84 93.01 85.55 91.88 93.04 94.78 98.28
FR PENLY-2 49.975 1.215 PWR 0 3817 82.63 91.22 86.60 90.80 95.04 96.81 94.83 52.86 0.00 60.57 90.91 95.44
FR PHENIX 44.1502 4.7000 FBR 1 345 87.88 75.26 79.77 89.05 21.35 56.55 92.90 76.43 0.00 74.68 92.45 100.45
FR ST.ALBAN-1 45.404 4.754 PWR 0 3817 72.90 0.00 81.35 93.53 90.68 89.51 90.46 82.72 96.41 95.57 95.97 99.16
FR ST.ALBAN-2 45.404 4.755 PWR 0 3817 92.27 64.86 86.93 1.99 1.78 77.63 67.63 76.33 89.53 94.60 89.17 0.49
FR ST.LAURENTB-1 47.721 1.581 PWR 1 2785 98.97 99.35 98.15 92.59 52.82 0.00 0.00 0.00 77.97 95.75 95.61 97.75
FR ST.LAURENTB-2 47.720 1.581 PWR 1 2785 87.94 30.27 0.00 76.70 79.88 81.07 32.63 91.74 91.44 91.33 95.20 97.14
FR TRICASTIN-1 44.330 4.733 PWR 1 2785 96.78 91.19 94.16 63.06 0.00 49.51 56.01 50.83 92.37 95.35 97.19 88.53
FR TRICASTIN-2 44.330 4.733 PWR 1 2785 95.88 97.36 94.93 94.43 93.61 65.18 92.32 24.01 54.56 86.69 83.48 0.00
FR TRICASTIN-3 44.331 4.733 PWR 1 2785 96.61 87.01 9.25 81.89 93.52 82.19 87.33 83.24 93.06 84.56 83.04 101.65
FR TRICASTIN-4 44.331 4.733 PWR 1 2785 100.82 100.33 90.19 100.01 93.88 76.78 13.40 68.22 76.12 94.77 97.07 64.30
DE BIBLIS-A 49.709 8.415 PWR 0 3517 98.21 99.62 58.08 0.00 0.00 29.66 93.54 92.53 96.85 97.27 99.19 99.07
DE BIBLIS-B 49.708 8.415 PWR 0 3733 99.42 99.95 87.20 98.52 96.69 94.92 91.11 71.39 3.73 0.00 0.00 20.22
DE BROKDORF 53.850 9.345 PWR 1 3900 99.05 99.92 99.74 99.90 98.90 53.76 93.84 97.75 98.48 98.63 99.93 99.49
DE BRUNSBUETTEL 53.891 9.202 BWR 0 2292 101.17 100.27 100.12 99.63 96.66 86.44 4.22 85.75 97.99 99.25 100.56 100.78
DE EMSLAND 52.471 7.322 PWR 0 3850 100.33 101.19 100.18 100.35 85.16 36.58 98.47 99.22 99.08 99.60 100.59 100.91
DE GRAFENRHEINFELD 49.984 10.186 PWR 1 3765 99.97 100.89 100.37 70.16 27.21 98.03 97.73 96.94 98.15 97.65 99.43 100.35
DE GROHNDE 52.033 9.412 PWR 1 3900 92.88 98.70 96.27 95.47 44.05 95.13 89.92 93.30 94.28 96.64 97.26 99.37
DE GUNDREMMINGEN-B 48.515 10.404 BWR 1 3840 101.17 100.71 96.05 70.42 57.17 99.52 99.38 99.85 98.09 100.27 83.08 93.53
DE GUNDREMMINGEN-C 48.515 10.404 BWR 1 3840 99.28 100.13 99.02 98.10 99.79 98.52 97.34 91.15 82.83 55.13 42.44 101.58
DE ISAR-1 48.607 12.296 BWR 0 2575 100.46 64.69 100.11 99.04 98.17 92.51 96.09 97.45 96.21 100.21 99.76 97.11
DE ISAR-2 48.607 12.296 PWR 1 3950 101.37 101.86 100.89 100.35 98.09 96.88 23.27 66.18 98.38 99.18 101.35 100.81
DE KRUEMMEL 53.410 10.410 BWR 0 3690 101.05 101.29 98.77 100.73 99.41 98.07 96.12 13.58 0.00 88.46 101.90 106.16
DE NECKARWESTHEIM-1 49.039 9.176 PWR 1 2497 81.82 58.81 100.49 101.57 97.41 51.00 53.67 95.32 96.38 92.31 96.57 98.72
DE NECKARWESTHEIM-2 49.039 9.176 PWR 0 3850 100.91 101.24 100.66 100.44 99.61 98.73 96.22 43.22 97.42 99.22 100.14 100.87
DE OBRIGHEIM 49.364 9.076 PWR 0 1050 91.47 98.79 83.83 60.73 15.76 0.00 0.00 0.00 0.00 0.00 0.00 0.00
DE PHILIPPSBURG-1 49.253 8.432 BWR 0 2575 97.42 98.67 96.79 91.28 0.00 18.60 96.13 97.21 95.86 97.60 57.35 48.82
DE PHILIPPSBURG-2 49.253 8.433 PWR 1 3950 98.75 98.94 98.54 98.29 96.34 88.95 39.41 59.43 96.19 97.26 97.38 97.46
DE UNTERWESER 53.429 8.477 PWR 1 3900 92.65 100.44 100.74 100.59 68.82 0.00 0.00 52.51 91.36 99.66 100.58 100.25
HU PAKS-1 46.574 18.855 PWR 0 1485 99.83 98.36 99.67 26.56 74.81 99.64 99.82 99.36 99.99 99.91 99.90 99.67
HU PAKS-2 46.574 18.856 PWR 0 1485 0.00 0.00 8.81 97.76 99.84 99.91 99.89 99.89 99.94 99.99 99.96 99.67
HU PAKS-3 46.574 18.857 PWR 0 1485 99.87 99.99 99.78 99.86 97.78 99.95 99.89 99.94 29.86 0.00 35.02 99.66
HU PAKS-4 46.574 18.858 PWR 0 1485 99.84 99.83 99.77 99.96 18.02 79.12 99.91 99.98 99.99 99.99 99.93 99.82
IN KAIGA-1 14.865 74.438 PHWR 0 801 77.83 71.96 89.86 94.45 73.00 66.52 5.93 67.54 58.75 67.82 62.33 67.65
IN KAIGA-2 14.865 74.438 PHWR 0 801 89.79 79.67 92.63 94.87 83.40 91.46 94.53 75.52 94.87 84.21 74.36 68.20
IN KAKRAPAR-1 21.236 73.351 PHWR 0 801 72.63 72.89 72.14 65.66 65.26 65.69 66.30 66.18 45.71 13.40 66.91 67.10
IN KAKRAPAR-2 21.235 73.351 PHWR 0 801 7.59 84.43 87.60 87.63 87.69 88.36 87.77 66.83 66.95 53.48 67.66 67.34
IN MADRAS-1 12.557 80.177 PHWR 0 801 0.00 0.00 0.00 0.00 0.00 0.00 0.00 0.00 0.00 0.00 0.00 0.00
IN MADRAS-2 12.557 80.177 PHWR 0 801 96.71 108.77 123.50 124.45 124.62 80.98 107.91 121.45 121.41 95.61 109.65 89.25
IN NARORA-1 28.156 78.409 PHWR 0 801 76.93 84.42 84.13 82.26 79.44 66.07 52.72 75.55 69.92 52.28 0.00 0.00
IN NARORA-2 28.155 78.409 PHWR 0 801 83.07 84.05 83.56 74.81 11.00 58.48 75.65 64.38 72.35 72.86 74.60 76.07
IN RAJASTHAN-1 24.876 75.608 PHWR 0 346 0.00 0.00 0.00 0.00 0.00 0.00 0.00 0.00 0.00 0.00 0.00 0.00
IN RAJASTHAN-2 24.876 75.609 PHWR 0 693 61.61 78.58 61.29 61.21 52.30 68.03 68.60 74.52 79.28 76.09 74.50 76.34
IN RAJASTHAN-3 24.872 75.619 PHWR 0 801 85.16 89.93 89.83 88.81 89.40 77.77 86.72 85.48 86.07 67.35 81.75 81.29
IN RAJASTHAN-4 24.872 75.619 PHWR 0 801 96.49 97.49 90.10 18.51 88.98 90.86 91.09 92.69 93.01 82.92 81.82 67.30
IN TARAPUR-1 19.834 72.657 BWR 0 530 101.51 100.97 97.86 96.26 97.06 97.11 96.04 98.39 98.84 0.00 0.00 0.00
IN TARAPUR-2 19.834 72.657 BWR 0 530 82.02 73.49 95.54 99.65 98.84 96.07 95.16 92.29 83.67 0.00 0.00 0.00
IN TARAPUR-3 19.830 72.663 PHWR 0 0.00 0.00 0.00 0.00 0.00 0.00 0.00 0.00 0.00 0.00 0.00 0.00 0.00
IN TARAPUR-4 19.830 72.664 PHWR 0 1730 0.00 0.00 0.00 0.00 0.00 0.00 9.02 4.06 45.77 74.99 64.97 76.35
JP FUKUSHIMA-DAIICHI-1 37.422 141.031 BWR 0 1380 0.00 0.00 0.00 0.00 0.00 0.00 23.89 33.12 0.00 7.67 99.57 99.60
JP FUKUSHIMA-DAIICHI-2 37.422 141.032 BWR 0 2381 0.00 1.85 98.69 55.29 0.00 0.00 85.77 98.84 98.85 27.46 55.85 90.09
JP FUKUSHIMA-DAIICHI-3 37.422 141.033 BWR 0 2381 0.00 0.00 19.62 98.56 99.68 99.76 99.90 99.44 99.33 99.48 99.88 99.81
JP FUKUSHIMA-DAIICHI-4 37.422 141.034 BWR 0 2381 0.00 0.00 0.00 82.34 99.69 78.89 0.00 0.00 0.00 0.00 0.00 12.43
JP FUKUSHIMA-DAIICHI-5 37.429 141.031 BWR 0 2381 0.00 0.00 0.00 0.00 0.00 66.13 99.33 69.77 0.00 65.20 99.36 99.33
JP FUKUSHIMA-DAIICHI-6 37.429 141.031 BWR 0 3293 0.00 57.97 100.63 100.71 100.56 100.60 100.36 100.20 100.04 99.95 100.19 63.40
JP FUKUSHIMA-DAINI-1 37.315 141.024 BWR 0 3293 0.00 0.00 0.00 19.99 79.48 81.58 100.03 62.85 70.61 99.86 100.33 100.15
JP FUKUSHIMA-DAINI-2 37.315 141.025 BWR 0 3293 100.31 100.38 100.32 100.37 100.28 100.14 99.86 99.57 99.35 75.37 0.00 0.00
JP FUKUSHIMA-DAINI-3 37.315 141.026 BWR 0 3293 0.00 0.00 0.00 0.00 0.00 0.00 0.00 0.00 0.00 0.00 0.00 45.28
JP FUKUSHIMA-DAINI-4 37.315 141.027 BWR 0 3293 100.30 100.42 60.41 0.00 0.00 0.00 0.00 27.41 99.99 100.25 100.43 100.25
JP GENKAI-1 33.518 129.837 PWR 0 1650 102.96 60.95 0.00 0.00 0.00 78.82 101.91 101.40 101.86 102.31 102.83 103.06
JP GENKAI-2 33.517 129.837 PWR 0 1650 103.80 103.83 103.87 103.96 103.47 103.11 30.09 0.00 17.48 102.74 103.71 104.05
JP GENKAI-3 33.517 129.837 PWR 0 3423 103.01 102.93 102.99 103.18 102.94 102.96 102.80 102.36 40.72 0.00 87.15 102.52
JP GENKAI-4 33.516 129.837 PWR 0 3423 102.41 102.34 102.35 44.09 0.00 79.82 101.88 101.74 101.82 101.68 102.19 102.46
JP HAMAOKA-1 34.6202 138.1516 BWR 0 1593 0.00 0.00 0.00 0.00 0.00 0.00 0.00 0.00 0.00 0.00 0.00 0.00
JP HAMAOKA-2 34.6202 138.1516 BWR 0 2436 0.00 0.00 0.00 0.00 0.00 0.00 0.00 0.00 0.00 0.00 0.00 0.00
JP HAMAOKA-3 34.620 138.141 BWR 0 3293 41.42 0.00 0.00 0.00 0.40 100.40 100.98 100.62 100.68 100.62 100.78 101.11
JP HAMAOKA-4 34.620 138.141 BWR 0 3293 100.48 100.55 100.50 100.58 100.37 100.24 100.24 99.91 100.03 100.00 100.29 100.54
JP HAMAOKA-5 34.619 138.141 BWR 0 3926 102.72 102.73 102.69 102.77 102.43 102.16 102.06 101.33 101.67 101.81 102.21 102.68
JP HIGASHIDORI1(TOHOKU) 41.188 141.393 BWR 0 3293 0.00 0.00 11.11 14.76 29.85 17.80 13.86 73.30 5.30 55.97 50.32 76.90
JP IKATA-1 33.491 132.309 PWR 0 1650 0.00 86.40 101.33 101.42 100.80 100.15 99.69 99.12 98.67 98.92 99.99 101.03
JP IKATA-2 33.491 132.310 PWR 0 1650 90.60 100.56 100.82 100.85 100.12 99.96 99.38 98.75 16.13 0.00 0.00 0.00
JP IKATA-3 33.491 132.312 PWR 0 2660 105.53 45.01 0.07 100.77 104.34 104.25 103.87 103.44 103.05 103.26 104.16 104.26
JP KASHIWAZAKIKARIWA-1 37.434 138.598 BWR 0 3293 100.95 10.92 56.59 95.30 94.23 41.37 0.00 0.00 0.00 0.00 0.00 0.00
JP KASHIWAZAKIKARIWA-2 37.434 138.598 BWR 0 3293 100.71 100.70 100.66 100.42 100.40 100.26 99.52 98.86 4.63 0.00 0.00 15.08
JP KASHIWAZAKIKARIWA-3 37.433 138.598 BWR 0 3293 53.97 0.00 0.00 0.00 54.25 100.24 99.90 99.45 99.76 67.55 100.55 97.53
JP KASHIWAZAKIKARIWA-4 37.433 138.598 BWR 0 3293 0.00 0.00 15.23 101.01 100.84 100.53 100.10 99.69 99.97 100.30 100.55 100.71
JP KASHIWAZAKIKARIWA-5 37.432 138.598 BWR 0 3293 100.74 100.73 100.74 100.80 100.53 99.95 7.28 0.00 0.00 70.19 100.88 100.93
JP KASHIWAZAKIKARIWA-6 37.432 138.598 BWR 0 3926 103.62 103.68 103.70 103.79 103.55 103.13 102.39 101.55 101.81 102.09 103.02 28.24
JP KASHIWAZAKIKARIWA-7 37.431 138.598 BWR 0 3926 102.32 101.26 0.00 0.00 0.00 17.31 101.72 101.17 101.48 101.83 102.53 102.58
JP MIHAMA-1 35.701 135.962 PWR 0 1031 83.51 13.59 71.56 84.80 0.00 0.00 0.00 16.39 74.89 0.00 61.89 103.86
JP MIHAMA-2 35.701 135.962 PWR 0 1456 26.00 0.00 89.52 102.71 102.32 100.77 99.46 97.79 98.98 100.37 101.27 102.00
JP MIHAMA-3 35.703 135.961 PWR 0 2440 0.00 0.00 0.00 0.00 0.00 0.00 0.00 0.00 0.00 0.00 0.00 0.00
JP OHI-1 35.544 135.652 PWR 0 3423 71.29 102.46 102.15 102.05 101.77 100.71 99.32 97.95 61.89 0.00 0.00 51.76
JP OHI-2 35.543 135.652 PWR 0 3423 103.44 103.56 49.53 0.00 0.00 17.28 84.75 100.99 101.44 102.37 103.13 87.06
JP OHI-3 35.542 135.652 PWR 0 3423 53.43 102.31 35.00 102.80 102.69 78.11 0.00 78.72 97.54 102.20 102.42 101.27
JP OHI-4 35.542 135.652 PWR 0 3423 102.31 102.95 102.13 102.65 102.44 102.16 101.88 101.38 102.09 102.31 102.52 82.51
JP ONAGAWA-1 38.400 141.504 BWR 0 1593 39.93 87.13 0.00 45.33 101.04 101.01 100.91 50.30 0.00 0.00 0.00 0.00
JP ONAGAWA-2 38.401 141.504 BWR 0 2436 67.25 0.00 0.00 0.00 2.06 100.05 100.66 50.20 0.00 0.00 0.00 0.00
JP ONAGAWA-3 38.401 141.504 BWR 0 2436 103.28 103.22 103.20 103.41 103.23 103.25 87.55 49.55 0.00 0.00 0.00 0.00
JP SENDAI-1 31.834 130.193 PWR 0 2660 102.00 102.05 102.34 102.33 102.04 101.96 101.58 101.31 101.49 101.60 102.01 39.21
JP SENDAI-2 31.834 130.193 PWR 0 2660 0.00 68.53 102.86 102.89 102.67 102.51 102.25 101.86 101.96 102.14 102.44 102.58
JP SHIKA-1 37.061 136.728 BWR 0 1593 102.52 102.48 102.61 20.32 102.29 101.57 101.02 100.30 100.89 101.47 101.83 101.84
JP SHIKA-2 37.061 136.729 BWR 0 3926 0.00 0.00 0.00 0.00 0.00 0.00 9.20 28.13 40.04 81.20 38.78 15.14
JP SHIMANE-1 35.537 132.999 BWR 0 1380 102.62 69.53 0.00 0.00 0.00 0.34 61.14 100.63 101.58 101.81 102.20 102.70
JP SHIMANE-2 35.537 133.000 BWR 0 2436 0.00 80.91 81.66 99.12 100.40 66.93 99.28 98.49 99.67 99.63 99.84 100.05
JP TAKAHAMA-1 35.520 135.503 PWR 0 2440 104.94 104.75 105.14 105.36 105.12 104.51 103.39 44.93 1.50 103.46 104.69 104.81
JP TAKAHAMA-2 35.520 135.503 PWR 0 2440 0.00 39.94 105.94 106.07 105.97 105.70 104.83 104.07 104.60 105.47 105.88 105.93
JP TAKAHAMA-3 35.521 135.503 PWR 0 2660 104.41 104.27 104.46 69.44 0.00 0.00 44.19 103.96 104.16 104.21 104.46 104.72
JP TAKAHAMA-4 35.521 135.503 PWR 0 2660 104.82 104.89 104.94 105.03 104.69 104.31 103.71 103.62 103.84 104.30 51.95 0.00
JP TOKAI-2 36.466 140.614 BWR 0 3293 101.58 101.51 101.50 73.96 0.00 0.00 0.00 0.00 0.57 100.38 101.44 101.43
JP TOMARI-1 43.038 140.515 PWR 0 1650 101.52 101.67 101.77 101.95 101.97 102.04 101.70 101.11 101.10 101.60 102.27 81.88
JP TOMARI-2 43.038 140.516 PWR 0 1650 103.00 103.06 103.10 103.21 103.17 102.87 102.22 12.60 20.32 101.89 102.12 102.27
JP TOMARI-3 43.034 140.517 PWR 0 0.00 0.00 0.00 0.00 0.00 0.00 0.00 0.00 0.00 0.00 0.00 0.00 0.00
JP TSURUGA-1 35.672 136.079 BWR 0 1070 100.93 100.91 100.88 101.02 100.82 100.38 99.66 98.85 84.36 100.24 36.09 0.16
JP TSURUGA-2 35.673 136.080 PWR 0 3411 0.00 6.42 101.19 101.64 101.71 27.90 92.14 100.82 101.34 101.69 102.03 101.93
KR KORI-1 35.321 129.295 PWR 0 1729 103.14 103.34 23.40 2.88 66.44 103.77 103.27 103.20 102.68 103.31 103.71 103.91
KR KORI-2 35.321 129.296 PWR 0 1882 30.26 106.17 106.17 106.22 106.14 106.07 77.78 105.58 105.47 105.87 106.36 106.34
KR KORI-3 35.321 129.297 PWR 0 2912 107.88 107.97 107.99 108.11 107.91 67.82 12.63 107.52 107.27 107.49 108.03 108.11
KR KORI-4 35.321 129.298 PWR 0 2912 108.30 96.80 108.21 108.39 108.28 108.01 107.70 107.34 107.32 107.69 108.18 108.16
KR SHIN-WOLSONG-1 35.7111 129.4750 PWR 0 0.00 0.00 0.00 0.00 0.00 0.00 0.00 0.00 0.00 0.00 0.00 0.00 0.00
KR HANUL-1 37.093 129.393 PWR 0 2785 102.73 101.51 102.74 103.00 102.78 102.74 102.36 101.90 101.18 102.26 102.30 102.10
KR HANUL-2 37.093 129.394 PWR 0 2775 81.46 101.47 101.58 102.09 101.94 68.29 81.34 100.81 100.77 80.45 0.00 60.08
KR HANUL-3 37.093 129.395 PWR 0 2825 103.61 101.57 103.75 103.89 103.82 90.24 103.62 103.53 15.45 73.58 97.98 90.08
KR HANUL-4 37.093 129.396 PWR 0 2825 20.51 80.39 103.93 104.40 104.21 104.40 104.19 103.84 103.49 103.57 104.41 104.37
KR HANUL-5 37.093 129.397 PWR 0 2815 86.09 103.93 92.63 104.73 104.49 63.16 0.00 75.68 103.93 104.07 104.30 104.28
KR ULCHIN-6(HANUL-6) 37.093 129.398 PWR 0 2825 0.00 0.00 0.00 31.37 104.46 99.27 98.32 103.64 103.81 103.79 103.98 103.86
KR WOLSONG-1 35.710 129.476 PHWR 0 2061 99.26 49.70 93.52 94.23 94.67 94.81 94.66 93.81 0.00 29.26 94.11 94.07
KR WOLSONG-2 35.710 129.477 PHWR 0 2061 105.98 105.95 106.05 106.31 106.14 105.96 105.34 104.80 103.79 104.63 88.66 46.24
KR WOLSONG-3 35.710 129.478 PHWR 0 2061 105.81 105.87 105.88 105.98 105.83 105.66 105.21 104.61 103.68 104.44 105.47 105.63
KR WOLSONG-4 35.710 129.479 PHWR 0 2061 106.14 106.16 106.05 106.28 106.09 105.91 105.51 104.89 103.87 46.26 90.04 106.20
KR HANBIT-1 35.404 126.419 PWR 0 2787 105.90 105.78 106.14 106.32 105.77 104.88 104.18 103.44 104.42 105.16 105.94 105.87
KR HANBIT-2 35.403 126.419 PWR 0 2787 105.18 105.21 105.31 105.39 105.09 104.08 103.48 102.86 103.46 103.35 20.92 47.20
KR HANBIT-3 35.403 126.419 PWR 0 2825 104.94 104.78 104.49 105.06 104.56 104.00 103.63 103.25 103.54 103.80 104.39 104.60
KR HANBIT-4 35.402 126.419 PWR 0 2825 104.18 104.22 104.39 104.61 104.05 103.37 102.97 77.78 0.00 103.23 104.28 104.27
KR HANBIT-5 35.402 126.419 PWR 0 2825 104.77 104.55 104.61 102.79 62.60 9.66 104.44 104.11 103.80 104.82 105.39 105.23
KR HANBIT-6 35.401 126.419 PWR 0 2825 55.16 28.17 105.39 105.67 105.30 104.94 91.35 104.22 10.38 101.85 105.33 105.27
LT IGNALINA-2 55.6002 26.4798 LWGR 0 4800 101.31 105.13 104.73 105.50 104.04 104.28 102.32 88.99 7.60 68.01 104.98 106.29
MX LAGUNAVERDE-1 19.719 -96.405 BWR 0 2027 94.45 80.95 96.77 95.71 93.50 95.21 92.92 75.96 22.13 69.32 94.62 96.10
MX LAGUNAVERDE-2 19.719 -96.404 BWR 0 2027 91.24 93.67 89.10 91.75 90.39 90.06 90.39 74.48 90.42 91.41 90.61 86.90
NL BORSSELE 51.431 3.719 PWR 0 1366 100.64 100.74 100.56 100.60 97.71 99.57 98.86 97.37 55.19 99.74 100.10 96.76
PK CHASNUPP-1 32.392 71.463 PWR 0 999 99.51 98.04 93.01 99.68 98.02 83.80 89.65 92.52 92.41 0.40 37.52 100.78
PK KANUPP 24.845 66.790 PHWR 0 337 31.27 21.24 29.92 30.04 21.63 9.51 17.29 16.92 30.00 31.11 27.10 11.77
RO CERNAVODA-1 44.322 28.061 PHWR 0 2180 82.02 86.81 99.61 100.64 99.82 99.04 89.69 58.90 59.57 100.20 93.07 99.59
RO CERNAVODA-2 44.322 28.062 PHWR 0 0.00 0.00 0.00 0.00 0.00 0.00 0.00 0.00 0.00 0.00 0.00 0.00 0.00
RU BALAKOVO-1 52.092 47.952 PWR 0 3000 102.05 103.65 103.37 88.37 0.00 54.46 100.21 100.76 101.55 100.17 100.38 100.65
RU BALAKOVO-2 52.092 47.954 PWR 0 3000 99.40 101.70 103.14 97.40 93.93 10.79 30.08 95.31 93.45 103.69 96.13 77.44
RU BALAKOVO-3 52.093 47.956 PWR 0 3000 83.56 77.30 98.58 83.75 99.22 95.74 99.37 98.11 94.33 0.00 0.00 69.83
RU BALAKOVO-4 52.093 47.958 PWR 0 3200 92.29 99.09 94.41 89.57 100.34 94.73 52.89 6.68 101.73 103.85 97.33 70.54
RU BELOYARSK-3 56.842 61.319 FBR 0 1470 98.35 98.71 89.43 0.00 14.18 99.47 98.23 98.72 79.43 57.91 98.97 97.84
RU BILIBINO-1 68.059 166.492 LWGR 0 62 37.40 22.66 0.00 0.00 27.91 18.02 26.98 27.30 31.65 22.78 55.27 55.30
RU BILIBINO-2 68.059 166.493 LWGR 0 62 30.33 31.14 28.69 28.24 13.89 0.00 5.51 14.66 42.88 40.44 36.26 43.93
RU BILIBINO-3 68.059 166.494 LWGR 0 62 30.52 37.05 37.43 30.29 18.90 31.26 14.48 0.00 0.00 0.00 23.43 31.85
RU BILIBINO-4 68.059 166.495 LWGR 0 62 25.16 33.55 40.18 33.30 25.06 22.37 25.62 32.50 36.36 31.28 0.00 5.67
RU KALININ-1 57.903 35.057 PWR 0 3000 103.90 103.65 103.07 103.06 100.69 102.10 71.97 0.00 23.41 103.28 81.54 90.45
RU KALININ-2 57.904 35.059 PWR 0 3000 87.81 103.23 80.08 74.96 0.00 27.60 102.84 103.03 70.48 103.75 98.93 31.27
RU KALININ-3 57.905 35.061 PWR 0 3200 10.27 15.53 49.08 51.08 88.45 67.48 0.00 26.78 67.05 48.19 100.18 101.49
RU KALININ4 57.905 35.061 PWR 0 0.00 0.00 0.00 0.00 0.00 0.00 0.00 0.00 0.00 0.00 0.00 0.00 0.00
RU KOLA-1 67.467 32.491 PWR 0 1375 100.07 99.19 91.95 38.93 0.00 9.94 49.08 58.95 88.70 33.83 54.63 94.18
RU KOLA-2 67.467 32.492 PWR 0 1375 62.23 103.51 91.58 102.51 103.05 100.58 98.85 32.03 0.00 58.88 105.94 105.68
RU KOLA-3 67.467 32.493 PWR 0 1375 91.74 50.50 71.32 98.00 91.23 29.38 0.00 38.64 69.77 56.05 44.50 44.95
RU KOLA-4 67.467 32.494 PWR 0 1375 43.03 48.44 26.85 12.99 49.41 55.75 48.77 80.44 101.33 95.94 98.57 81.53
RU KURSK-1 51.674 35.607 LWGR 0 3200 77.12 95.51 95.94 86.63 0.00 21.49 91.78 79.96 92.93 90.16 95.67 95.29
RU KURSK-2 51.674 35.607 LWGR 0 3200 97.62 97.57 13.59 48.34 98.04 78.26 98.20 93.54 99.82 101.00 98.60 97.35
RU KURSK-3 51.673 35.607 LWGR 0 3200 91.96 100.49 103.30 101.05 97.29 90.89 93.94 61.66 0.00 0.00 0.00 0.00
RU KURSK-4 51.673 35.607 LWGR 0 3200 96.42 100.84 101.24 98.10 96.00 94.04 0.43 71.03 99.16 99.99 96.78 97.03
RU LENINGRAD-1 59.840 29.027 LWGR 0 3200 83.17 94.93 96.00 96.40 25.78 78.80 91.73 97.51 98.92 99.84 95.09 101.06
RU LENINGRAD-2 59.840 29.028 LWGR 0 3200 85.79 98.03 96.38 96.01 97.75 76.59 11.32 0.00 0.00 0.00 0.00 0.00
RU LENINGRAD-3 59.840 29.029 LWGR 0 3200 74.31 29.97 0.00 0.00 0.00 0.00 77.02 98.40 98.31 99.64 94.17 83.38
RU LENINGRAD-4 59.840 29.030 LWGR 0 3200 73.98 90.44 100.14 99.03 98.96 88.64 92.94 36.05 22.35 99.38 94.44 100.02
RU NOVOVORONEZH-3 51.274 39.206 PWR 0 1375 89.06 89.52 87.67 87.43 85.21 33.25 0.00 42.95 89.70 86.90 93.19 96.48
RU NOVOVORONEZH-4 51.274 39.206 PWR 0 1375 93.64 90.40 73.68 85.24 83.28 53.30 83.80 82.17 58.84 0.00 64.43 97.93
RU NOVOVORONEZH-5 52.381 39.211 PWR 0 3000 0.00 0.00 0.00 0.00 0.00 0.00 0.00 0.00 79.00 100.91 87.10 98.18
RU ROSTOV-1 47.599 42.373 PWR 0 3200 88.90 101.58 101.37 28.85 12.70 100.36 101.39 100.84 101.89 102.67 101.92 101.29
RU ROSTOV-2 47.600 42.374 PWR 0 0.00 0.00 0.00 0.00 0.00 0.00 0.00 0.00 0.00 0.00 0.00 0.00 0.00
RU SMOLENSK-1 54.169 33.245 LWGR 0 3200 34.75 96.67 91.74 99.85 97.83 94.68 95.63 96.55 97.12 94.36 96.21 94.93
RU SMOLENSK-2 54.168 33.245 LWGR 0 3200 83.38 91.05 12.63 0.00 0.00 0.00 0.00 0.00 0.00 86.67 87.17 94.41
RU SMOLENSK-3 54.168 33.245 LWGR 0 3200 81.46 98.80 100.51 98.67 96.06 84.22 99.66 98.74 73.98 50.97 99.94 99.34
SK BOHUNICE-1 48.5001 17.6798 PWR 0 1375 94.27 71.97 0.00 0.00 0.00 64.44 91.77 87.32 92.08 91.20 94.30 92.46
SK BOHUNICE-2 48.5001 17.6798 PWR 0 1375 93.54 94.71 53.34 67.87 96.17 84.89 91.80 90.39 5.10 78.96 96.00 94.08
SK BOHUNICE-3 48.492 17.687 PWR 0 1471 90.24 93.28 92.25 90.89 87.73 90.53 0.00 0.00 60.24 92.31 82.88 91.64
SK BOHUNICE-4 48.492 17.687 PWR 0 1471 90.43 95.26 95.45 95.24 20.83 22.35 88.51 84.79 88.21 89.88 93.11 90.72
SK MOCHOVCE-1 48.261 18.455 PWR 0 1471 84.45 89.54 93.11 21.23 0.00 42.98 95.79 89.84 97.47 100.46 101.62 100.80
SK MOCHOVCE-2 48.260 18.455 PWR 0 1471 97.84 98.85 87.87 94.27 98.17 98.56 96.77 96.44 97.45 19.04 57.77 90.38
SI KRSKO 45.939 15.516 PWR 0 1994 100.74 101.50 101.24 93.81 101.48 96.88 100.88 91.07 101.73 91.68 100.06 91.60
ZA KOEBERG-1 -33.677 18.433 PWR 0 2775 99.41 99.07 99.11 99.48 91.45 98.41 99.04 99.05 93.16 5.06 0.00 5.19
ZA KOEBERG-2 -33.677 18.434 PWR 0 2775 68.72 0.00 36.69 100.00 95.05 93.90 99.95 99.87 99.39 99.67 77.17 99.85
ES ALMARAZ-1 39.807 -5.698 PWR 0 2947 99.83 99.69 84.68 18.23 98.71 97.73 97.36 97.48 98.09 98.72 99.67 100.11
ES ALMARAZ-2 39.807 -5.697 PWR 0 2947 99.69 99.71 99.21 99.84 98.63 97.56 97.09 96.94 97.57 98.12 98.99 99.38
ES ASCO-1 41.202 0.571 PWR 0 2954 97.58 97.87 67.34 89.42 88.82 87.92 87.78 87.78 85.29 86.01 88.17 88.91
ES ASCO-2 41.202 0.572 PWR 0 2941 95.21 97.26 97.00 77.00 96.51 95.47 95.10 95.17 93.01 0.00 80.77 98.35
ES COFRENTES 39.216 -1.051 BWR 0 3237 99.20 93.70 91.30 86.53 35.44 0.00 0.00 78.47 98.30 96.15 96.05 97.57
ES JOSECABRERA-1 40.3492 -1.1156 PWR 0 510 98.82 13.30 84.78 99.80 99.12 99.65 99.36 98.92 99.07 98.94 99.34 65.95
ES SANTAMARIADEGARONA 42.775 -3.205 BWR 0 1381 100.23 89.87 1.61 100.80 91.57 99.65 97.71 99.40 100.02 99.52 100.28 100.35
ES TRILLO-1 40.699 -2.622 PWR 0 3010 99.33 98.00 98.68 95.39 23.00 98.52 98.52 98.53 98.62 97.85 99.25 99.28
ES VANDELLOS-2 40.949 0.867 PWR 0 2941 99.90 99.61 43.63 0.00 0.00 0.00 0.00 0.00 81.51 97.52 98.39 99.06
SE BARSEBACK-2 55.7444 12.9208 BWR 0 1800 95.08 97.22 93.29 77.93 67.11 0.00 0.00 0.00 0.00 0.00 0.00 0.00
SE FORSMARK-1 60.405 18.168 BWR 0 2928 99.97 99.70 99.78 99.74 83.60 90.87 46.86 6.92 97.54 99.46 99.49 97.79
SE FORSMARK-2 60.405 18.170 BWR 0 3253 99.95 100.09 99.89 100.08 96.72 54.89 77.79 96.86 97.14 99.07 99.55 100.00
SE FORSMARK-3 60.407 18.155 BWR 0 3300 99.74 100.53 99.95 99.92 84.34 69.09 94.60 94.96 96.59 98.43 98.97 99.84
SE OSKARSHAMN-1 57.415 16.666 BWR 0 1375 101.71 101.86 99.50 95.64 43.12 0.00 59.27 85.23 98.67 98.62 87.51 87.66
SE OSKARSHAMN-2 57.415 16.667 BWR 0 1800 97.47 98.99 98.67 98.32 95.59 95.81 83.53 18.46 96.60 97.98 98.36 97.99
SE OSKARSHAMN-3 57.416 16.671 BWR 0 3900 99.08 99.24 99.76 91.45 0.30 93.94 84.28 97.32 98.79 80.95 99.81 79.98
SE RINGHALS-1 57.259 12.111 BWR 0 2540 98.86 101.42 84.77 101.04 89.95 91.23 95.95 94.28 5.89 36.48 99.98 101.72
SE RINGHALS-2 57.259 12.112 PWR 0 2500 93.37 52.12 0.00 0.00 82.50 95.50 94.66 94.94 96.00 96.93 98.07 98.71
SE RINGHALS-3 57.259 12.113 PWR 0 3135 96.14 101.12 101.00 100.07 73.71 29.05 95.25 93.45 96.78 98.31 89.28 100.74
SE RINGHALS-4 57.259 12.114 PWR 0 2775 98.19 99.22 99.30 98.61 97.17 95.67 93.27 9.34 87.23 94.11 98.12 98.94
CH BEZNAU-1 47.552 8.229 PWR 1 1130 101.03 101.03 100.87 100.75 100.37 98.78 59.66 98.71 99.30 100.29 100.76 101.04
CH BEZNAU-2 47.552 8.230 PWR 1 1130 100.30 100.27 100.19 100.39 99.82 98.27 92.30 0.00 61.10 99.73 100.12 100.29
CH GOESGEN 47.366 7.969 PWR 1 3002 101.50 101.49 100.86 100.28 61.48 0.00 95.55 101.15 101.03 101.99 102.68 103.10
CH LEIBSTADT 47.601 8.183 BWR 0 3600 100.95 100.90 87.52 0.00 0.00 0.00 0.00 1.87 89.31 99.41 100.27 100.99
CH MUEHLEBERG 46.969 7.266 BWR 0 1097 101.63 101.85 101.48 101.78 100.81 92.85 89.52 16.27 89.27 102.31 102.34 103.13
GB DUNGENESSA-1 50.913 0.962 GCR 0 840 92.98 16.61 95.53 92.60 87.70 49.17 88.81 93.54 93.38 90.22 83.70 89.07
GB DUNGENESSA-2 50.913 0.962 GCR 0 840 87.09 5.10 56.65 20.01 33.80 87.95 79.60 67.00 65.81 77.11 66.69 88.21
GB DUNGENESSB-1 50.913 0.962 GCR 0 1500 97.62 97.26 30.94 96.74 97.70 53.82 71.86 85.50 5.04 18.15 65.63 12.05
GB DUNGENESSB-2 50.912 0.962 GCR 0 1500 48.41 94.96 94.35 82.68 28.21 94.64 95.37 71.69 0.00 0.00 0.00 68.21
GB HARTLEPOOLA-1 54.634 -1.180 GCR 0 1500 59.76 95.70 64.03 72.62 72.54 44.26 18.93 82.18 19.80 0.00 0.00 0.00
GB HARTLEPOOLA-2 54.634 -1.180 GCR 0 1500 91.17 93.23 94.56 58.13 66.22 86.83 94.69 95.33 3.37 0.00 43.66 99.37
GB HEYSHAMA-1 54.029 -2.912 GCR 0 1500 100.24 97.74 99.64 55.27 87.01 91.80 97.60 95.38 35.34 0.28 99.38 101.69
GB HEYSHAMA-2 54.028 -2.912 GCR 0 1500 92.45 0.00 0.00 50.02 20.20 0.00 0.00 79.91 39.91 29.76 87.42 99.92
GB HEYSHAMB-1 54.028 -2.912 GCR 0 1550 86.39 99.40 93.94 96.51 94.99 90.14 96.39 90.01 94.15 64.00 0.00 29.47
GB HEYSHAMB-2 54.027 -2.912 GCR 0 1550 96.81 79.73 92.28 99.71 93.43 78.17 98.90 92.79 91.58 95.20 99.01 89.47
GB HINKLEYPOINTB-1 51.208 -3.131 GCR 0 1494 92.42 99.86 95.33 91.17 91.72 97.78 82.91 71.91 81.07 50.10 99.81 76.81
GB HINKLEYPOINTB-2 51.208 -3.131 GCR 0 1494 91.73 96.54 85.68 75.77 89.38 83.98 49.08 81.38 88.16 4.37 0.00 11.10
GB HUNTERSTONB-1 55.721 -4.893 GCR 0 1496 75.89 30.25 80.02 90.52 80.80 81.85 74.96 87.22 52.13 100.00 90.69 94.10
GB HUNTERSTONB-2 55.721 -4.893 GCR 0 1496 91.44 85.36 88.82 74.68 78.01 63.57 0.00 0.00 74.94 97.46 92.43 92.19
GB OLDBURYA-1 51.649 -2.567 GCR 0 730 0.00 0.00 0.00 0.00 0.00 27.55 63.17 21.99 88.81 88.54 88.72 88.91
GB OLDBURYA-2 51.649 -2.567 GCR 0 660 98.06 97.72 97.69 94.04 91.88 14.68 0.00 0.00 0.00 0.00 0.00 0.00
GB SIZEWELLA-1 52.215 1.623 GCR 0 1010 99.12 99.76 97.76 93.70 92.31 91.40 93.18 89.87 91.34 91.78 94.46 94.76
GB SIZEWELLA-2 52.215 1.623 GCR 0 1010 99.68 99.88 98.16 99.89 97.35 94.39 13.05 8.93 92.34 96.47 97.64 97.93
GB SIZEWELLB 52.215 1.623 PWR 0 3425 99.17 99.07 78.31 0.00 31.27 97.99 98.85 99.01 99.24 99.68 100.00 100.33
GB TORNESS-1 55.966 -2.399 GCR 0 1623 81.85 83.32 67.62 90.03 96.84 89.43 96.87 81.86 80.04 88.52 87.14 79.53
GB TORNESS-2 55.966 -2.399 GCR 0 1623 90.67 95.27 79.26 80.00 89.18 90.22 97.51 89.25 79.36 88.43 89.38 88.56
GB WYLFA-1 53.416 -4.480 GCR 0 1920 90.63 69.94 59.52 0.73 0.00 57.27 83.16 91.66 94.63 89.63 91.89 99.57
GB WYLFA-2 53.415 -4.480 GCR 0 1920 91.45 79.11 77.54 94.06 89.48 80.14 89.48 89.33 91.72 94.03 92.98 87.33
UA KHMELNITSKI-1 50.301 26.649 PWR 0 3000 73.03 102.00 101.79 70.62 0.00 55.12 100.00 96.84 96.78 93.91 100.54 100.61
UA KHMELNITSKI-2 50.301 26.647 PWR 0 3000 100.05 98.44 101.13 88.81 100.98 86.51 65.58 48.64 80.33 0.00 0.00 36.98
UA ROVNO-1 51.326 25.900 PWR 0 1375 71.56 97.83 102.45 29.76 16.30 97.70 91.84 63.04 46.47 72.47 69.77 91.56
UA ROVNO-2 51.326 25.901 PWR 0 1375 92.87 105.98 103.36 81.47 81.30 78.23 0.00 51.14 75.16 71.47 88.39 102.51
UA ROVNO-3 51.326 25.902 PWR 0 3000 70.07 99.29 96.32 88.43 55.98 0.00 0.00 49.83 83.69 78.96 60.65 8.51
UA ROVNO-4 51.326 25.903 PWR 0 3000 53.60 0.00 0.00 39.45 78.60 98.71 80.60 53.26 26.09 66.71 95.77 86.43
UA SOUTHUKRAINE-1 47.811 31.220 PWR 0 3000 98.96 101.43 100.17 99.69 93.35 36.28 78.19 37.67 0.00 76.27 97.72 56.23
UA SOUTHUKRAINE-2 47.811 31.220 PWR 0 3000 98.96 100.27 98.84 29.08 0.00 66.33 72.68 75.48 93.99 98.96 101.47 99.62
UA SOUTHUKRAINE-3 47.812 31.224 PWR 0 3000 100.77 100.86 93.96 87.88 94.53 65.05 0.00 57.60 86.86 97.56 98.39 99.41
UA ZAPOROZHYE-1 47.508 34.627 PWR 0 3000 68.47 100.22 99.89 54.12 0.00 23.00 87.05 80.08 64.10 95.39 96.81 99.76
UA ZAPOROZHYE-2 47.508 34.627 PWR 0 3000 100.85 101.09 99.60 99.75 97.25 13.90 0.00 76.71 82.51 95.08 84.01 59.85
UA ZAPOROZHYE-3 47.507 34.627 PWR 0 3000 99.90 100.22 97.53 49.60 95.29 92.45 78.08 89.08 96.04 9.87 5.40 84.75
UA ZAPOROZHYE-4 47.507 34.627 PWR 0 3000 0.00 30.74 98.49 98.67 97.24 95.06 83.54 92.94 83.22 93.25 92.92 70.15
UA ZAPOROZHYE-5 47.506 34.627 PWR 0 3000 101.20 100.68 97.59 66.01 98.35 96.02 94.22 8.36 0.00 81.40 67.12 94.53
UA ZAPOROZHYE-6 47.506 34.627 PWR 0 3000 96.39 62.05 0.00 43.42 0.00 80.61 80.00 96.55 100.21 95.92 96.52 92.40
US ANO-1 35.310 -93.230 PWR 0 2568 102.80 102.82 102.50 101.92 101.73 100.47 99.43 99.59 100.69 12.51 0.00 14.25
US ANO-2 35.310 -93.229 PWR 0 3026 101.12 101.11 26.05 60.69 100.79 100.26 99.99 99.75 98.08 100.84 101.12 101.27
US BEAVERVALLEY-1 40.624 -80.432 PWR 0 2900 102.76 102.61 102.88 102.11 96.67 101.18 99.69 100.34 101.05 102.05 102.51 102.73
US BEAVERVALLEY-2 40.624 -80.431 PWR 0 2900 101.56 93.84 92.33 11.07 99.88 99.14 98.72 98.76 99.75 100.83 101.46 102.11
US BRAIDWOOD-1 41.247 -88.230 PWR 0 3587 101.44 101.83 101.87 101.22 101.11 99.58 98.67 98.77 78.02 101.35 101.84 101.97
US BRAIDWOOD-2 41.247 -88.229 PWR 0 3587 99.61 99.87 88.18 48.18 82.36 97.86 97.01 97.24 98.20 99.38 99.84 99.98
US BROWNSFERRY-2 34.703 -87.119 BWR 0 3458 101.05 98.00 56.47 38.71 100.37 95.66 96.45 91.57 98.85 99.49 100.81 100.97
US BROWNSFERRY-3 34.703 -87.119 BWR 0 3458 100.72 81.83 99.62 100.05 99.57 97.64 97.26 96.49 88.42 96.84 65.29 99.96
US BRUNSWICK-1 33.958 -78.007 BWR 0 2923 109.23 105.26 109.94 74.79 107.40 109.13 80.75 87.43 108.76 108.64 109.86 107.17
US BRUNSWICK-2 33.957 -78.007 BWR 0 2923 108.04 97.43 10.70 55.76 116.42 111.69 115.89 82.68 116.22 111.59 113.59 106.03
US BYRON-1 42.074 -89.277 PWR 0 3587 100.06 95.41 15.15 99.53 99.04 97.77 98.37 98.43 98.53 99.40 99.74 99.94
US BYRON-2 42.074 -89.276 PWR 0 3587 99.94 99.96 100.05 98.86 100.03 98.48 98.61 98.81 78.14 49.19 100.46 100.57
US CALLAWAY-1 38.763 -91.781 PWR 0 3565 94.66 103.10 82.69 94.54 102.17 92.48 100.77 100.92 52.68 0.00 34.54 108.47
US CALVERTCLIFFS-1 38.435 -76.439 PWR 0 2737 106.42 106.11 100.07 104.16 104.47 101.87 100.25 100.01 100.57 102.62 104.84 105.07
US CALVERTCLIFFS-2 38.434 -76.439 PWR 0 2737 102.85 77.51 50.37 103.03 102.39 100.82 98.25 98.08 98.56 100.12 100.86 102.02
US CATAWBA-1 35.053 -81.071 PWR 0 3411 93.95 103.34 103.21 102.77 19.35 78.70 101.32 101.14 101.64 102.66 103.21 103.61
US CATAWBA-2 35.053 -81.070 PWR 0 3411 103.51 103.65 103.57 102.90 97.35 101.58 101.37 101.28 101.80 102.60 102.94 102.85
US CLINTON-1 40.172 -88.834 BWR 0 3473 95.61 71.70 78.64 98.43 102.13 102.27 102.30 100.81 100.30 102.63 102.49 100.76
US COLUMBIA 46.471 -119.333 BWR 0 3486 100.60 98.96 99.00 98.06 17.30 9.53 93.29 100.25 100.52 101.23 97.99 102.43
US COMANCHEPEAK-1 32.301 -97.787 PWR 0 3612 108.35 102.70 108.06 107.87 107.41 106.87 106.21 106.35 106.45 24.84 71.94 108.51
US COMANCHEPEAK-2 32.301 -97.786 PWR 0 3458 102.51 100.88 83.63 2.25 102.79 104.26 103.52 103.48 103.88 104.62 105.49 105.68
US COOPER 40.361 -95.643 BWR 0 2419 37.81 33.08 104.21 92.49 103.16 99.03 99.44 99.56 84.88 102.63 103.81 101.37
US CRYSTALRIVER-3 28.966 -82.697 PWR 0 2568 102.73 102.77 102.70 88.46 100.77 99.04 100.40 100.04 101.10 84.58 0.00 55.30
US DAVISBESSE-1 41.597 -83.092 PWR 0 2817 51.35 68.58 103.38 102.18 102.16 101.41 100.23 100.68 101.01 91.74 99.35 102.63
US DIABLOCANYON-1 35.212 -120.854 PWR 0 3411 98.97 91.64 101.18 100.90 100.67 98.83 101.21 100.98 95.91 71.53 0.00 85.77
US DIABLOCANYON-2 35.212 -120.853 PWR 0 3411 100.52 100.77 100.89 100.91 101.01 100.96 101.06 100.86 88.85 96.43 100.12 97.33
US COOK-1 41.975 -86.564 PWR 0 3304 102.33 102.65 80.75 7.82 100.82 93.55 98.29 98.51 94.74 101.08 102.15 102.44
US COOK-2 41.975 -86.563 PWR 0 3468 97.19 104.12 103.99 103.88 102.55 100.61 98.88 98.73 93.05 101.42 89.53 103.52
US DRESDEN-2 41.386 -88.268 BWR 0 2957 102.32 99.94 87.85 102.05 89.28 101.02 101.79 96.29 52.18 97.33 29.01 101.86
US DRESDEN-3 41.385 -88.268 BWR 0 2957 102.66 101.32 102.53 86.34 102.13 98.54 101.92 97.62 102.05 102.33 32.15 102.38
US DUANEARNOLD-1 42.101 -91.776 BWR 0 1912 104.04 103.10 80.29 0.00 84.14 103.11 103.00 104.32 104.96 105.27 107.08 107.56
US FERMI-2 41.963 -83.257 BWR 0 3430 77.28 78.08 101.19 99.45 99.80 81.65 47.07 97.81 98.50 98.77 100.42 100.36
US FARLEY-1 31.223 -85.115 PWR 0 2775 103.49 103.61 103.57 101.66 96.72 92.02 102.18 101.88 102.44 102.99 103.18 103.42
US FARLEY-2 31.223 -85.114 PWR 0 2775 102.91 103.05 102.82 101.65 102.12 102.03 101.87 101.98 95.75 33.17 0.00 86.21
US FITZPATRICK 43.521 -76.403 BWR 0 2536 101.55 103.85 103.84 103.62 99.58 101.94 55.68 100.34 91.97 102.88 103.35 103.21
US FORTCALHOUN-1 41.520 -96.076 PWR 0 1500 102.76 91.23 0.00 0.00 0.00 42.70 99.51 99.86 100.04 98.80 103.04 103.11
US GRANDGULF-1 32.007 -91.045 BWR 0 4408 102.17 90.13 102.44 101.76 100.97 100.67 100.17 98.64 56.86 37.46 101.89 99.70
US ROBINSON-2 34.402 -80.158 PWR 0 2339 106.37 106.37 104.33 105.35 103.60 102.77 101.42 101.07 53.47 17.20 106.18 106.37
US HATCH-1 31.935 -82.346 BWR 0 2804 65.97 105.17 105.09 100.70 102.70 103.39 101.47 102.88 102.20 93.14 45.06 91.84
US HATCH-2 31.934 -82.346 BWR 0 2804 97.41 11.77 51.94 96.23 78.63 100.07 100.04 98.95 100.18 100.70 100.22 101.75
US HOPECREEK-1 39.467 -75.535 BWR 0 3840 3.16 97.40 86.14 68.79 104.21 64.53 99.56 90.08 83.92 100.54 101.24 104.63
US INDIANPOINT-2 41.269 -73.950 PWR 0 3216 106.68 104.66 106.48 106.29 105.14 104.77 103.21 102.52 103.47 105.74 106.32 100.54
US INDIANPOINT-3 41.269 -73.950 PWR 0 3216 101.40 101.42 35.22 76.30 99.69 99.79 103.58 103.01 101.67 87.07 104.97 104.76
US KEWAUNEE 44.470 -87.498 PWR 0 1772 105.60 71.78 0.00 0.00 0.00 0.00 96.24 103.84 104.85 104.17 81.62 103.59
US LASALLE-1 41.246 -88.672 BWR 0 3546 99.92 99.19 99.80 99.09 97.60 97.29 95.24 96.29 95.16 94.85 99.29 99.16
US LASALLE-2 41.246 -88.672 BWR 0 3546 99.56 20.66 46.10 100.13 99.61 97.32 97.78 97.88 97.19 100.24 100.75 100.48
US LIMERICK-1 40.225 -75.584 BWR 0 3515 104.07 87.82 103.52 102.64 100.67 100.16 92.05 99.43 99.98 101.38 102.73 103.60
US LIMERICK-2 40.225 -75.584 BWR 0 3515 100.97 92.26 16.35 102.72 100.73 100.50 99.98 99.91 98.62 84.34 103.00 104.13
US MCGUIRE-1 35.433 -80.946 PWR 0 3469 105.31 105.12 104.96 104.43 103.93 103.03 99.08 101.07 53.99 38.24 100.54 98.01
US MCGUIRE-2 35.433 -80.946 PWR 0 3411 104.99 104.95 1.36 30.53 104.36 103.59 102.35 101.43 101.45 103.06 101.61 105.39
US MILLSTONE-2 41.312 -72.166 PWR 0 2700 102.26 102.27 101.46 25.75 39.78 102.21 101.84 101.28 100.83 101.56 101.35 101.91
US MILLSTONE-3 41.311 -72.166 PWR 0 3650 102.54 102.57 102.54 56.03 100.41 102.00 101.50 100.91 95.88 7.88 102.05 88.97
US MONTICELLO 45.334 -93.850 BWR 0 1775 103.05 95.01 10.09 55.78 103.00 100.82 99.36 99.55 101.14 103.11 103.33 103.53
US NINEMILEPOINT-1 43.522 -76.412 BWR 0 1850 99.53 99.53 55.62 0.61 84.43 94.29 93.21 87.46 96.42 99.42 100.74 101.06
US NINEMILEPOINT-2 43.521 -76.413 BWR 0 3988 101.71 101.62 100.35 101.16 97.79 99.59 99.28 99.27 99.00 100.63 101.00 100.82
US NORTHANNA-1 38.061 -77.792 PWR 0 2940 100.99 100.94 101.02 100.75 100.81 100.06 99.51 95.45 98.01 99.77 100.47 100.53
US NORTHANNA-2 38.061 -77.792 PWR 0 2940 100.21 100.26 100.25 100.08 100.04 98.83 98.70 91.97 98.90 3.99 98.66 99.65
US OCONEE-1 34.796 -82.894 PWR 0 2568 101.75 101.99 101.85 26.50 50.80 101.54 101.08 100.41 99.83 99.96 101.81 101.86
US OCONEE-2 34.796 -82.894 PWR 0 2568 103.38 103.24 103.64 103.12 102.68 102.66 101.95 101.19 99.86 55.66 0.00 102.55
US OCONEE-3 34.795 -82.894 PWR 0 2568 89.48 80.09 103.83 102.97 103.45 101.46 102.62 100.61 78.16 101.73 102.00 103.39
US OYSTERCREEK 39.815 -74.208 BWR 0 1930 102.16 103.10 101.04 99.97 100.59 90.10 96.65 92.77 98.61 100.64 101.90 102.01
US PALISADES 42.323 -86.316 PWR 0 2565 69.69 105.08 104.86 104.05 103.46 101.90 101.83 101.06 90.46 102.04 101.40 101.64
US PALOVERDE-1 33.387 -112.863 PWR 0 3990 98.09 56.32 86.71 97.49 97.20 97.65 97.17 40.89 97.59 21.55 0.00 4.13
US PALOVERDE-2 33.387 -112.863 PWR 0 3990 98.31 98.54 99.02 2.76 24.72 98.82 98.23 82.81 98.77 67.17 99.51 99.69
US PALOVERDE-3 33.386 -112.863 PWR 0 3990 100.74 100.12 99.65 99.05 69.59 18.07 72.79 98.54 99.09 48.60 100.70 100.72
US PEACHBOTTOM-2 39.759 -76.270 BWR 0 3514 101.28 88.79 103.56 103.07 100.00 101.24 92.33 100.25 84.27 102.38 103.08 103.03
US PEACHBOTTOM-3 39.758 -76.270 BWR 0 3514 101.83 99.13 96.17 101.78 100.12 99.41 96.26 93.29 53.63 43.47 102.51 103.10
US PERRY-1 41.801 -81.147 BWR 0 3758 13.23 66.16 0.00 0.00 69.72 99.98 99.27 99.10 100.19 99.21 101.51 102.11
US PILGRIM-1 41.945 -70.578 BWR 0 2028 99.60 98.62 97.23 49.19 57.23 99.06 99.42 98.63 99.62 97.17 98.66 100.26
US POINTBEACH-1 44.282 -87.534 PWR 0 1800 100.04 99.65 99.78 99.96 99.48 99.48 98.13 97.92 75.41 0.00 17.14 87.92
US POINTBEACH-2 44.281 -87.534 PWR 0 1800 100.83 99.63 100.88 2.93 0.00 0.00 56.11 99.57 99.58 100.42 101.00 100.43
US PRAIRIEISLAND-1 44.622 -92.631 PWR 0 1677 103.28 65.53 93.06 103.09 102.84 100.54 100.08 100.98 98.99 104.70 105.10 104.60
US PRAIRIEISLAND-2 44.622 -92.631 PWR 0 1677 103.67 102.89 93.63 38.82 0.00 60.52 99.01 99.80 101.33 103.41 103.31 104.21
US QUADCITIES-1 41.727 -90.308 BWR 0 2957 86.21 86.19 55.27 30.22 76.57 73.77 86.26 98.92 100.40 100.22 100.82 100.32
US QUADCITIES-2 41.726 -90.308 BWR 0 2957 89.06 89.11 89.02 88.57 66.46 98.49 100.44 100.74 100.33 98.07 100.95 94.48
US GINNA 43.279 -77.311 PWR 0 1775 99.93 92.31 62.67 62.00 99.86 98.21 93.16 96.34 94.65 99.59 100.07 100.15
US RIVERBEND-1 30.727 -91.372 BWR 0 3091 94.72 64.05 79.48 100.56 97.84 72.72 91.09 97.36 97.09 98.38 100.48 99.33
US SALEM-1 39.463 -75.534 PWR 0 3459 106.49 107.34 107.33 93.44 106.67 105.00 104.07 103.41 103.82 36.22 84.10 107.08
US SALEM-2 39.463 -75.534 PWR 0 3459 101.80 101.72 101.74 15.80 60.20 99.47 98.09 97.80 98.68 100.72 101.20 100.54
US SANONOFRE-2 33.367 -117.556 PWR 0 3438 98.48 32.22 77.37 97.96 104.24 104.17 104.02 104.24 104.75 103.13 104.80 102.85
US SANONOFRE-3 33.367 -117.556 PWR 0 3438 84.36 103.87 103.84 104.18 81.40 103.86 103.32 103.82 103.96 103.68 102.97 102.38
US SEABROOK-1 42.897 -70.849 PWR 0 3648 100.00 100.03 90.29 0.00 89.14 105.17 105.17 105.17 105.32 105.36 105.32 105.28
US SEQUOYAH-1 35.228 -85.094 PWR 0 3455 102.65 102.02 102.80 84.91 101.58 100.77 100.00 99.54 99.63 101.04 102.23 102.78
US SEQUOYAH-2 35.227 -85.094 PWR 0 3455 102.09 89.26 102.24 81.26 2.78 100.92 100.01 99.69 99.88 101.29 102.52 103.10
US HARRIS-1 35.635 -78.955 PWR 0 2900 103.34 103.82 103.52 102.41 86.20 100.99 100.16 100.26 100.65 99.79 102.58 103.73
US SOUTHTEXAS-1 28.797 -96.044 PWR 0 3853 100.50 94.21 20.95 47.66 100.06 99.51 99.18 97.59 99.50 99.40 100.62 100.76
US SOUTHTEXAS-2 28.796 -96.044 PWR 0 3853 100.31 72.42 99.88 99.55 99.64 99.07 98.75 98.56 95.33 2.45 96.27 100.83
US ST.LUCIE-1 27.348 -80.244 PWR 0 3020 102.05 102.12 101.74 101.59 101.22 101.14 100.96 100.06 100.09 49.25 0.00 34.75
US ST.LUCIE-2 27.348 -80.244 PWR 0 3020 3.30 41.85 100.73 100.37 99.90 99.95 99.46 94.00 98.62 85.18 99.87 100.24
US SURRY-1 37.166 -76.700 PWR 0 2900 102.02 101.98 101.88 71.96 0.00 91.89 98.99 85.75 100.83 101.65 101.69 102.20
US SURRY-2 37.166 -76.700 PWR 0 2857 100.20 80.25 100.41 100.10 99.92 99.45 98.52 98.68 98.87 63.47 100.03 100.22
US SUSQUEHANNA-1 41.093 -76.143 PWR 0 2857 100.04 99.85 100.00 76.02 23.54 99.11 98.27 98.07 98.53 99.05 99.28 99.89
US SUSQUEHANNA-2 41.092 -76.143 BWR 0 3952 105.72 103.52 105.62 104.18 101.63 100.75 98.15 100.29 102.03 91.22 51.85 105.19
US THREEMILEISLAND-1 40.154 -76.727 BWR 0 3952 101.19 80.57 21.18 80.55 100.72 82.05 98.76 98.63 98.55 101.08 101.83 101.93
US TURKEYPOINT-3 25.435 -80.330 PWR 0 2568 108.51 108.81 108.26 106.67 106.43 104.30 103.75 103.65 104.34 73.87 40.26 108.35
US TURKEYPOINT-4 25.435 -80.329 PWR 0 2644 73.45 102.76 103.97 104.13 102.89 101.83 100.83 97.53 101.58 62.64 102.41 93.85
US VERMONTYANKEE 42.779 -72.514 PWR 0 2644 103.71 103.57 85.14 18.68 0.00 39.47 48.51 101.02 101.77 75.54 57.16 105.00
US SUMMER-1 34.299 -81.314 BWR 0 1912 97.16 101.45 101.02 99.59 100.44 98.50 86.67 95.75 96.73 70.49 62.53 101.80
US VOGTLE-1 33.143 -81.760 PWR 0 3626 94.46 102.64 37.34 63.58 98.85 100.70 100.20 100.31 100.46 94.39 102.08 102.50
US VOGTLE-2 33.142 -81.760 PWR 0 3626 102.81 102.77 102.36 101.84 74.16 65.95 99.99 100.10 56.25 48.77 102.23 68.41
US WATERFORD-3 29.994 -90.471 PWR 0 3716 101.69 100.94 101.16 54.13 0.00 63.34 106.85 94.39 60.17 107.62 96.98 107.95
US WATTSBAR-1 35.601 -84.789 PWR 0 3459 102.74 76.28 0.00 97.63 101.92 99.87 99.22 98.67 94.19 101.20 102.48 102.86
US WOLFCREEK 38.239 -95.691 PWR 0 3565 71.38 91.47 102.07 24.94 38.00 100.92 100.30 100.52 101.02 101.92 102.25 102.24
