AR ATUCHA-1 -33.967 -59.209 PHWR 0 1179 0.00 0.00 6.41 99.55 73.92 89.79 100.82 100.57 100.35 99.66 99.33 52.86
AR EMBALSE -32.232 -64.442 PHWR 0 2015 99.04 99.07 99.32 99.74 100.19 100.26 100.48 100.44 100.27 66.74 78.09 99.21
AM ARMENIAN-2 40.181 44.147 PWR 0 1375 20.30 93.77 92.70 9.50 0.00 0.00 85.28 90.72 90.89 82.66 66.91 95.71
BE DOEL-1 51.323 4.259 PWR 0 1311 102.39 102.33 102.11 101.89 101.27 75.98 98.60 57.27 9.11 100.79 101.72 102.82
BE DOEL-2 51.323 4.259 PWR 0 1311 102.40 102.27 101.95 101.25 85.58 16.65 100.03 85.70 100.86 102.15 102.71 96.26
BE DOEL-3 51.325 4.257 PWR 1 3054 100.67 97.25 20.54 96.47 82.83 82.13 96.23 96.28 99.08 100.41 100.51 100.81
BE DOEL-4 51.325 4.257 PWR 0 2988 99.08 99.82 95.97 99.32 99.18 96.47 0.99 96.80 98.58 99.35 99.47 99.11
BE TIHANGE-1 50.533 5.271 PWR 0 2873 101.17 101.21 97.22 99.25 85.62 92.77 95.54 82.27 86.41 101.53 96.83 98.37
BE TIHANGE-2 50.533 5.271 PWR 1 3064 101.60 102.33 101.70 100.50 83.36 95.31 89.80 93.11 99.44 57.51 6.75 101.77
BE TIHANGE-3 50.532 5.271 PWR 0 3000 101.64 99.03 86.58 24.41 41.63 97.83 95.69 90.85 97.86 99.37 99.91 99.54
BR ANGRA-1 -23.008 -44.457 PWR 0 1882 74.12 76.39 76.10 78.45 78.21 73.99 78.35 16.07 0.00 0.00 57.91 78.26
BR ANGRA-2 -23.007 -44.458 PWR 0 3764 79.29 79.28 79.14 36.78 59.01 99.74 98.37 100.46 100.68 81.90 97.33 99.36
BG KOZLODUY-3 43.747 23.770 PWR 0 1375 83.93 102.99 100.82 52.36 38.35 35.43 0.00 25.63 91.35 99.92 102.13 102.37
BG KOZLODUY-4 43.747 23.770 PWR 0 1375 99.90 100.34 96.00 0.00 0.00 8.62 57.83 87.57 97.20 99.69 100.99 100.59
BG KOZLODUY-5 43.747 23.770 PWR 0 3000 71.13 69.07 69.09 69.24 63.48 61.40 61.61 45.82 68.67 69.52 76.38 79.51
BG KOZLODUY-6 43.746 23.771 PWR 0 3000 101.01 98.12 92.94 97.61 62.57 84.38 83.00 85.66 2.80 0.00 0.00 80.47
CA BRUCE-4 44.342 -81.572 PHWR 0 2832 0.00 0.00 0.00 0.00 0.00 0.00 0.00 0.00 0.00 0.00 74.19 91.53
CA BRUCE-5 44.320 -81.588 PHWR 0 2832 99.72 98.93 100.83 15.62 0.00 10.85 99.41 97.85 98.82 98.25 98.89 99.67
CA BRUCE-6 44.319 -81.588 PHWR 0 2690 100.98 100.66 100.43 100.93 100.42 100.18 99.40 68.26 99.56 99.72 100.40 100.31
CA BRUCE-7 44.319 -81.588 PHWR 0 2832 98.91 99.54 100.09 100.41 100.10 99.64 96.26 97.60 99.33 99.27 91.17 84.98
CA BRUCE-8 44.318 -81.588 PHWR 0 2690 100.18 100.38 99.91 100.12 100.62 100.28 99.06 97.70 64.01 0.00 0.00 0.00
CA DARLINGTON-1 43.867 -78.724 PHWR 0 2776 95.51 91.48 95.69 94.23 95.98 98.09 97.25 81.21 95.04 6.05 93.87 77.93
CA DARLINGTON-2 43.867 -78.724 PHWR 0 2776 95.69 93.75 96.49 97.13 96.48 98.18 97.79 81.37 81.40 5.85 3.70 98.50
CA DARLINGTON-3 43.866 -78.724 PHWR 0 2776 94.57 95.71 97.02 97.66 97.01 98.97 98.42 91.21 95.45 14.09 84.11 98.76
CA DARLINGTON-4 43.866 -78.724 PHWR 0 2776 98.14 97.77 98.00 36.25 0.00 77.74 98.32 83.33 95.76 12.42 48.33 99.97
CA GENTILLY-2 46.394 -72.355 PHWR 0 2156 96.77 97.99 97.97 97.11 97.95 78.31 97.43 95.39 0.00 0.00 0.00 11.39
CA PICKERING-1 43.812 -79.070 PHWR 0 0.00 0.00 0.00 0.00 0.00 0.00 0.00 0.00 0.00 0.00 0.00 0.00 0.00
CA PICKERING-4 43.811 -79.067 PHWR 0 1744 0.00 0.00 0.00 0.00 0.00 0.00 0.00 0.00 31.07 73.82 49.35 92.89
CA PICKERING-5 43.811 -79.065 PHWR 0 1744 85.98 51.06 37.31 29.21 87.08 35.97 99.53 65.10 83.26 96.77 99.86 100.00
CA PICKERING-6 43.811 -79.064 PHWR 0 1744 82.59 88.20 59.18 87.99 98.55 99.31 90.81 47.54 94.72 99.87 20.64 0.00
CA PICKERING-7 43.810 -79.063 PHWR 0 1744 95.72 19.83 0.00 0.00 0.00 0.00 0.00 1.49 80.87 86.00 94.28 95.82
CA PICKERING-8 43.810 -79.062 PHWR 0 1744 93.86 96.51 52.84 96.60 97.22 85.89 80.98 68.73 82.57 96.42 96.29 94.51
CA POINTLEPREAU 45.068 -66.455 PHWR 0 2180 96.09 87.88 95.33 95.01 94.88 94.39 94.08 94.54 36.79 43.30 94.87 94.90
CN CEFR 39.739 116.030 FBR 0 0.00 0.00 0.00 0.00 0.00 0.00 0.00 0.00 0.00 0.00 0.00 0.00 0.00
CN DAYABAY-1 22.599 114.544 PWR 0 2905 98.76 96.09 64.14 23.25 99.94 99.77 98.95 92.90 98.59 99.98 100.37 100.58
CN DAYABAY-2 22.599 114.544 PWR 0 2905 81.45 0.00 35.22 98.22 99.27 99.20 98.42 98.25 97.86 98.97 99.83 100.33
CN LINGAO-1 22.606 114.550 PWR 0 2905 91.09 88.42 98.61 55.47 0.00 61.12 97.80 99.32 98.73 99.98 100.60 41.04
CN LINGAO-2 22.605 114.550 PWR 0 2905 61.87 66.19 101.58 101.05 100.28 99.39 100.23 100.24 99.05 99.15 83.45 0.00
CN QINSHAN-1 30.440 120.950 PWR 0 966 99.59 91.42 102.63 102.79 102.53 102.54 100.23 99.66 100.28 67.63 0.00 102.59
CN QINSHAN2-1 30.421 120.945 PWR 0 1930 85.68 93.24 101.32 10.49 0.00 73.66 100.34 100.19 101.02 98.21 103.44 104.11
CN QINSHAN3-1 30.436 120.961 PHWR 0 2064 101.67 95.86 102.76 76.75 53.25 82.97 98.73 97.27 97.32 101.94 80.56 101.08
TW CHINSHAN-1 25.292 121.567 BWR 0 1840 100.96 100.24 100.64 100.19 99.40 96.13 97.14 97.63 97.85 98.82 99.29 100.18
TW CHINSHAN-2 25.292 121.568 BWR 0 1840 102.01 101.31 100.88 100.13 99.68 99.55 97.98 94.92 20.02 17.88 101.89 101.99
TW KUOSHENG-1 25.203 121.662 BWR 0 2943 98.23 80.72 0.00 0.00 64.05 97.09 96.67 97.28 97.95 99.59 99.40 99.98
TW KUOSHENG-2 25.203 121.662 BWR 0 2943 81.94 97.48 97.85 98.03 96.67 97.85 95.52 96.46 94.55 96.47 94.64 55.21
TW MAANSHAN-1 21.959 120.753 PWR 0 2822 101.41 100.81 101.66 71.59 0.00 71.87 100.90 100.93 88.18 100.95 100.87 100.82
TW MAANSHAN-2 21.959 120.754 PWR 0 2822 101.83 102.23 102.71 101.44 101.88 91.68 92.74 100.79 84.01 85.08 0.00 71.98
CZ DUKOVANY-1 49.089 16.149 PWR 0 1444 102.68 102.91 96.98 101.98 101.28 100.43 76.86 0.00 28.07 101.80 94.87 101.74
CZ DUKOVANY-2 49.089 16.149 PWR 0 1444 101.15 101.11 100.62 100.68 67.25 14.54 95.80 97.13 96.55 102.05 101.79 102.33
CZ DUKOVANY-3 49.089 16.149 PWR 0 1444 101.94 102.47 99.16 31.33 49.70 99.18 99.60 99.75 101.38 102.22 102.32 101.64
CZ DUKOVANY-4 49.088 16.149 PWR 0 1444 102.21 102.75 102.34 102.28 100.38 98.81 99.11 99.09 101.15 92.51 0.00 98.85
CZ TEMELIN-1 49.181 14.377 PWR 0 3120 86.56 0.00 0.00 5.89 92.62 93.65 103.76 17.46 99.74 105.39 104.13 104.45
CZ TEMELIN-2 49.181 14.377 PWR 0 3120 18.31 62.95 26.46 88.82 92.12 99.40 94.30 99.71 84.43 37.52 94.04 91.84
FI LOVIISA-1 60.372 26.342 PWR 0 1500 100.84 101.14 100.78 101.34 100.10 99.66 86.46 16.17 99.53 99.95 100.65 101.01
FI LOVIISA-2 60.371 26.343 PWR 0 1500 101.94 101.80 101.71 101.94 70.85 100.55 96.44 62.64 37.07 72.13 101.12 101.87
FI OLKILUOTO-1 61.235 21.444 BWR 0 2500 101.40 100.62 101.19 101.06 79.13 79.42 98.84 98.32 100.09 100.39 101.08 100.98
FI OLKILUOTO-2 61.235 21.445 BWR 0 2500 101.08 101.19 100.81 100.15 49.20 95.91 97.79 98.25 99.86 100.67 100.87 101.18
FR BELLEVILLE-1 47.511 2.871 PWR 0 3817 98.64 97.20 86.14 28.56 0.00 23.52 94.41 91.03 94.60 87.41 98.15 79.68
FR BELLEVILLE-2 47.510 2.871 PWR 0 3817 98.04 98.88 92.75 87.20 85.15 88.59 93.56 93.72 58.58 0.00 15.03 91.14
FR BLAYAIS-1 45.256 -0.691 PWR 1 2785 0.00 0.00 0.00 0.41 89.07 43.25 96.67 61.20 98.30 98.35 93.78 97.26
FR BLAYAIS-2 45.256 -0.691 PWR 1 2785 100.79 101.21 83.93 49.35 0.00 0.00 0.00 53.81 83.87 104.29 104.90 100.56
FR BLAYAIS-3 45.256 -0.690 PWR 0 2785 101.28 101.27 99.14 95.85 50.48 58.17 39.75 93.86 87.05 7.05 47.57 101.04
FR BLAYAIS-4 45.256 -0.690 PWR 0 2785 94.30 97.65 73.15 90.08 90.66 88.66 80.73 1.26 0.00 0.00 88.96 97.18
FR BUGEY-2 45.798 5.267 PWR 0 2785 99.98 99.61 97.71 90.44 95.89 70.95 82.22 5.71 0.00 0.00 91.81 99.16
FR BUGEY-3 45.798 5.268 PWR 0 2785 94.21 100.22 99.17 94.34 95.95 74.08 78.52 8.46 96.23 98.78 94.46 68.49
FR BUGEY-4 45.800 5.267 PWR 0 2785 77.52 100.90 87.15 88.42 85.88 82.98 90.82 56.79 89.51 85.78 96.11 94.42
FR BUGEY-5 45.800 5.268 PWR 0 2785 97.44 91.30 90.90 29.15 0.00 67.04 84.86 62.16 86.98 92.53 93.72 93.98
FR CATTENOM-1 49.416 6.217 PWR 0 3817 97.73 98.14 90.48 94.23 92.96 92.14 91.38 69.99 0.00 0.00 81.82 91.43
FR CATTENOM-2 49.416 6.217 PWR 0 3817 91.18 95.42 96.31 97.58 97.19 90.26 20.21 94.67 97.91 98.67 97.45 99.06
FR CATTENOM-3 49.415 6.217 PWR 0 3817 101.13 100.92 100.27 99.83 98.90 97.07 97.02 96.93 93.48 98.61 100.70 101.08
FR CATTENOM-4 49.415 6.217 PWR 0 3817 96.34 85.78 34.33 0.00 0.00 29.35 93.62 90.99 95.42 93.66 93.24 99.50
FR CHINONB-1 47.230 0.168 PWR 1 2785 90.71 97.48 94.98 92.18 78.47 9.04 0.00 0.00 45.91 94.12 89.50 94.28
FR CHINONB-2 47.229 0.168 PWR 1 2785 87.99 98.41 89.88 81.88 87.78 77.73 90.83 82.85 38.14 6.48 32.90 95.63
FR CHINONB-3 47.224 0.171 PWR 1 2785 95.93 97.35 95.20 76.05 0.00 7.59 95.57 85.60 90.59 90.73 90.64 55.27
FR CHINONB-4 47.224 0.171 PWR 1 2785 98.81 89.78 4.68 51.75 84.10 91.80 91.87 90.34 92.20 93.88 92.10 93.05
FR CHOOZB-1 50.089 4.791 PWR 0 4270 85.20 16.92 49.40 97.24 89.92 77.00 73.48 81.29 74.27 73.97 99.96 92.23
FR CHOOZB-2 50.089 4.791 PWR 0 4270 92.62 90.27 97.25 74.85 17.64 58.11 95.95 88.84 49.81 98.55 96.68 95.61
FR CIVAUX-1 46.457 0.654 PWR 0 4270 101.58 100.94 94.26 98.08 100.16 90.41 10.22 8.32 99.05 100.52 100.75 100.87
FR CIVAUX-2 46.457 0.655 PWR 0 4270 0.00 69.34 62.47 97.33 98.16 74.11 92.85 92.96 39.04 13.26 93.70 100.14
FR CRUAS-1 44.634 4.757 PWR 0 2785 83.95 83.62 18.49 7.53 89.82 80.45 87.42 88.49 91.20 95.14 94.04 95.72
FR CRUAS-2 44.633 4.757 PWR 0 2785 96.31 97.52 94.48 95.51 71.51 23.06 0.00 20.51 87.52 92.75 94.68 86.68
FR CRUAS-3 44.633 4.757 PWR 0 2785 97.98 94.07 90.90 47.91 0.00 30.47 75.97 84.83 84.52 89.65 90.59 79.34
FR CRUAS-4 44.632 4.757 PWR 0 2785 91.37 90.31 95.85 93.17 89.44 66.49 88.56 83.66 0.00 65.96 94.57 82.55
FR DAMPIERRE-1 47.732 2.513 PWR 1 2785 97.87 89.99 29.88 0.00 9.45 90.54 94.09 90.83 93.53 96.47 95.51 95.31
FR DAMPIERRE-2 47.732 2.514 PWR 1 2785 45.85 94.07 80.49 95.83 96.15 94.31 94.10 93.48 38.08 38.76 96.73 98.44
FR DAMPIERRE-3 47.732 2.515 PWR 1 2785 99.48 99.34 98.92 98.70 5.65 0.00 0.00 29.47 96.08 99.42 99.59 99.95
FR DAMPIERRE-4 47.732 2.516 PWR 1 2785 83.88 17.00 0.00 32.07 96.72 95.84 96.24 90.73 52.04 97.67 91.77 94.10
FR FESSENHEIM-1 47.903 7.564 PWR 0 2785 95.65 96.13 90.33 91.54 89.56 96.01 85.48 83.30 94.92 78.11 93.82 93.51
FR FESSENHEIM-2 47.903 7.565 PWR 0 2785 87.25 98.36 96.74 64.65 40.11 60.62 0.00 0.00 0.00 76.33 96.95 96.70
FR FLAMANVILLE-1 49.537 -1.881 PWR 0 3817 95.76 96.68 87.69 78.10 90.73 90.13 75.24 0.00 0.00 0.00 67.15 94.61
FR FLAMANVILLE-2 49.537 -1.881 PWR 0 3817 86.88 92.39 89.06 82.53 74.37 79.30 69.36 92.72 80.10 96.03 96.70 97.61
FR GOLFECH-1 44.105 0.845 PWR 0 3817 97.68 100.53 99.78 99.29 98.19 91.21 94.63 41.23 74.41 93.42 97.30 94.92
FR GOLFECH-2 44.104 0.845 PWR 0 3817 78.35 0.00 16.39 88.31 74.10 52.09 72.30 58.39 83.98 85.66 90.01 91.78
FR GRAVELINES-1 51.014 2.138 PWR 1 2785 79.15 92.11 86.49 86.66 92.68 94.79 82.99 41.92 0.00 69.99 86.17 78.94
FR GRAVELINES-2 51.013 2.138 PWR 1 2785 96.65 97.78 92.53 89.40 23.04 60.19 91.43 90.95 87.40 87.60 89.06 82.00
FR GRAVELINES-3 51.013 2.138 PWR 1 2785 90.70 40.13 0.00 89.72 87.56 90.59 90.49 82.63 81.08 84.65 86.51 83.87
FR GRAVELINES-4 51.012 2.138 PWR 1 2785 97.69 98.13 95.54 93.51 91.99 95.98 12.06 0.00 0.00 84.80 95.41 95.78
FR GRAVELINES-5 51.012 2.138 PWR 0 2785 95.81 100.43 97.05 52.13 0.00 70.08 96.10 96.90 96.91 91.04 90.93 88.50
FR GRAVELINES-6 51.011 2.138 PWR 0 2785 99.98 101.29 95.81 87.44 96.31 86.92 95.68 88.97 97.43 47.75 0.00 75.59
FR NOGENT-1 48.517 3.520 PWR 0 3817 90.46 93.96 84.59 85.67 90.99 72.37 83.65 79.50 89.51 93.44 92.84 86.45
FR NOGENT-2 48.516 3.520 PWR 0 3817 23.95 98.48 96.81 95.86 79.90 88.75 86.04 60.55 82.01 91.61 90.07 96.31
FR PALUEL-1 49.857 0.635 PWR 0 3817 94.18 95.72 60.61 44.94 90.33 93.26 12.32 11.13 93.67 94.65 94.57 96.03
FR PALUEL-2 49.856 0.635 PWR 0 3817 95.21 90.14 84.21 89.25 85.16 87.07 85.81 90.69 83.96 83.93 0.00 32.51
FR PALUEL-3 49.856 0.635 PWR 0 3817 86.03 84.89 0.00 36.35 3.85 86.67 94.83 92.87 91.50 80.70 90.06 97.02
FR PALUEL-4 49.856 0.635 PWR 0 3817 0.00 47.23 72.00 82.68 70.62 76.36 83.79 77.98 83.28 84.65 68.31 72.18
FR PENLY-1 49.975 1.215 PWR 0 3817 98.21 98.01 95.57 95.64 89.57 89.29 92.77 2.22 26.17 91.49 88.64 90.50
FR PENLY-2 49.975 1.215 PWR 0 3817 84.31 95.97 93.60 82.86 78.01 72.98 70.89 92.19 92.29 95.75 95.78 97.33
FR PHENIX 44.1502 4.7000 FBR 1 345 0.00 0.00 0.00 0.00 0.00 0.00 16.75 2.00 21.04 0.00 0.00 24.81
FR ST.ALBAN-1 45.404 4.754 PWR 0 3817 98.01 98.31 96.05 88.17 94.55 18.42 0.00 32.02 80.56 92.70 97.52 97.51
FR ST.ALBAN-2 45.404 4.755 PWR 0 3817 97.43 95.17 94.34 91.79 82.53 84.66 87.83 72.07 96.35 89.08 0.00 58.54
FR ST.LAURENTB-1 47.721 1.581 PWR 1 2785 98.87 99.87 97.20 90.22 59.53 0.00 63.12 94.96 96.78 96.73 97.68 97.86
FR ST.LAURENTB-2 47.720 1.581 PWR 1 2785 86.27 96.93 94.44 92.66 93.05 85.54 89.91 67.22 0.00 0.00 0.00 0.00
FR TRICASTIN-1 44.330 4.733 PWR 1 2785 97.97 95.33 77.47 0.00 37.11 19.10 62.96 82.11 87.39 95.65 97.10 96.49
FR TRICASTIN-2 44.330 4.733 PWR 1 2785 96.89 98.33 93.13 94.40 93.35 91.68 59.08 0.00 49.86 90.45 80.18 82.52
FR TRICASTIN-3 44.331 4.733 PWR 1 2785 91.86 20.83 16.66 95.99 90.41 80.90 63.63 60.76 97.05 100.03 100.79 97.72
FR TRICASTIN-4 44.331 4.733 PWR 1 2785 100.41 99.95 99.58 93.93 62.49 0.00 40.73 94.92 84.51 89.67 98.32 92.45
DE BIBLIS-A 49.709 8.415 PWR 0 3517 87.79 98.13 97.54 35.70 0.00 0.00 0.00 0.00 0.00 0.00 0.00 2.02
DE BIBLIS-B 49.708 8.415 PWR 0 3733 98.21 39.44 0.00 0.00 52.16 94.03 93.31 89.30 95.67 98.31 98.16 99.00
DE BROKDORF 53.850 9.345 PWR 1 3900 100.07 100.18 99.44 99.80 95.31 43.21 31.61 96.12 97.54 98.51 98.72 96.62
DE BRUNSBUETTEL 53.891 9.202 BWR 0 2292 0.00 0.00 8.02 90.68 98.04 97.02 94.29 88.55 97.28 97.97 98.41 97.33
DE EMSLAND 52.471 7.322 PWR 0 3850 101.16 101.28 100.67 98.84 49.33 95.41 98.77 98.56 99.50 100.79 100.32 100.16
DE GRAFENRHEINFELD 49.984 10.186 PWR 1 3765 99.82 100.62 99.73 98.32 25.55 90.03 97.50 96.41 98.47 99.69 99.27 99.44
DE GROHNDE 52.033 9.412 PWR 1 3900 99.61 101.23 98.81 98.00 74.47 50.73 95.04 94.58 95.62 98.52 98.05 96.71
DE GUNDREMMINGEN-B 48.515 10.404 BWR 1 3840 100.19 100.33 98.00 80.55 58.79 97.73 98.42 98.05 98.82 99.67 87.37 100.60
DE GUNDREMMINGEN-C 48.515 10.404 BWR 1 3840 100.56 96.98 98.50 99.51 94.75 62.16 16.05 95.82 99.80 100.47 100.63 95.78
DE ISAR-1 48.607 12.296 BWR 0 2575 98.61 97.23 57.61 0.00 91.79 93.29 83.33 64.26 97.86 100.31 100.84 98.22
DE ISAR-2 48.607 12.296 PWR 1 3950 101.09 102.26 99.45 97.60 97.31 94.59 60.61 89.14 99.06 100.71 101.09 100.18
DE KRUEMMEL 53.410 10.410 BWR 0 3690 101.58 101.11 101.40 99.35 99.04 96.26 91.10 78.85 13.51 49.63 99.11 101.01
DE NECKARWESTHEIM-1 49.039 9.176 PWR 1 2497 100.08 99.32 99.40 93.84 73.60 32.74 84.49 88.25 91.05 96.34 95.43 96.60
DE NECKARWESTHEIM-2 49.039 9.176 PWR 0 3850 101.73 101.78 100.99 101.27 99.53 99.04 93.05 57.21 96.81 100.69 100.71 86.77
DE OBRIGHEIM 49.364 9.076 PWR 0 1050 99.68 99.93 99.71 100.04 97.62 92.48 67.71 7.32 39.01 99.03 98.87 87.53
DE PHILIPPSBURG-1 49.253 8.432 BWR 0 2575 99.45 82.02 95.38 76.22 0.00 73.53 95.59 85.27 89.64 89.55 98.78 99.22
DE PHILIPPSBURG-2 49.253 8.433 PWR 1 3950 99.78 99.77 99.32 98.73 96.89 93.23 50.03 68.58 92.71 87.86 98.71 99.54
DE STADE 53.62 9.531 PWR 0 1900 100.66 100.59 100.20 100.11 98.75 96.68 96.10 85.20 97.50 84.53 0.00 0.00
DE UNTERWESER 53.429 8.477 PWR 1 3900 0.00 63.98 100.19 98.88 97.33 74.57 65.96 55.12 94.84 96.62 99.03 96.39
HU PAKS-1 46.574 18.855 PWR 0 1485 99.54 99.97 96.65 99.75 99.88 100.00 14.25 0.00 67.84 99.98 96.68 99.57
HU PAKS-2 46.574 18.856 PWR 0 1485 99.61 99.88 90.22 0.00 0.00 0.00 0.00 0.00 0.00 0.00 0.00 0.00
HU PAKS-3 46.574 18.857 PWR 0 1485 99.83 34.64 83.32 87.76 87.18 87.96 87.98 85.31 61.76 33.49 99.64 99.22
HU PAKS-4 46.574 18.858 PWR 0 1485 99.45 99.92 98.96 99.89 52.95 63.63 99.92 99.99 99.76 100.09 99.48 99.44
IN KAIGA-1 14.865 74.438 PHWR 0 801 41.99 44.89 81.96 102.22 95.06 94.87 74.57 54.86 77.39 74.76 80.37 81.83
IN KAIGA-2 14.865 74.438 PHWR 0 801 16.36 101.00 88.59 102.73 102.53 103.03 72.44 58.53 72.91 79.55 82.23 81.71
IN KAKRAPAR-1 21.236 73.351 PHWR 0 801 84.68 99.78 101.40 97.90 95.37 96.42 97.25 68.15 0.56 66.87 87.26 67.59
IN KAKRAPAR-2 21.235 73.351 PHWR 0 801 95.26 83.62 102.33 100.16 99.07 101.29 99.18 68.86 88.38 78.38 88.57 88.60
IN MADRAS-1 12.557 80.177 PHWR 0 801 100.39 100.31 86.64 98.18 90.65 96.96 96.22 49.54 0.00 0.00 0.00 0.00
IN MADRAS-2 12.557 80.177 PHWR 0 801 0.00 0.00 0.00 0.00 0.00 0.00 20.95 84.08 70.29 106.99 130.43 104.59
IN NARORA-1 28.156 78.409 PHWR 0 801 80.21 95.32 101.64 82.07 91.46 74.80 88.79 73.65 89.43 81.25 89.11 89.20
IN NARORA-2 28.155 78.409 PHWR 0 801 103.75 91.48 103.26 54.30 55.16 74.10 43.65 66.22 59.51 69.50 69.33 83.27
IN RAJASTHAN-1 24.876 75.608 PHWR 0 346 0.00 0.00 0.00 0.00 0.00 0.00 0.00 0.00 0.00 0.00 0.00 0.00
IN RAJASTHAN-2 24.876 75.609 PHWR 0 693 104.83 105.41 102.41 87.51 97.72 96.95 96.66 54.83 65.29 73.33 56.93 78.38
IN RAJASTHAN-3 24.872 75.619 PHWR 0 801 95.00 101.01 100.75 88.16 87.31 93.00 83.59 61.37 58.79 52.94 76.90 80.76
IN RAJASTHAN-4 24.872 75.619 PHWR 0 801 103.37 91.01 101.72 100.67 26.93 76.51 51.33 66.00 59.85 67.91 68.34 82.13
IN TARAPUR-1 19.834 72.657 BWR 0 530 93.77 91.13 62.00 34.94 80.91 98.35 97.04 98.95 98.27 94.80 81.41 73.27
IN TARAPUR-2 19.834 72.657 BWR 0 530 100.77 100.55 95.32 97.02 97.23 96.72 88.10 90.41 93.84 76.78 28.10 56.06
JP FUGENATR 35.7544 136.0164 HWLWR 1 557 111.49 111.49 108.62 0.00 0.00 0.00 0.00 0.00 0.00 0.00 0.00 0.00
JP FUKUSHIMA-DAIICHI-1 37.422 141.031 BWR 0 1380 0.00 0.00 0.00 0.00 0.00 0.00 0.00 0.00 0.00 0.00 0.00 0.00
JP FUKUSHIMA-DAIICHI-2 37.422 141.032 BWR 0 2381 98.96 98.80 94.96 0.00 0.00 0.00 0.00 0.00 0.00 0.00 0.00 0.00
JP FUKUSHIMA-DAIICHI-3 37.422 141.033 BWR 0 2381 0.00 0.00 0.00 0.00 0.00 0.00 0.00 47.48 99.48 99.36 99.54 99.66
JP FUKUSHIMA-DAIICHI-4 37.422 141.034 BWR 0 2381 0.00 0.00 0.00 0.00 0.00 0.00 0.00 0.00 0.00 0.00 0.00 0.00
JP FUKUSHIMA-DAIICHI-5 37.429 141.031 BWR 0 2381 99.04 33.84 0.00 0.00 0.00 0.00 0.00 0.00 59.48 99.09 99.27 99.26
JP FUKUSHIMA-DAIICHI-6 37.429 141.031 BWR 0 3293 99.64 99.71 99.71 45.37 0.00 0.00 57.15 99.70 95.45 0.00 0.00 0.00
JP FUKUSHIMA-DAINI-1 37.315 141.024 BWR 0 3293 17.57 0.00 0.00 0.00 0.00 0.00 0.00 0.00 97.88 99.37 99.71 99.75
JP FUKUSHIMA-DAINI-2 37.315 141.025 BWR 0 3293 0.00 0.00 0.00 0.00 0.00 0.00 0.00 0.00 0.00 0.00 0.00 0.00
JP FUKUSHIMA-DAINI-3 37.315 141.026 BWR 0 3293 0.00 0.00 0.00 0.00 0.00 0.00 0.00 0.00 0.00 0.00 0.00 0.00
JP FUKUSHIMA-DAINI-4 37.315 141.027 BWR 0 3293 0.00 0.00 0.00 0.00 0.00 0.00 0.00 0.00 0.00 0.00 0.00 0.00
JP GENKAI-1 33.518 129.837 PWR 0 1650 102.65 102.80 102.89 102.91 102.54 102.34 101.90 101.75 100.03 0.00 0.00 20.61
JP GENKAI-2 33.517 129.837 PWR 0 1650 27.10 103.78 103.96 103.99 103.74 103.36 103.02 102.83 102.32 102.94 103.50 103.79
JP GENKAI-3 33.517 129.837 PWR 0 3423 0.00 23.14 101.99 102.74 102.80 102.70 102.67 102.59 102.37 102.58 102.82 102.82
JP GENKAI-4 33.516 129.837 PWR 0 3423 101.65 101.47 102.00 102.25 102.14 102.10 101.99 101.99 101.78 102.03 102.23 55.68
JP HAMAOKA-1 34.6202 138.1516 BWR 0 1593 0.00 0.00 0.00 0.00 0.00 0.00 0.00 0.00 0.00 0.00 0.00 0.00
JP HAMAOKA-2 34.6202 138.1516 BWR 0 2436 81.47 100.65 100.62 100.73 100.51 100.42 99.98 99.66 99.64 100.00 100.47 97.53
JP HAMAOKA-3 34.620 138.141 BWR 0 3293 0.00 0.00 0.00 0.00 0.00 0.00 0.00 0.00 0.00 8.81 82.39 100.66
JP HAMAOKA-4 34.620 138.141 BWR 0 3293 0.00 0.00 0.00 0.00 0.00 0.00 0.00 65.43 99.71 99.73 99.92 100.59
JP HAMAOKA-5 34.619 138.141 BWR 0 0.00 0.00 0.00 0.00 0.00 0.00 0.00 0.00 0.00 0.00 0.00 0.00 0.00
JP HIGASHIDORI1(TOHOKU) 41.188 141.393 BWR 0 0.00 0.00 0.00 0.00 0.00 0.00 0.00 0.00 0.00 0.00 0.00 0.00 0.00
JP IKATA-1 33.491 132.309 PWR 0 1650 103.14 103.22 102.82 89.08 0.00 0.00 49.43 100.88 100.17 100.49 101.19 101.94
JP IKATA-2 33.491 132.310 PWR 0 1650 86.16 0.00 0.00 91.86 102.55 101.52 100.81 101.14 100.32 100.52 101.33 102.04
JP IKATA-3 33.491 132.312 PWR 0 2660 106.10 105.88 105.85 106.23 105.90 105.71 105.59 105.26 62.62 0.00 0.00 41.45
JP KASHIWAZAKIKARIWA-1 37.434 138.598 BWR 0 3293 0.00 0.00 0.00 0.00 0.00 0.00 0.00 0.00 0.00 0.00 0.00 0.00
JP KASHIWAZAKIKARIWA-2 37.434 138.598 BWR 0 3293 0.00 0.00 0.00 0.00 0.00 0.00 0.00 0.00 0.00 0.00 0.00 0.00
JP KASHIWAZAKIKARIWA-3 37.433 138.598 BWR 0 3293 0.00 0.00 0.00 0.00 0.00 0.00 0.00 0.00 0.00 0.00 0.00 0.00
JP KASHIWAZAKIKARIWA-4 37.433 138.598 BWR 0 3293 16.59 0.00 0.00 0.00 0.00 0.00 16.47 99.86 99.78 100.10 100.38 100.43
JP KASHIWAZAKIKARIWA-5 37.432 138.598 BWR 0 3293 99.97 98.94 0.00 0.00 0.00 0.00 0.00 0.00 0.00 0.00 0.00 0.00
JP KASHIWAZAKIKARIWA-6 37.432 138.598 BWR 0 3926 82.69 0.00 0.00 0.00 68.28 99.77 102.65 102.34 102.48 103.07 103.55 103.60
JP KASHIWAZAKIKARIWA-7 37.431 138.598 BWR 0 3926 103.04 102.99 92.05 0.00 0.00 28.47 102.29 101.70 73.33 0.00 0.00 0.00
JP MIHAMA-1 35.701 135.962 PWR 0 1031 104.19 104.14 104.24 104.27 103.40 102.46 101.31 100.07 100.46 102.29 102.91 103.51
JP MIHAMA-2 35.701 135.962 PWR 0 1456 102.32 102.30 102.27 102.24 96.29 100.75 99.66 98.52 35.76 0.00 49.11 102.49
JP MIHAMA-3 35.703 135.961 PWR 0 2440 100.36 100.35 100.28 100.43 22.22 34.21 103.05 101.48 101.40 102.22 103.29 104.48
JP OHI-1 35.544 135.652 PWR 0 3423 101.05 101.03 101.03 43.24 0.00 86.31 101.49 100.39 100.29 101.21 101.99 56.70
JP OHI-2 35.543 135.652 PWR 0 3423 103.97 103.71 104.24 103.94 103.24 102.50 101.52 100.94 100.81 101.97 102.68 102.90
JP OHI-3 35.542 135.652 PWR 0 3423 15.64 9.81 102.28 102.77 102.64 102.52 102.33 102.23 102.07 102.38 102.60 102.49
JP OHI-4 35.542 135.652 PWR 0 3423 102.98 102.86 102.98 103.26 103.08 40.71 0.02 99.33 102.33 102.77 103.00 102.96
JP ONAGAWA-1 38.400 141.504 BWR 0 1593 0.00 0.00 0.00 0.00 0.00 0.00 7.42 99.92 99.92 99.94 100.03 100.04
JP ONAGAWA-2 38.401 141.504 BWR 0 2436 99.49 99.68 99.50 99.58 65.59 0.00 0.00 0.00 0.00 0.00 2.16 99.61
JP ONAGAWA-3 38.401 141.504 BWR 0 2436 99.68 81.20 0.00 33.15 91.27 102.85 103.18 103.10 103.24 103.43 103.61 103.58
JP SENDAI-1 31.834 130.193 PWR 0 2660 102.32 102.38 102.38 64.53 0.00 35.17 101.63 101.53 101.40 101.90 102.18 102.29
JP SENDAI-2 31.834 130.193 PWR 0 2660 102.79 102.78 102.78 102.89 102.54 102.18 102.29 9.56 0.25 94.13 103.19 103.19
JP SHIKA-1 37.061 136.728 BWR 0 1593 100.27 100.19 100.00 67.24 0.00 0.00 0.00 0.00 0.00 0.00 0.00 49.82
JP SHIMANE-1 35.537 132.999 BWR 0 1380 100.38 100.40 100.40 100.53 100.34 99.89 99.80 99.77 52.99 0.00 0.00 5.19
JP SHIMANE-2 35.537 133.000 BWR 0 2436 99.89 99.77 99.82 46.22 0.00 0.00 0.00 95.56 99.54 99.65 100.15 100.78
JP TAKAHAMA-1 35.520 135.503 PWR 0 2440 0.00 45.21 105.42 105.61 105.36 105.13 104.72 104.00 103.99 104.63 105.08 105.27
JP TAKAHAMA-2 35.520 135.503 PWR 0 2440 105.45 105.50 105.45 105.43 104.81 104.12 102.90 2.57 0.00 17.16 104.86 104.93
JP TAKAHAMA-3 35.521 135.503 PWR 0 2660 105.48 105.59 105.62 105.66 105.28 104.88 104.97 104.63 104.74 104.97 105.55 57.59
JP TAKAHAMA-4 35.521 135.503 PWR 0 2660 101.38 101.37 101.37 91.00 0.00 45.12 105.48 105.05 105.03 105.27 105.44 105.48
JP TOKAI-2 36.466 140.614 BWR 0 3293 100.85 100.92 83.99 101.01 100.77 100.78 100.37 100.35 100.08 100.39 100.51 100.73
JP TOMARI-1 43.038 140.515 PWR 0 1650 99.57 99.60 99.65 82.55 0.00 37.33 101.99 101.51 100.82 32.07 96.95 101.85
JP TOMARI-2 43.038 140.516 PWR 0 1650 1.90 98.83 102.49 102.55 102.44 102.54 102.52 101.96 33.29 0.00 32.77 102.75
JP TSURUGA-1 35.672 136.079 BWR 0 1070 99.99 98.09 76.88 101.37 99.75 40.27 0.00 72.73 100.41 100.80 101.12 85.51
JP TSURUGA-2 35.673 136.080 PWR 0 3411 102.40 102.52 102.42 102.74 102.78 102.71 102.50 102.15 12.77 4.31 101.49 101.50
KR KORI-1 35.321 129.295 PWR 0 1729 93.13 0.70 100.83 103.46 103.25 102.68 102.91 102.57 93.29 103.03 103.58 103.63
KR KORI-2 35.321 129.296 PWR 0 1882 105.76 105.77 105.88 106.19 82.79 105.96 105.94 105.37 90.67 36.01 41.34 105.96
KR KORI-3 35.321 129.297 PWR 0 2912 108.37 108.40 108.34 108.34 108.16 108.02 107.96 107.34 94.62 107.75 108.07 108.24
KR KORI-4 35.321 129.298 PWR 0 2912 108.43 108.47 97.81 0.00 101.45 108.38 108.26 107.76 95.89 108.05 108.45 108.38
KR HANUL-1 37.093 129.393 PWR 0 2785 104.00 104.08 104.09 50.71 0.00 67.26 104.09 103.50 103.53 103.54 0.00 103.21
KR HANUL-2 37.093 129.394 PWR 0 2775 103.78 103.60 103.67 95.14 49.94 0.79 103.63 103.34 103.51 103.90 104.29 103.97
KR HANUL-3 37.093 129.395 PWR 0 2825 98.66 104.10 104.25 104.37 104.08 103.97 4.59 103.52 103.38 103.24 103.60 103.58
KR HANUL-4 37.093 129.396 PWR 0 2825 101.19 103.21 102.21 103.43 103.34 103.29 103.27 97.54 8.86 95.63 103.94 103.62
KR HANUL-5 37.093 129.397 PWR 0 2815 0.00 0.00 0.00 0.00 0.00 0.00 0.00 0.00 0.00 0.00 0.00 5.48
KR WOLSONG-1 35.710 129.476 PHWR 0 2061 100.40 0.00 51.45 103.11 103.19 103.10 103.02 102.24 102.09 102.65 103.09 103.09
KR WOLSONG-2 35.710 129.477 PHWR 0 2061 106.30 106.22 106.24 106.36 6.92 104.90 105.41 104.19 93.73 105.02 105.67 105.85
KR WOLSONG-3 35.710 129.478 PHWR 0 2061 105.51 105.63 105.60 105.69 105.45 105.10 104.95 86.65 35.20 104.76 105.35 105.40
KR WOLSONG-4 35.710 129.479 PHWR 0 2061 106.06 104.73 105.98 98.34 105.82 42.30 95.16 100.40 104.23 105.13 105.74 105.90
KR HANBIT-1 35.404 126.419 PWR 0 2787 105.76 75.85 105.53 89.96 28.29 42.05 104.44 103.28 103.60 104.94 105.41 105.73
KR HANBIT-2 35.403 126.419 PWR 0 2787 52.05 26.49 105.21 105.17 104.74 104.18 103.95 103.13 103.69 104.63 104.68 105.23
KR HANBIT-3 35.403 126.419 PWR 0 2825 104.45 104.40 104.51 104.49 82.25 8.54 103.94 103.43 103.65 104.15 97.80 104.76
KR HANBIT-4 35.402 126.419 PWR 0 2825 105.14 88.23 105.19 105.30 104.99 104.42 104.23 103.27 103.08 103.66 103.64 104.29
KR HANBIT-5 35.402 126.419 PWR 0 2825 104.47 104.46 51.13 0.00 6.27 104.41 104.19 92.97 104.07 104.31 104.45 86.47
KR HANBIT-6 35.401 126.419 PWR 0 2825 103.86 104.98 104.98 105.16 104.80 104.45 104.32 103.98 104.03 104.26 60.06 0.00
LT IGNALINA-1 55.6002 26.4798 LWGR 0 4800 92.37 91.02 85.28 98.39 97.58 87.07 29.60 0.00 0.00 23.27 97.24 86.08
LT IGNALINA-2 55.6002 26.4798 LWGR 0 4800 99.48 97.44 75.19 7.53 0.00 46.05 86.61 102.21 102.55 92.09 69.98 83.84
MX LAGUNAVERDE-1 19.719 -96.405 BWR 0 2027 94.27 93.81 94.40 93.03 85.21 91.19 91.68 91.16 91.26 92.64 78.68 93.59
MX LAGUNAVERDE-2 19.719 -96.404 BWR 0 2027 94.80 94.54 93.88 76.39 0.00 32.60 91.17 92.57 91.81 94.09 71.91 94.35
NL BORSSELE 51.431 3.719 PWR 0 1366 101.02 101.09 100.94 100.89 100.37 99.77 99.24 98.55 60.31 99.63 100.53 90.63
PK CHASNUPP-1 32.392 71.463 PWR 0 999 24.75 71.70 79.58 83.49 100.22 77.50 2.41 84.18 53.31 86.75 65.05 97.86
PK KANUPP 24.845 66.790 PHWR 0 337 0.00 0.00 0.00 0.00 0.00 0.00 0.00 0.00 0.00 0.00 0.00 0.00
RO CERNAVODA-1 44.322 28.061 PHWR 0 2180 100.86 101.15 99.87 100.41 51.19 0.00 88.84 70.78 35.44 99.36 100.91 100.53
RU BALAKOVO-1 52.092 47.952 PWR 0 3000 97.66 19.52 0.00 96.79 96.33 100.17 94.54 100.37 101.64 102.14 102.13 98.44
RU BALAKOVO-2 52.092 47.954 PWR 0 3000 99.60 102.02 20.54 0.00 0.00 61.25 100.18 100.95 103.19 104.36 100.16 99.22
RU BALAKOVO-3 52.093 47.956 PWR 0 3000 97.36 100.30 101.95 101.92 97.08 101.03 99.27 90.55 0.00 20.72 100.53 101.55
RU BALAKOVO-4 52.093 47.958 PWR 0 3200 99.74 101.32 104.03 103.61 92.75 0.00 32.08 101.53 101.05 103.74 101.96 99.93
RU BELOYARSK-3 56.842 61.319 FBR 0 1470 96.60 93.31 98.36 43.08 0.00 41.88 99.14 98.55 99.86 43.89 90.70 98.98
RU BILIBINO-1 68.059 166.492 LWGR 0 62 48.20 0.00 30.78 68.73 51.55 44.86 2.82 0.00 0.00 40.61 6.54 24.78
RU BILIBINO-2 68.059 166.493 LWGR 0 62 52.10 49.35 27.80 0.00 1.14 20.66 18.68 35.17 46.10 46.17 58.86 59.07
RU BILIBINO-3 68.059 166.494 LWGR 0 62 11.72 57.41 54.07 46.61 14.09 0.00 32.94 48.40 57.49 27.88 52.41 40.37
RU BILIBINO-4 68.059 166.495 LWGR 0 62 35.98 50.50 7.34 6.68 39.05 29.22 30.29 41.36 47.79 0.00 0.00 18.99
RU KALININ-1 57.903 35.057 PWR 0 3000 102.93 103.83 85.49 102.94 101.89 64.84 0.00 80.32 105.47 80.25 102.60 104.09
RU KALININ-2 57.904 35.059 PWR 0 3000 95.45 101.84 102.40 33.94 0.00 102.69 102.56 103.64 103.56 104.18 102.97 104.61
RU KOLA-1 67.467 32.491 PWR 0 1375 90.07 15.43 0.00 0.00 16.50 90.06 77.16 98.67 101.73 102.66 63.04 61.95
RU KOLA-2 67.467 32.492 PWR 0 1375 26.02 91.45 96.74 66.95 22.95 0.00 0.00 0.00 44.90 83.96 93.18 99.56
RU KOLA-3 67.467 32.493 PWR 0 1375 94.99 94.64 102.76 96.75 101.18 96.74 49.90 0.00 31.92 100.41 50.96 94.12
RU KOLA-4 67.467 32.494 PWR 0 1375 91.34 100.85 82.47 98.85 62.34 0.00 45.66 93.96 75.34 5.60 101.09 72.54
RU KURSK-1 51.674 35.607 LWGR 0 3200 93.74 100.84 95.25 96.13 86.88 0.00 6.74 75.68 101.22 103.07 96.82 100.49
RU KURSK-2 51.674 35.607 LWGR 0 3200 71.82 71.03 70.87 71.44 68.52 69.99 66.19 67.21 0.27 0.00 0.00 0.00
RU KURSK-3 51.673 35.607 LWGR 0 3200 100.38 101.41 78.96 0.00 0.00 0.00 0.00 70.12 102.49 102.56 101.48 100.01
RU KURSK-4 51.673 35.607 LWGR 0 3200 101.33 103.02 102.73 101.59 94.93 98.57 95.95 7.62 0.00 24.10 100.46 95.22
RU LENINGRAD-1 59.840 29.027 LWGR 0 3200 98.84 100.22 100.29 100.50 96.04 97.74 93.05 92.44 91.36 94.23 88.50 50.68
RU LENINGRAD-2 59.840 29.028 LWGR 0 3200 16.19 81.30 101.19 100.71 98.22 99.25 99.14 96.39 97.87 97.20 85.24 84.23
RU LENINGRAD-3 59.840 29.029 LWGR 0 3200 93.41 92.99 93.66 94.75 88.49 93.55 92.50 89.34 91.40 50.20 42.36 74.59
RU LENINGRAD-4 59.840 29.030 LWGR 0 3200 59.28 0.00 0.00 0.00 0.00 0.00 0.00 0.00 0.00 47.76 86.77 93.32
RU NOVOVORONEZH-3 51.274 39.206 PWR 0 1375 73.34 70.17 98.06 97.83 96.33 5.76 0.00 0.00 88.76 100.83 101.78 98.62
RU NOVOVORONEZH-4 51.274 39.206 PWR 0 1375 96.25 99.08 100.66 90.66 96.31 97.98 93.93 94.66 37.77 0.00 12.70 99.19
RU NOVOVORONEZH-5 52.381 39.211 PWR 0 3000 97.57 100.82 100.77 96.27 91.06 97.93 54.46 0.00 67.30 100.82 99.34 98.52
RU ROSTOV-1 47.599 42.373 PWR 0 3200 102.65 103.85 103.91 104.00 0.00 5.35 101.69 101.49 103.46 103.38 72.27 103.91
RU SMOLENSK-1 54.169 33.245 LWGR 0 3200 100.21 95.30 99.88 0.00 43.36 97.84 72.19 97.07 90.13 100.49 99.21 97.95
RU SMOLENSK-2 54.168 33.245 LWGR 0 3200 54.47 69.30 92.02 91.93 96.27 97.95 94.99 96.05 73.62 0.00 87.22 99.88
RU SMOLENSK-3 54.168 33.245 LWGR 0 3200 100.96 101.72 101.79 101.74 97.62 1.18 40.21 98.55 101.68 101.74 99.30 95.87
SK BOHUNICE-1 48.5001 17.6798 PWR 0 1375 85.54 94.58 18.99 34.85 81.97 81.04 83.80 86.31 88.48 93.89 90.53 89.56
SK BOHUNICE-2 48.5001 17.6798 PWR 0 1375 80.47 98.45 95.46 93.63 89.67 87.72 90.17 59.67 0.00 0.00 92.72 91.96
SK BOHUNICE-3 48.492 17.687 PWR 0 1471 76.07 93.32 93.55 90.58 89.29 59.61 0.00 0.00 69.22 89.49 87.74 88.70
SK BOHUNICE-4 48.492 17.687 PWR 0 1471 95.17 95.90 94.89 76.49 0.00 65.38 88.46 91.38 87.73 86.19 83.33 81.75
SK MOCHOVCE-1 48.261 18.455 PWR 0 1471 89.81 102.71 40.42 0.00 59.13 91.74 85.88 91.03 96.02 96.66 96.32 97.44
SK MOCHOVCE-2 48.260 18.455 PWR 0 1471 81.63 100.05 97.98 97.95 97.82 39.55 14.00 93.45 92.56 97.17 99.71 92.40
SI KRSKO 45.939 15.516 PWR 0 1994 97.18 98.89 97.77 96.36 24.00 59.11 84.15 72.03 93.02 96.99 89.89 97.95
ZA KOEBERG-1 -33.677 18.433 PWR 0 2775 34.47 0.00 72.52 99.52 99.52 99.59 88.75 99.50 98.91 80.87 99.07 97.91
ZA KOEBERG-2 -33.677 18.434 PWR 0 2775 100.40 100.21 100.25 75.51 100.25 100.34 98.35 97.78 92.26 22.94 0.00 64.34
ES ALMARAZ-1 39.807 -5.698 PWR 0 2947 99.89 99.86 99.41 99.60 99.06 97.43 97.25 96.23 81.99 19.94 99.15 99.89
ES ALMARAZ-2 39.807 -5.697 PWR 0 2947 90.30 88.46 90.78 52.10 0.00 66.48 88.62 87.00 95.96 97.36 97.24 99.03
ES ASCO-1 41.202 0.571 PWR 0 2954 98.95 89.43 16.54 54.33 99.26 97.56 97.27 96.86 96.22 98.14 99.12 99.47
ES ASCO-2 41.202 0.572 PWR 0 2941 99.03 99.08 98.91 95.92 98.71 96.76 96.39 95.58 96.25 97.14 98.42 98.66
ES COFRENTES 39.216 -1.051 BWR 0 3237 100.29 99.95 100.04 100.04 98.36 73.97 96.17 90.91 36.91 46.20 94.35 100.45
ES JOSECABRERA-1 40.3492 -1.1156 PWR 0 510 92.41 92.44 92.04 91.64 92.06 92.10 91.05 91.35 91.75 91.23 41.98 0.00
ES SANTAMARIADEGARONA 42.775 -3.205 BWR 0 1381 88.09 99.69 19.67 100.22 99.83 97.52 99.35 98.90 98.25 98.99 99.98 100.13
ES TRILLO-1 40.699 -2.622 PWR 0 3010 100.22 100.14 99.97 86.69 96.36 31.46 98.92 98.24 98.83 98.96 99.40 99.39
ES VANDELLOS-2 40.949 0.867 PWR 0 2941 100.24 100.19 100.09 100.14 90.18 98.11 93.74 92.72 13.22 93.80 99.63 99.93
SE FORSMARK-1 60.405 18.168 BWR 0 2928 99.78 100.14 100.00 97.58 99.18 87.17 60.37 27.13 97.24 96.46 99.70 99.95
SE FORSMARK-2 60.405 18.170 BWR 0 3253 99.43 99.46 98.96 92.49 25.20 46.77 95.38 95.68 96.50 99.17 96.79 99.59
SE FORSMARK-3 60.407 18.155 BWR 0 3300 100.07 100.10 99.80 90.54 72.35 45.15 82.45 94.90 96.30 98.66 99.32 99.75
SE OSKARSHAMN-1 57.415 16.666 BWR 0 1375 44.57 61.38 72.84 100.37 97.15 92.86 88.11 60.80 0.00 78.99 99.45 95.65
SE OSKARSHAMN-2 57.415 16.667 BWR 0 1800 98.66 98.89 98.30 95.14 27.25 0.00 0.00 0.00 0.97 82.28 97.41 99.07
SE OSKARSHAMN-3 57.416 16.671 BWR 0 3900 99.10 99.34 99.13 99.07 95.13 38.78 67.13 95.80 71.92 0.00 47.32 98.67
SE RINGHALS-1 57.259 12.111 BWR 0 2540 101.13 101.20 99.14 86.44 99.15 50.18 3.57 84.13 0.00 26.81 91.30 100.74
SE RINGHALS-2 57.259 12.112 PWR 0 2500 99.50 99.54 99.34 90.06 53.79 47.03 93.33 94.59 96.39 95.25 98.87 98.97
SE RINGHALS-3 57.259 12.113 PWR 0 3135 99.90 100.42 101.27 92.59 0.00 28.48 96.24 96.04 90.63 99.49 100.43 100.64
SE RINGHALS-4 57.259 12.114 PWR 0 2775 99.98 100.06 99.93 98.67 98.43 95.88 89.77 0.00 74.03 98.13 98.96 95.46
CH BEZNAU-1 47.552 8.229 PWR 1 1130 100.32 100.71 100.53 100.64 100.01 61.07 96.48 89.18 98.45 100.05 100.62 100.80
CH BEZNAU-2 47.552 8.230 PWR 1 1130 93.28 100.38 99.36 100.29 99.74 97.11 75.41 33.68 98.32 99.55 100.35 100.39
CH GOESGEN 47.366 7.969 PWR 1 3002 101.23 101.47 100.31 100.43 95.00 29.44 98.32 97.88 99.63 101.07 101.12 101.55
CH LEIBSTADT 47.601 8.183 BWR 0 3600 100.98 101.29 99.90 99.90 98.47 94.53 92.65 11.98 97.11 100.14 100.44 98.95
CH MUEHLEBERG 46.969 7.266 BWR 0 1097 101.23 96.35 100.99 99.82 97.04 67.78 81.75 20.78 90.35 100.85 101.47 101.51
GB DUNGENESSA-1 50.913 0.962 GCR 0 840 92.69 91.52 91.61 89.77 37.15 81.49 84.75 79.40 92.83 91.36 92.82 55.88
GB DUNGENESSA-2 50.913 0.962 GCR 0 840 96.47 95.25 95.35 11.94 0.00 32.25 47.53 74.87 89.61 92.45 94.25 50.96
GB DUNGENESSB-1 50.913 0.962 GCR 0 1500 78.31 48.35 0.00 0.00 56.84 97.48 36.41 62.03 79.65 31.74 87.80 35.89
GB DUNGENESSB-2 50.912 0.962 GCR 0 1500 94.74 80.37 63.13 56.12 97.50 98.23 94.48 33.80 97.32 97.03 83.43 29.89
GB HARTLEPOOLA-1 54.634 -1.180 GCR 0 1500 88.38 100.61 63.57 92.94 98.83 98.39 41.72 96.08 66.89 98.13 96.96 96.92
GB HARTLEPOOLA-2 54.634 -1.180 GCR 0 1500 67.40 87.40 97.74 83.39 4.15 8.38 29.13 96.14 94.87 95.07 87.23 41.38
GB HEYSHAMA-1 54.029 -2.912 GCR 0 1500 97.61 90.39 65.08 100.01 99.91 98.35 98.40 93.53 61.44 88.13 0.00 0.00
GB HEYSHAMA-2 54.028 -2.912 GCR 0 1500 71.94 98.22 97.66 98.28 97.77 40.68 85.85 96.55 96.73 85.94 0.00 0.00
GB HEYSHAMB-1 54.028 -2.912 GCR 0 1550 95.20 98.61 78.68 93.47 94.78 99.70 94.93 75.11 93.06 98.75 91.71 92.75
GB HEYSHAMB-2 54.027 -2.912 GCR 0 1550 100.21 87.67 81.93 13.39 99.93 91.84 94.60 93.80 94.60 48.05 97.40 100.17
GB HINKLEYPOINTB-1 51.208 -3.131 GCR 0 1494 93.08 99.41 93.73 102.64 96.94 93.80 95.79 22.04 0.00 20.55 99.31 100.17
GB HINKLEYPOINTB-2 51.208 -3.131 GCR 0 1494 97.09 88.70 96.27 72.04 74.76 83.47 83.22 88.47 92.46 85.89 84.01 90.75
GB HUNTERSTONB-1 55.721 -4.893 GCR 0 1496 87.23 96.41 75.11 92.79 95.22 17.45 3.37 87.01 85.39 75.75 91.89 100.24
GB HUNTERSTONB-2 55.721 -4.893 GCR 0 1496 94.49 102.55 85.74 96.16 79.76 93.41 91.04 76.08 97.34 97.41 56.08 96.21
GB OLDBURYA-1 51.649 -2.567 GCR 0 730 46.39 66.28 5.51 86.39 94.81 92.08 92.37 92.52 93.68 95.54 95.92 94.36
GB OLDBURYA-2 51.649 -2.567 GCR 0 660 102.70 80.16 46.23 105.65 106.93 105.13 104.74 104.09 104.19 105.18 105.18 102.82
GB SIZEWELLA-1 52.215 1.623 GCR 0 1010 106.40 101.96 99.97 90.51 108.36 93.18 99.57 102.10 70.45 104.82 111.59 107.01
GB SIZEWELLA-2 52.215 1.623 GCR 0 1010 97.78 61.53 101.74 101.44 88.73 17.06 30.87 89.06 47.73 100.65 83.86 102.12
GB SIZEWELLB 52.215 1.623 PWR 0 3425 99.88 96.09 99.63 99.99 80.02 93.10 98.50 98.18 98.67 11.01 47.86 99.20
GB TORNESS-1 55.966 -2.399 GCR 0 1623 91.02 74.69 58.09 96.12 89.46 89.52 91.08 89.47 80.79 82.99 94.77 87.76
GB TORNESS-2 55.966 -2.399 GCR 0 1623 92.67 86.77 96.12 85.06 95.22 93.87 18.81 2.65 89.78 11.03 78.79 82.45
GB WYLFA-1 53.416 -4.480 GCR 0 1920 92.61 95.49 97.34 100.66 27.52 0.00 0.00 28.44 90.97 92.49 96.51 96.38
GB WYLFA-2 53.415 -4.480 GCR 0 1920 88.41 67.14 99.31 100.66 92.49 90.72 44.04 9.92 75.34 85.95 90.64 93.53
UA KHMELNITSKI-1 50.301 26.649 PWR 0 3000 101.41 99.13 99.75 24.59 0.00 97.59 101.10 100.96 101.24 101.25 101.41 101.40
UA KHMELNITSKI-2 50.301 26.647 PWR 0 0.00 0.00 0.00 0.00 0.00 0.00 0.00 0.00 0.00 0.00 0.00 0.00 0.00
UA ROVNO-1 51.326 25.900 PWR 0 1375 102.16 99.80 100.55 10.23 36.48 72.94 96.89 96.40 98.27 98.03 98.20 102.08
UA ROVNO-2 51.326 25.901 PWR 0 1375 101.48 106.11 102.14 100.03 98.16 89.38 0.00 19.18 102.83 102.94 92.23 103.46
UA ROVNO-3 51.326 25.902 PWR 0 3000 86.83 98.50 98.93 97.93 84.49 97.27 95.01 94.28 82.57 0.00 0.00 67.15
UA ROVNO-4 51.326 25.903 PWR 0 0.00 0.00 0.00 0.00 0.00 0.00 0.00 0.00 0.00 0.00 0.00 0.00 0.00
UA SOUTHUKRAINE-1 47.811 31.220 PWR 0 3000 0.00 94.43 99.78 100.57 97.90 88.32 95.45 83.33 90.59 96.18 22.39 0.00
UA SOUTHUKRAINE-2 47.811 31.220 PWR 0 3000 95.63 100.68 99.68 56.66 0.00 0.00 0.00 47.87 100.00 98.08 99.57 98.96
UA SOUTHUKRAINE-3 47.812 31.224 PWR 0 3000 98.33 100.20 100.11 98.38 95.53 83.29 90.25 29.25 0.00 2.16 95.82 79.52
UA ZAPOROZHYE-1 47.508 34.627 PWR 0 3000 102.36 100.67 97.26 98.87 15.46 0.00 64.21 96.98 99.09 99.73 83.60 93.89
UA ZAPOROZHYE-2 47.508 34.627 PWR 0 3000 100.34 100.50 100.26 99.86 91.02 97.44 10.94 2.67 98.25 98.95 76.83 98.61
UA ZAPOROZHYE-3 47.507 34.627 PWR 0 3000 100.77 82.29 100.33 99.64 97.38 97.33 94.91 94.49 16.58 0.00 65.99 99.61
UA ZAPOROZHYE-4 47.507 34.627 PWR 0 3000 0.00 55.44 100.21 100.75 99.72 99.61 96.34 97.57 99.13 98.85 99.33 24.37
UA ZAPOROZHYE-5 47.506 34.627 PWR 0 3000 101.09 77.16 43.55 100.16 97.08 96.56 94.16 46.36 0.00 94.21 99.58 98.85
UA ZAPOROZHYE-6 47.506 34.627 PWR 0 3000 100.94 89.86 39.63 0.00 84.75 99.73 100.12 100.20 102.20 102.36 93.81 95.94
US ANO-1 35.310 -93.230 PWR 0 2568 102.69 102.66 102.56 102.17 100.05 101.54 96.15 91.85 96.87 102.35 48.24 66.40
US ANO-2 35.310 -93.229 PWR 0 3026 118.07 117.77 117.96 117.69 117.20 116.98 115.17 103.97 62.99 61.45 118.18 99.03
US BEAVERVALLEY-1 40.624 -80.432 PWR 0 2900 102.30 88.54 11.26 0.00 91.67 97.73 101.26 100.99 101.96 102.53 96.23 103.39
US BEAVERVALLEY-2 40.624 -80.431 PWR 0 2900 102.07 101.57 101.64 101.54 98.71 98.42 99.88 99.45 37.54 49.66 101.58 102.27
US BRAIDWOOD-1 41.247 -88.230 PWR 0 3587 105.66 105.77 104.22 43.72 99.52 104.61 103.92 103.54 104.80 105.59 105.02 104.01
US BRAIDWOOD-2 41.247 -88.229 PWR 0 3587 105.24 105.11 105.07 105.24 103.92 103.54 102.93 102.76 103.47 102.57 44.93 93.73
US BROWNSFERRY-1 34.704 -87.119 BWR 0 0.00 0.00 0.00 0.00 0.00 0.00 0.00 0.00 0.00 0.00 0.00 0.00 0.00
US BROWNSFERRY-2 34.703 -87.119 BWR 0 3458 82.68 59.99 23.58 96.23 101.40 100.75 94.71 99.34 100.03 87.16 76.28 101.88
US BROWNSFERRY-3 34.703 -87.119 BWR 0 3458 101.62 90.26 99.70 101.01 100.57 61.87 89.62 98.54 99.36 97.41 100.28 101.36
US BRUNSWICK-1 33.958 -78.007 BWR 0 2923 96.45 104.16 103.38 103.01 102.98 101.86 89.27 101.50 101.71 103.21 99.65 103.14
US BRUNSWICK-2 33.957 -78.007 BWR 0 2923 102.95 98.93 20.64 86.06 111.68 109.15 113.51 111.39 111.18 114.26 96.88 110.69
US BYRON-1 42.074 -89.277 PWR 0 3587 104.76 104.53 104.72 104.34 104.33 104.09 103.24 102.90 70.62 53.20 102.49 102.66
US BYRON-2 42.074 -89.276 PWR 0 3587 105.33 105.10 105.04 104.41 103.94 103.89 103.76 103.43 102.34 102.50 103.79 103.92
US CALLAWAY-1 38.763 -91.781 PWR 0 3565 104.29 103.81 69.87 95.64 103.17 102.63 101.68 101.68 102.39 89.48 103.12 104.20
US CALVERTCLIFFS-1 38.435 -76.439 PWR 0 2737 105.44 105.36 105.49 105.23 105.01 104.03 102.95 101.73 102.20 104.51 103.66 105.17
US CALVERTCLIFFS-2 38.434 -76.439 PWR 0 2737 103.90 51.34 0.00 26.70 98.76 103.48 102.75 102.02 103.00 104.70 104.68 105.48
US CATAWBA-1 35.053 -81.071 PWR 0 3411 103.41 96.08 102.48 102.71 102.24 101.76 101.40 89.03 70.73 102.60 22.50 0.00
US CATAWBA-2 35.053 -81.070 PWR 0 3411 104.20 103.26 6.17 103.15 102.73 101.24 100.73 101.52 102.35 103.08 100.95 103.10
US CLINTON-1 40.172 -88.834 BWR 0 3473 99.45 99.99 100.22 90.72 99.75 101.84 101.81 101.78 99.44 94.25 98.58 78.72
US COLUMBIA 46.471 -119.333 BWR 0 3486 100.88 96.57 54.87 99.69 8.57 1.45 80.98 99.54 99.89 99.08 101.22 100.92
US COMANCHEPEAK-1 32.301 -97.787 PWR 0 3612 99.65 99.53 74.95 99.36 85.79 98.39 97.83 97.25 98.00 98.77 98.50 99.38
US COMANCHEPEAK-2 32.301 -97.786 PWR 0 3458 99.53 99.67 99.79 99.40 49.34 97.73 40.77 96.12 97.71 11.38 95.77 84.57
US COOPER 40.361 -95.643 BWR 0 2419 100.43 72.31 0.00 18.22 83.32 0.00 90.73 96.62 84.92 84.93 86.94 84.94
US CRYSTALRIVER-3 28.966 -82.697 PWR 0 2568 102.19 102.53 103.13 100.65 101.00 101.47 100.98 101.06 86.36 7.19 73.95 101.56
US DAVISBESSE-1 41.597 -83.092 PWR 0 2817 0.00 0.00 0.00 0.00 0.00 0.00 0.00 0.00 0.00 0.00 0.00 0.00
US DIABLOCANYON-1 35.212 -120.854 PWR 0 3411 101.57 101.90 101.53 101.88 102.15 94.38 101.59 101.79 101.56 101.47 101.57 96.60
US DIABLOCANYON-2 35.212 -120.853 PWR 0 3411 100.14 6.99 4.35 51.14 101.23 101.16 101.10 101.38 101.03 100.88 100.81 97.06
US COOK-1 41.975 -86.564 PWR 0 3304 49.62 85.95 103.73 79.82 8.18 103.50 101.72 100.87 102.87 56.12 4.71 103.58
US COOK-2 41.975 -86.563 PWR 0 3468 88.84 67.14 103.80 79.53 0.00 25.97 101.22 46.05 102.56 103.95 104.70 94.62
US DRESDEN-2 41.386 -88.268 BWR 0 2957 97.87 101.81 102.26 102.14 91.16 99.65 101.79 102.03 100.17 29.94 57.65 95.02
US DRESDEN-3 41.385 -88.268 BWR 0 2957 99.23 101.36 95.49 101.10 100.50 73.38 102.69 102.27 100.81 102.94 95.67 47.52
US DUANEARNOLD-1 42.101 -91.776 BWR 0 1912 101.37 46.66 75.22 32.63 101.87 101.38 100.20 99.68 101.90 101.88 12.76 88.12
US FERMI-2 41.963 -83.257 BWR 0 3430 97.84 101.05 88.41 0.00 63.57 101.29 100.59 80.16 81.20 102.26 103.06 102.58
US FARLEY-1 31.223 -85.115 PWR 0 2775 102.59 102.21 90.29 0.00 83.21 100.75 100.40 100.41 101.56 102.44 102.70 103.42
US FARLEY-2 31.223 -85.114 PWR 0 2775 103.34 102.91 102.37 101.86 100.30 100.16 93.81 99.50 100.23 101.64 95.53 103.32
US FITZPATRICK 43.521 -76.403 BWR 0 2536 100.37 87.43 72.80 104.20 103.93 103.64 102.60 88.23 99.37 103.74 102.89 104.14
US FORTCALHOUN-1 41.520 -96.076 PWR 0 1500 102.61 102.35 79.90 100.75 101.45 99.23 94.96 97.20 37.26 0.33 88.67 102.85
US GRANDGULF-1 32.007 -91.045 BWR 0 4408 101.72 102.92 106.75 83.64 104.63 104.74 105.33 105.07 104.20 105.77 105.73 106.38
US ROBINSON-2 34.402 -80.158 PWR 0 2339 105.76 104.98 105.48 104.50 102.52 102.20 101.29 101.22 101.76 103.59 103.61 105.68
US HATCH-1 31.935 -82.346 BWR 0 2804 102.23 100.61 101.93 48.81 94.06 100.71 100.41 99.34 100.37 95.04 99.73 99.93
US HATCH-2 31.934 -82.346 BWR 0 2804 101.19 99.39 1.82 99.33 99.07 96.67 98.49 98.96 99.31 100.37 99.14 101.30
US HOPECREEK-1 39.467 -75.535 BWR 0 3840 101.40 101.97 52.51 46.76 49.94 98.42 100.61 100.18 63.62 82.05 100.85 51.81
US INDIANPOINT-2 41.269 -73.950 PWR 0 3216 102.55 103.32 102.40 97.26 102.20 102.78 100.86 81.17 101.29 103.17 103.35 103.60
US INDIANPOINT-3 41.269 -73.950 PWR 0 3216 97.00 101.97 91.62 5.32 101.50 83.79 101.14 74.77 101.28 101.68 101.89 101.78
US KEWAUNEE 44.470 -87.498 PWR 0 1772 103.90 99.19 103.50 10.88 60.80 103.31 103.07 101.79 102.56 102.71 103.12 101.53
US LASALLE-1 41.246 -88.672 BWR 0 3546 100.47 106.71 99.92 96.67 95.65 103.12 101.95 99.00 101.67 103.30 93.04 99.77
US LASALLE-2 41.246 -88.672 BWR 0 3546 47.25 21.22 98.77 106.24 105.29 103.30 82.03 102.14 91.55 103.98 104.39 102.61
US LIMERICK-1 40.225 -75.584 BWR 0 3515 104.35 104.20 103.65 88.31 102.55 101.22 100.54 100.17 100.44 102.91 102.89 103.58
US LIMERICK-2 40.225 -75.584 BWR 0 3515 103.45 99.23 30.35 98.03 100.70 101.29 100.59 91.77 99.46 103.01 103.22 104.08
US MCGUIRE-1 35.433 -80.946 PWR 0 3469 103.18 105.28 105.31 103.14 103.26 102.64 101.25 99.72 100.81 101.96 103.25 104.80
US MCGUIRE-2 35.433 -80.946 PWR 0 3411 101.77 105.14 103.47 104.73 101.36 102.88 101.63 100.78 15.67 77.29 104.27 104.89
US MILLSTONE-2 41.312 -72.166 PWR 0 2700 101.15 101.14 35.63 100.85 101.09 94.87 100.19 99.22 99.57 31.05 0.06 98.17
US MILLSTONE-3 41.311 -72.166 PWR 0 3650 94.64 102.23 102.21 102.20 102.08 101.75 101.25 100.66 100.99 101.56 101.39 102.18
US MONTICELLO 45.334 -93.850 BWR 0 1775 101.50 101.24 101.82 83.16 11.74 88.69 98.67 97.74 100.05 101.26 102.09 101.81
US NINEMILEPOINT-1 43.522 -76.412 BWR 0 1850 108.91 81.79 48.28 3.34 97.67 105.15 104.52 87.96 106.69 104.25 97.83 109.03
US NINEMILEPOINT-2 43.521 -76.413 BWR 0 3988 103.78 103.64 102.82 103.18 97.81 99.63 75.93 77.94 101.20 102.46 102.59 101.29
US NORTHANNA-1 38.061 -77.792 PWR 0 2940 95.53 62.60 0.00 34.45 100.57 66.76 100.20 100.01 100.50 100.88 100.83 100.77
US NORTHANNA-2 38.061 -77.792 PWR 0 2940 0.00 88.52 98.28 97.50 100.57 100.01 99.85 99.77 99.46 100.41 100.79 100.77
US OCONEE-1 34.796 -82.894 PWR 0 2568 102.33 102.45 98.66 102.38 100.67 101.99 101.52 96.69 46.94 0.00 0.00 0.00
US OCONEE-2 34.796 -82.894 PWR 0 2568 102.84 102.93 102.90 102.50 102.69 101.70 101.93 101.32 100.69 101.58 102.44 102.07
US OCONEE-3 34.795 -82.894 PWR 0 2568 102.77 102.93 102.12 72.19 0.00 36.52 101.45 100.83 100.01 101.02 101.63 102.24
US OYSTERCREEK 39.815 -74.208 BWR 0 1930 102.79 96.93 100.73 102.73 76.47 100.75 98.64 79.09 100.37 101.94 99.90 103.41
US PALISADES 42.323 -86.316 PWR 0 2565 108.94 107.15 53.53 29.73 108.95 107.86 103.17 105.45 107.06 108.28 105.31 109.97
US PALOVERDE-1 33.387 -112.863 PWR 0 3990 99.73 99.68 83.14 99.30 99.95 99.60 98.84 87.60 99.39 98.83 100.32 100.93
US PALOVERDE-2 33.387 -112.863 PWR 0 3990 102.35 102.32 102.22 101.95 101.70 101.50 92.79 95.94 87.06 0.00 0.00 44.56
US PALOVERDE-3 33.386 -112.863 PWR 0 3990 102.47 102.40 91.19 0.00 94.56 77.93 89.61 84.98 100.88 101.10 101.70 102.00
US PEACHBOTTOM-2 39.759 -76.270 BWR 0 3514 102.21 95.30 102.87 95.29 87.54 102.07 83.80 101.45 66.50 102.07 102.94 96.01
US PEACHBOTTOM-3 39.758 -76.270 BWR 0 3514 102.05 102.43 102.30 102.30 101.00 101.75 100.20 97.98 42.07 57.29 103.17 103.28
US PERRY-1 41.801 -81.147 BWR 0 3758 101.25 92.16 85.82 9.24 0.00 97.56 100.05 73.80 91.05 100.09 96.37 101.77
US PILGRIM-1 41.945 -70.578 BWR 0 2028 102.11 72.12 95.64 60.37 37.36 88.34 99.93 97.91 92.66 66.20 99.70 99.91
US POINTBEACH-1 44.282 -87.534 PWR 0 1800 98.88 98.99 99.07 99.29 99.53 98.67 67.86 98.07 98.60 98.54 97.88 99.34
US POINTBEACH-2 44.281 -87.534 PWR 0 1800 99.34 99.57 99.89 84.39 93.64 98.79 84.84 98.44 86.99 6.82 31.19 100.22
US PRAIRIEISLAND-1 44.622 -92.631 PWR 0 1677 104.74 104.59 103.56 82.72 102.66 99.60 99.62 99.47 102.15 103.76 103.84 104.37
US PRAIRIEISLAND-2 44.622 -92.631 PWR 0 1677 102.93 104.35 104.38 101.05 100.95 99.97 99.98 98.06 33.37 59.33 104.21 104.49
US QUADCITIES-1 41.727 -90.308 BWR 0 2957 102.45 96.91 97.17 103.27 63.35 101.52 103.05 101.99 102.17 102.01 34.30 82.81
US QUADCITIES-2 41.726 -90.308 BWR 0 2957 102.91 103.76 103.84 87.30 86.73 31.01 88.86 99.47 103.34 102.75 103.34 103.69
US GINNA 43.279 -77.311 PWR 0 1775 103.37 103.25 100.39 103.46 103.61 102.94 101.24 88.88 43.72 47.14 103.40 103.35
US RIVERBEND-1 30.727 -91.372 BWR 0 3091 102.90 83.78 43.24 51.95 101.52 100.00 101.20 101.11 92.11 101.24 102.36 102.67
US SALEM-1 39.463 -75.534 PWR 0 3459 102.85 100.00 90.59 96.77 101.41 101.40 93.26 91.67 74.38 88.85 97.69 98.33
US SALEM-2 39.463 -75.534 PWR 0 3459 103.39 102.91 93.64 99.59 100.79 102.06 100.74 100.25 73.78 28.65 4.98 102.52
US SANONOFRE-2 33.367 -117.556 PWR 0 3438 105.38 97.55 104.89 105.32 105.03 95.92 104.11 104.76 104.71 104.60 105.08 105.39
US SANONOFRE-3 33.367 -117.556 PWR 0 3438 17.47 35.77 103.53 104.03 103.22 103.14 103.34 103.77 103.59 103.30 101.90 103.52
US SEABROOK-1 42.897 -70.849 PWR 0 3648 100.19 100.15 100.21 100.26 100.34 100.36 100.33 100.26 98.62 14.47 86.08 100.35
US SEQUOYAH-1 35.228 -85.094 PWR 0 3455 102.45 102.54 52.60 0.00 0.00 36.99 99.97 90.72 98.66 103.82 103.81 104.21
US SEQUOYAH-2 35.227 -85.094 PWR 0 3455 81.25 102.35 53.57 95.63 101.16 99.93 99.28 98.67 99.14 100.75 29.42 44.97
US HARRIS-1 35.635 -78.955 PWR 0 2900 104.21 103.90 103.35 85.00 29.90 90.38 100.88 84.57 90.58 102.94 103.15 103.86
US SOUTHTEXAS-1 28.797 -96.044 PWR 0 3853 102.50 102.76 69.60 0.00 0.00 0.00 0.00 67.70 102.40 102.83 102.93 103.21
US SOUTHTEXAS-2 28.796 -96.044 PWR 0 3853 4.99 0.00 57.31 101.80 101.24 100.92 100.68 100.03 100.83 101.66 101.25 101.51
US ST.LUCIE-1 27.348 -80.244 PWR 0 3020 102.64 102.68 102.34 102.25 102.22 101.76 102.15 102.23 101.32 101.35 101.88 102.53
US ST.LUCIE-2 27.348 -80.244 PWR 0 3020 101.72 101.58 100.78 46.52 0.00 38.23 101.22 101.28 99.64 100.35 101.12 70.33
US SURRY-1 37.166 -76.700 PWR 0 2857 49.12 101.38 101.51 63.81 0.00 42.46 100.81 100.35 85.41 71.66 100.20 101.85
US SURRY-2 37.166 -76.700 PWR 0 2857 88.42 101.13 101.25 101.24 101.24 100.73 100.14 100.02 59.22 0.00 0.00 90.51
US SUSQUEHANNA-1 41.093 -76.143 BWR 0 3952 99.63 99.42 100.70 100.77 96.40 95.37 98.73 97.85 71.89 98.48 100.10 100.68
US SUSQUEHANNA-2 41.092 -76.143 BWR 0 3952 100.85 92.18 18.29 28.14 100.37 98.94 99.59 99.41 99.74 101.41 101.52 102.99
US THREEMILEISLAND-1 40.154 -76.727 PWR 0 2568 105.92 106.23 105.91 105.03 104.69 103.54 102.27 102.16 102.57 51.80 0.00 70.19
US TURKEYPOINT-3 25.435 -80.330 PWR 0 2644 95.71 84.40 5.45 96.09 93.21 101.51 100.89 98.59 101.20 102.48 103.93 93.88
US TURKEYPOINT-4 25.435 -80.329 PWR 0 2644 99.09 103.46 102.38 100.89 101.21 100.64 99.78 97.67 98.70 7.74 84.41 105.43
US VERMONTYANKEE 42.779 -72.514 BWR 0 1912 103.88 100.22 103.60 103.65 102.07 100.43 97.52 99.62 83.99 93.08 102.96 102.56
US SUMMER-1 34.299 -81.314 PWR 0 2900 101.68 101.68 101.62 101.62 89.93 101.01 100.83 100.59 100.83 30.98 10.45 101.80
US VOGTLE-1 33.143 -81.760 PWR 0 3626 101.55 103.15 102.46 102.60 91.98 101.34 100.96 100.89 89.78 23.43 99.36 103.33
US VOGTLE-2 33.142 -81.760 PWR 0 3626 103.64 103.50 83.88 102.85 101.89 101.43 100.91 66.26 88.61 102.56 102.70 103.53
US WATERFORD-3 29.994 -90.471 PWR 0 3716 103.05 86.72 102.95 102.67 101.99 102.07 101.70 101.20 98.99 50.55 27.28 103.13
US WATTSBAR-1 35.601 -84.789 PWR 0 3459 104.47 104.29 81.53 102.73 101.61 100.63 99.69 92.54 18.03 30.06 103.96 104.20
US WOLFCREEK 38.239 -95.691 PWR 0 3565 95.88 102.34 102.17 102.04 101.79 101.19 100.52 92.77 100.99 53.21 0.00 93.06
