AR ATUCHA-1 -33.967 -59.209 PHWR 0 1179 97.31 97.61 60.83 99.21 83.87 99.73 98.37 90.52 99.08 98.56 98.40 89.55
AR EMBALSE -32.232 -64.442 PHWR 0 2015 80.12 75.39 65.75 0.00 8.44 96.66 99.76 99.87 99.48 90.74 99.06 98.30
AM ARMENIAN-2 40.181 44.147 PWR 0 1375 95.46 92.43 88.87 76.22 61.47 85.09 73.42 84.51 82.30 26.45 11.87 78.44
BE DOEL-1 51.323 4.259 PWR 0 1311 100.92 101.11 101.56 101.75 100.49 99.62 100.34 99.26 99.77 99.95 5.33 48.15
BE DOEL-2 51.323 4.259 PWR 0 1311 101.51 102.40 102.19 102.13 57.29 75.79 100.56 98.84 100.05 101.46 82.12 78.40
BE DOEL-3 51.325 4.257 PWR 1 3054 100.39 100.83 100.60 100.45 99.92 93.33 0.00 74.32 99.46 87.79 93.09 100.44
BE DOEL-4 51.325 4.257 PWR 0 2988 98.53 98.95 99.51 95.44 98.52 97.43 97.28 95.28 97.82 98.44 97.49 80.26
BE TIHANGE-1 50.533 5.271 PWR 0 2873 101.44 99.04 29.33 45.57 55.84 96.98 97.58 96.94 91.50 90.55 100.16 101.21
BE TIHANGE-2 50.533 5.271 PWR 1 3064 98.32 100.66 100.18 99.30 98.75 98.00 98.70 97.95 98.32 98.95 100.08 100.26
BE TIHANGE-3 50.532 5.271 PWR 0 3000 72.54 98.38 99.58 93.65 99.36 94.30 98.88 90.83 24.16 58.01 96.88 64.86
BR ANGRA-1 -23.008 -44.457 PWR 0 1882 31.46 0.00 74.37 90.79 90.67 1.35 0.00 77.53 60.01 53.03 94.46 94.37
BR ANGRA-2 -23.007 -44.458 PWR 0 3764 86.27 79.23 37.66 22.37 70.17 100.00 99.03 100.14 99.87 99.61 94.95 87.48
BG KOZLODUY-5 43.747 23.770 PWR 0 3000 99.82 100.91 100.99 101.44 91.67 45.10 0.00 45.60 70.94 101.00 101.63 101.66
BG KOZLODUY-6 43.746 23.771 PWR 0 3000 99.60 99.87 100.40 100.66 95.59 97.28 96.33 97.05 25.18 1.07 95.36 102.43
CA CA-10BRUCE-3 44.341 -81.572 PHWR 0 2832 98.79 98.18 98.81 82.08 43.99 98.32 80.38 95.32 87.85 0.00 27.50 98.00
CA BRUCE-4 44.342 -81.572 PHWR 0 2832 98.36 98.20 50.06 40.52 80.64 98.04 96.85 94.03 18.18 95.09 97.60 91.11
CA BRUCE-5 44.320 -81.588 PHWR 0 2832 98.03 98.87 97.95 95.37 97.53 97.33 95.88 95.44 96.07 97.07 90.87 95.99
CA BRUCE-6 44.319 -81.588 PHWR 0 2690 60.56 0.27 0.35 65.49 98.32 56.30 99.76 72.57 99.18 99.03 99.86 99.92
CA BRUCE-7 44.319 -81.588 PHWR 0 2832 99.15 99.18 99.81 99.56 79.42 99.21 98.73 98.22 99.17 89.51 99.94 100.22
CA BRUCE-8 44.318 -81.588 PHWR 0 2690 100.00 99.10 83.18 98.95 98.68 98.54 97.70 97.26 97.36 97.50 71.94 77.66
CA DARLINGTON-1 43.867 -78.724 PHWR 0 2776 99.08 99.14 98.29 98.47 98.05 94.20 84.96 95.18 95.45 94.66 99.77 99.62
CA DARLINGTON-2 43.867 -78.724 PHWR 0 2776 99.95 100.16 100.39 100.03 99.07 99.98 98.14 96.41 65.08 0.63 35.14 98.76
CA DARLINGTON-3 43.866 -78.724 PHWR 0 2776 101.06 99.92 99.89 100.52 39.19 99.89 98.29 96.40 97.28 97.60 98.99 98.88
CA DARLINGTON-4 43.866 -78.724 PHWR 0 2776 99.84 98.49 25.63 0.00 82.61 99.62 99.65 97.52 97.06 98.07 70.22 100.11
CA GENTILLY-2 46.394 -72.355 PHWR 0 2156 92.27 97.80 96.34 97.63 96.75 96.97 95.58 94.96 88.23 75.86 2.50 0.00
CA PICKERING-1 43.812 -79.070 PHWR 0 1744 99.71 98.78 58.75 98.67 99.20 14.90 0.00 0.00 0.00 0.00 0.00 0.00
CA PICKERING-4 43.811 -79.067 PHWR 0 1744 0.00 22.61 98.52 47.31 92.94 11.91 0.00 0.00 0.00 55.00 94.37 95.80
CA PICKERING-5 43.811 -79.065 PHWR 0 1744 85.56 47.48 97.79 4.06 0.00 0.00 37.34 70.32 94.73 95.23 81.15 65.56
CA PICKERING-6 43.811 -79.064 PHWR 0 1744 35.43 99.93 100.28 101.16 101.54 101.41 99.80 94.03 29.57 0.00 0.92 90.97
CA PICKERING-7 43.810 -79.063 PHWR 0 1744 1.14 83.37 66.49 100.13 99.24 62.99 98.13 96.27 78.17 97.12 98.20 93.19
CA PICKERING-8 43.810 -79.062 PHWR 0 1744 20.85 91.96 97.97 98.58 98.00 97.71 96.59 54.26 94.76 93.20 82.16 95.99
CA POINTLEPREAU 45.068 -66.455 PHWR 0 2180 88.89 89.24 88.54 16.38 81.95 88.17 87.34 87.24 68.80 55.28 71.23 65.87
CN DAYABAY-1 22.599 114.544 PWR 0 2905 98.82 99.09 99.61 99.84 100.00 100.00 100.00 100.00 99.98 55.03 42.17 100.00
CN DAYABAY-2 22.599 114.544 PWR 0 2905 100.00 100.00 100.00 86.79 0.06 90.38 99.97 100.00 100.00 99.85 91.34 98.84
CN LINGAO-1 22.606 114.550 PWR 0 2905 99.77 32.41 0.00 62.19 99.98 99.98 100.00 99.99 100.00 99.87 100.00 99.99
CN LINGAO-2 22.605 114.550 PWR 0 2905 1.69 95.35 99.96 63.42 98.88 97.69 98.07 100.00 100.00 99.85 99.91 99.88
CN QINSHAN-1 30.440 120.950 PWR 0 966 101.23 95.55 100.83 100.78 96.30 99.86 99.48 98.92 100.06 88.02 0.00 0.00
CN QINSHAN2-1 30.421 120.945 PWR 0 1930 0.00 0.00 57.62 103.90 103.19 102.18 99.80 99.61 47.79 0.00 80.25 88.43
CN QINSHAN2-2 30.421 120.946 PWR 0 1930 102.38 103.42 103.45 103.60 29.65 31.49 99.51 99.22 100.94 101.41 103.92 103.36
CN QINSHAN3-1 30.436 120.961 PHWR 0 2064 103.90 103.23 103.74 72.44 0.00 94.41 98.74 98.52 100.86 102.37 103.87 77.98
CN QINSHAN3-2 30.435 120.961 PHWR 0 2064 104.06 102.88 73.93 104.10 102.79 101.49 98.18 98.57 100.69 102.30 103.87 103.96
CN TIANWAN1 34.690 119.456 PWR 0 3000 64.52 0.00 0.00 20.00 90.04 104.06 101.27 97.96 102.86 104.44 83.96 0.00
CN TIANWAN2 34.689 119.456 PWR 0 3000 0.00 0.00 0.00 0.00 15.51 23.75 37.23 84.56 104.50 105.45 105.69 104.88
TW CHINSHAN-1 25.292 121.567 BWR 0 1840 98.87 96.29 10.75 56.98 98.07 98.07 96.16 96.95 97.84 96.45 99.73 99.93
TW CHINSHAN-2 25.292 121.568 BWR 0 1840 101.01 101.72 101.22 100.62 99.72 99.17 97.00 98.18 98.19 84.94 101.36 100.96
TW KUOSHENG-1 25.203 121.662 BWR 0 2943 99.82 59.65 97.79 99.01 98.74 97.55 96.90 96.34 8.68 34.82 98.13 97.68
TW KUOSHENG-2 25.203 121.662 BWR 0 2943 98.42 98.83 98.05 39.84 26.68 96.74 95.24 96.59 96.53 85.63 97.73 86.83
TW MAANSHAN-1 21.959 120.753 PWR 0 2822 101.83 101.67 101.56 101.29 100.95 100.97 99.64 100.80 100.71 83.41 7.63 101.94
TW MAANSHAN-2 21.959 120.754 PWR 0 2822 102.69 102.22 82.88 102.41 102.14 101.84 101.59 101.73 101.71 101.77 102.17 102.36
CZ DUKOVANY-1 49.089 16.149 PWR 0 1444 101.96 102.76 102.15 101.50 100.98 100.05 99.53 97.20 20.12 0.00 65.02 90.52
CZ DUKOVANY-2 49.089 16.149 PWR 0 1444 101.73 99.86 44.71 40.44 100.58 98.90 98.73 99.14 100.78 102.01 100.79 101.23
CZ DUKOVANY-3 49.089 16.149 PWR 0 1444 99.09 5.96 89.34 100.25 98.62 96.58 98.20 98.54 100.83 101.47 101.91 101.66
CZ DUKOVANY-4 49.088 16.149 PWR 0 1444 68.14 102.18 102.02 101.27 99.85 98.60 95.40 99.69 101.35 101.92 70.34 25.86
CZ TEMELIN-1 49.181 14.377 PWR 0 3120 79.25 0.00 0.00 25.80 95.16 99.75 99.95 9.13 9.12 97.24 95.89 94.33
CZ TEMELIN-2 49.181 14.377 PWR 0 3120 101.48 96.43 101.20 101.47 12.56 0.00 59.32 100.10 100.20 95.67 99.69 97.78
FI LOVIISA-1 60.372 26.342 PWR 0 1500 102.03 101.35 100.04 101.15 101.07 99.98 98.42 49.82 74.13 100.45 101.23 101.73
FI LOVIISA-2 60.371 26.343 PWR 0 1500 102.21 101.95 101.79 101.99 101.17 99.71 97.80 94.12 43.89 100.41 100.83 101.90
FI OLKILUOTO-1 61.235 21.444 BWR 0 2500 100.99 101.23 100.90 100.33 69.86 99.20 98.58 97.17 99.19 99.92 100.88 100.80
FI OLKILUOTO-2 61.235 21.445 BWR 0 2500 101.03 100.85 100.88 100.37 58.72 74.18 98.44 97.21 95.51 100.06 101.02 95.51
FR BELLEVILLE-1 47.511 2.871 PWR 0 3817 78.72 96.00 95.62 96.92 92.34 60.62 0.00 24.51 84.10 87.54 84.82 91.99
FR BELLEVILLE-2 47.510 2.871 PWR 0 3817 94.87 94.78 93.41 92.12 71.63 85.90 90.17 90.97 93.19 95.47 94.84 0.00
FR BLAYAIS-1 45.256 -0.691 PWR 1 2785 101.18 68.61 92.85 35.53 50.17 98.42 98.28 97.77 98.20 99.10 95.59 99.20
FR BLAYAIS-2 45.256 -0.691 PWR 1 2785 101.59 102.69 102.89 102.50 99.35 88.63 15.24 0.00 0.00 96.31 99.82 101.77
FR BLAYAIS-3 45.256 -0.690 PWR 0 2785 104.19 104.31 103.72 96.42 98.04 101.92 100.65 101.03 22.08 80.21 103.38 103.75
FR BLAYAIS-4 45.256 -0.690 PWR 0 2785 97.23 100.43 99.72 98.18 34.54 17.30 92.96 94.74 96.26 67.42 97.76 99.17
FR BUGEY-2 45.798 5.267 PWR 0 2785 99.24 89.52 99.57 96.80 98.24 97.05 97.46 30.02 50.73 95.05 97.82 90.93
FR BUGEY-3 45.798 5.268 PWR 0 2785 99.90 100.14 99.86 94.87 88.45 97.70 97.61 97.09 97.14 98.35 84.65 40.95
FR BUGEY-4 45.800 5.267 PWR 0 2785 0.00 0.00 0.00 0.00 0.00 0.00 71.13 94.90 96.79 94.73 98.64 97.85
FR BUGEY-5 45.800 5.268 PWR 0 2785 94.93 87.86 99.19 91.61 86.54 21.51 0.00 44.64 93.35 91.52 93.99 91.75
FR CATTENOM-1 49.416 6.217 PWR 0 3817 83.45 89.84 67.44 87.76 86.41 79.48 88.67 81.87 85.43 90.88 92.26 88.83
FR CATTENOM-2 49.416 6.217 PWR 0 3817 67.16 0.00 62.25 96.55 94.63 93.37 96.32 97.09 97.16 96.44 99.32 97.13
FR CATTENOM-3 49.415 6.217 PWR 0 3817 89.87 86.02 85.13 84.60 69.46 67.34 79.10 74.50 90.08 91.58 89.78 93.86
FR CATTENOM-4 49.415 6.217 PWR 0 3817 96.44 98.51 98.37 81.28 29.67 0.00 20.48 94.93 95.80 96.85 95.08 96.13
FR CHINONB-1 47.230 0.168 PWR 1 2785 96.79 96.72 95.26 85.56 42.58 0.00 0.00 16.10 94.75 52.63 15.11 94.26
FR CHINONB-2 47.229 0.168 PWR 1 2785 79.98 96.29 94.63 94.81 95.28 93.41 88.44 94.09 61.94 0.00 7.41 97.40
FR CHINONB-3 47.224 0.171 PWR 1 2785 88.89 92.62 87.29 91.01 87.90 95.04 88.12 25.68 0.00 69.76 96.52 95.46
FR CHINONB-4 47.224 0.171 PWR 1 2785 95.21 98.55 98.88 62.61 0.00 86.58 95.49 88.83 89.51 91.11 89.10 87.44
FR CHOOZB-1 50.089 4.791 PWR 0 4270 36.66 99.21 98.95 98.61 98.16 96.26 99.74 99.51 99.00 74.59 0.00 50.53
FR CHOOZB-2 50.089 4.791 PWR 0 4270 97.71 80.54 79.97 0.00 71.64 98.04 95.85 96.38 97.17 91.36 99.73 95.93
FR CIVAUX-1 46.457 0.654 PWR 0 4270 100.01 99.57 27.26 0.00 15.18 57.20 39.00 94.52 96.84 99.38 100.34 100.39
FR CIVAUX-2 46.457 0.655 PWR 0 4270 88.63 84.88 97.21 93.16 86.10 20.23 0.00 74.58 88.54 96.04 92.56 92.36
FR CRUAS-1 44.634 4.757 PWR 0 2785 93.63 96.89 78.83 61.66 0.00 0.00 0.00 0.00 44.84 97.84 99.00 99.67
FR CRUAS-2 44.633 4.757 PWR 0 2785 94.98 96.80 96.35 91.05 92.25 80.61 29.56 0.00 0.00 0.00 14.63 97.49
FR CRUAS-3 44.633 4.757 PWR 0 2785 96.64 96.97 96.62 92.95 83.38 35.85 0.00 0.00 31.58 90.32 98.30 93.60
FR CRUAS-4 44.632 4.757 PWR 0 2785 60.42 98.76 69.36 0.00 0.00 0.00 18.62 96.42 99.04 99.16 99.82 100.96
FR DAMPIERRE-1 47.732 2.513 PWR 1 2785 96.16 97.57 87.93 14.95 0.00 77.94 91.82 90.57 89.49 91.64 96.06 97.89
FR DAMPIERRE-2 47.732 2.514 PWR 1 2785 91.95 66.41 32.95 87.90 87.92 83.97 88.19 91.59 93.67 96.54 97.62 93.53
FR DAMPIERRE-3 47.732 2.515 PWR 1 2785 80.05 89.62 91.52 32.80 97.79 88.31 84.58 24.38 0.00 86.24 92.49 95.62
FR DAMPIERRE-4 47.732 2.516 PWR 1 2785 81.31 95.42 96.42 78.31 44.64 33.96 70.84 57.52 89.37 86.78 73.90 80.08
FR FESSENHEIM-1 47.903 7.564 PWR 0 2785 96.62 96.89 89.80 84.90 9.45 0.00 0.00 46.84 94.75 50.56 61.81 98.41
FR FESSENHEIM-2 47.903 7.565 PWR 0 2785 96.39 64.07 90.92 96.63 54.89 48.29 95.09 92.07 95.25 14.86 0.00 1.27
FR FLAMANVILLE-1 49.537 -1.881 PWR 0 3817 85.62 82.92 57.19 31.49 93.74 90.45 93.98 88.08 85.37 90.88 93.93 93.75
FR FLAMANVILLE-2 49.537 -1.881 PWR 0 3817 87.62 1.41 0.00 45.10 88.30 77.16 78.71 84.95 89.51 89.28 89.90 92.72
FR GOLFECH-1 44.105 0.845 PWR 0 3817 87.44 88.24 90.39 79.97 77.45 74.67 79.14 66.02 72.20 86.27 95.36 98.29
FR GOLFECH-2 44.104 0.845 PWR 0 3817 98.29 98.93 96.82 97.75 11.50 79.60 89.93 90.21 92.30 93.85 95.06 95.12
FR GRAVELINES-1 51.014 2.138 PWR 1 2785 94.25 95.08 89.49 96.70 93.62 93.84 90.83 7.71 0.00 87.91 90.01 89.87
FR GRAVELINES-2 51.013 2.138 PWR 1 2785 79.87 96.05 92.69 40.15 36.88 90.03 91.43 85.37 88.41 91.58 93.97 96.27
FR GRAVELINES-3 51.013 2.138 PWR 1 2785 97.89 92.28 4.88 0.00 79.86 95.59 91.99 92.58 95.92 96.84 97.72 98.04
FR GRAVELINES-4 51.012 2.138 PWR 1 2785 99.18 98.60 98.59 98.80 72.17 69.10 0.00 39.85 96.05 97.13 87.59 100.28
FR GRAVELINES-5 51.012 2.138 PWR 0 2785 86.05 95.61 96.29 96.79 86.08 1.43 44.48 84.33 96.43 96.45 97.90 98.29
FR GRAVELINES-6 51.011 2.138 PWR 0 2785 94.42 101.62 100.31 99.72 95.74 98.53 100.73 90.06 0.00 0.00 0.00 40.92
FR NOGENT-1 48.517 3.520 PWR 0 3817 98.80 98.20 65.69 96.88 96.78 96.37 96.69 96.48 97.73 98.11 91.96 99.52
FR NOGENT-2 48.516 3.520 PWR 0 3817 100.08 98.42 87.87 33.65 42.52 94.80 92.89 96.86 97.91 98.59 90.59 99.81
FR PALUEL-1 49.857 0.635 PWR 0 3817 74.80 95.18 96.71 90.60 86.66 89.50 90.92 91.44 92.20 32.19 0.00 0.00
FR PALUEL-2 49.856 0.635 PWR 0 3817 0.00 0.00 0.00 24.37 95.14 93.40 95.32 84.82 95.22 93.62 94.21 97.52
FR PALUEL-3 49.856 0.635 PWR 0 3817 92.17 88.97 61.74 0.00 0.00 0.00 0.00 0.00 0.00 23.37 50.43 88.54
FR PALUEL-4 49.856 0.635 PWR 0 3817 95.42 97.05 95.24 94.09 94.74 88.27 33.19 0.00 0.00 81.21 94.30 95.90
FR PENLY-1 49.975 1.215 PWR 0 3817 99.01 95.44 94.63 94.86 92.76 93.45 94.70 93.29 87.54 0.00 16.03 91.24
FR PENLY-2 49.975 1.215 PWR 0 3817 88.22 45.45 0.00 22.18 94.44 95.17 96.00 92.04 88.97 95.12 94.41 83.10
FR PHENIX 44.1502 4.7000 FBR 1 345 98.71 99.15 86.04 0.00 66.13 97.70 30.43 63.75 0.00 0.00 0.00 55.14
FR ST.ALBAN-1 45.404 4.754 PWR 0 3817 97.90 98.53 96.80 95.55 91.94 81.95 83.41 7.70 0.00 0.00 0.00 0.00
FR ST.ALBAN-2 45.404 4.755 PWR 0 3817 88.01 89.56 84.17 95.47 89.68 88.60 92.83 88.88 89.67 90.49 91.32 86.51
FR ST.LAURENTB-1 47.721 1.581 PWR 1 2785 89.79 97.88 97.70 95.61 44.38 0.00 62.47 95.62 96.76 87.68 96.13 98.81
FR ST.LAURENTB-2 47.720 1.581 PWR 1 2785 96.37 85.85 4.56 0.00 65.94 95.06 87.12 95.56 85.25 76.12 97.46 95.55
FR TRICASTIN-1 44.330 4.733 PWR 1 2785 92.34 95.57 95.24 93.89 68.82 0.00 51.15 75.14 93.51 90.43 96.44 97.89
FR TRICASTIN-2 44.330 4.733 PWR 1 2785 95.73 98.06 97.06 95.23 92.71 90.94 92.34 73.03 10.54 97.65 94.97 95.56
FR TRICASTIN-3 44.331 4.733 PWR 1 2785 82.41 97.98 97.73 79.14 8.34 92.75 93.04 89.43 85.94 92.68 99.16 97.62
FR TRICASTIN-4 44.331 4.733 PWR 1 2785 95.29 96.83 94.96 96.42 95.98 90.23 56.94 43.52 94.78 95.82 96.89 98.96
DE BIBLIS-A 49.709 8.415 PWR 0 3517 0.00 0.00 0.00 0.00 0.00 0.00 0.00 0.00 0.00 0.00 0.00 0.00
DE BIBLIS-B 49.708 8.415 PWR 0 3733 0.00 0.00 0.00 0.00 0.00 0.00 0.00 0.00 0.00 0.00 0.00 95.95
DE BROKDORF 53.850 9.345 PWR 1 3900 99.03 100.75 98.51 99.77 78.57 53.87 101.37 100.87 102.22 102.59 102.73 101.84
DE BRUNSBUETTEL 53.891 9.202 BWR 0 2292 94.67 100.39 99.39 31.73 0.00 70.72 49.82 0.00 0.00 0.00 0.00 0.00
DE EMSLAND 52.471 7.322 PWR 0 3850 99.10 100.88 100.39 99.91 98.71 35.31 98.25 98.46 99.20 100.15 100.62 100.85
DE GRAFENRHEINFELD 49.984 10.186 PWR 1 3765 99.88 100.53 100.20 34.86 92.05 96.12 93.65 97.24 98.78 95.45 99.58 98.95
DE GROHNDE 52.033 9.412 PWR 1 3900 95.46 100.02 95.28 93.66 30.00 94.30 94.74 95.59 95.07 98.89 98.58 99.43
DE GUNDREMMINGEN-B 48.515 10.404 BWR 1 3840 100.57 101.32 100.03 100.28 96.39 63.01 57.78 99.52 100.70 100.69 98.80 101.19
DE GUNDREMMINGEN-C 48.515 10.404 BWR 1 3840 99.15 101.66 100.76 100.27 100.05 97.56 98.72 70.61 99.56 20.64 62.93 101.55
DE ISAR-1 48.607 12.296 BWR 0 2575 96.32 99.81 96.32 89.82 90.26 96.86 92.70 92.74 14.09 84.57 99.84 100.24
DE ISAR-2 48.607 12.296 PWR 1 3950 97.69 101.19 100.34 99.34 97.51 96.21 21.34 98.28 99.65 100.58 101.16 101.46
DE KRUEMMEL 53.410 10.410 BWR 0 3690 99.49 100.43 77.85 98.54 97.96 86.25 0.00 0.00 0.00 0.00 0.00 0.00
DE NECKARWESTHEIM-1 49.039 9.176 PWR 1 2497 98.97 100.24 78.56 84.88 51.15 53.97 61.17 50.20 50.11 67.36 69.83 58.55
DE NECKARWESTHEIM-2 49.039 9.176 PWR 0 3850 100.26 100.51 100.22 99.65 99.06 98.54 98.67 30.97 82.46 79.21 100.09 100.56
DE PHILIPPSBURG-1 49.253 8.432 BWR 0 2575 97.40 98.31 91.36 18.98 87.10 96.76 91.22 94.26 97.07 97.67 98.90 99.25
DE PHILIPPSBURG-2 49.253 8.433 PWR 1 3950 98.72 99.04 98.39 97.18 96.44 90.02 31.75 96.93 97.04 97.74 98.47 99.03
DE UNTERWESER 53.429 8.477 PWR 1 3900 99.31 100.61 99.32 97.55 97.81 82.04 58.36 0.00 23.04 100.40 100.57 67.39
HU PAKS-1 46.574 18.855 PWR 0 1485 99.99 99.98 3.37 0.00 54.71 99.37 100.00 99.92 99.59 93.64 99.86 99.97
HU PAKS-2 46.574 18.856 PWR 0 1485 99.94 97.07 86.92 93.70 100.00 96.87 4.17 98.46 99.99 99.99 99.88 99.95
HU PAKS-3 46.574 18.857 PWR 0 1485 99.99 99.97 99.74 100.14 100.00 100.00 99.69 55.61 0.00 94.74 99.88 99.97
HU PAKS-4 46.574 18.858 PWR 0 1485 100.00 99.90 99.86 100.13 53.78 50.61 99.95 99.77 100.00 100.00 99.83 99.93
IN KAIGA-1 14.865 74.438 PHWR 0 801 68.76 68.36 69.31 68.34 64.47 38.33 0.00 54.74 23.94 61.75 62.10 62.36
IN KAIGA-2 14.865 74.438 PHWR 0 801 68.78 68.45 69.04 69.29 62.22 56.28 56.90 57.48 56.36 56.40 57.07 56.80
IN KAIGA-3 14.865 74.442 PHWR 0 800 0.00 0.00 0.00 3.37 56.19 24.64 77.00 74.82 0.00 0.00 0.00 0.00
IN KAKRAPAR-1 21.236 73.351 PHWR 0 801 58.20 66.51 68.30 67.30 58.65 53.71 0.93 0.00 28.57 53.80 53.75 54.70
IN KAKRAPAR-2 21.235 73.351 PHWR 0 801 68.19 67.69 63.65 67.84 58.92 45.68 54.33 54.93 55.08 42.02 54.41 54.19
IN MADRAS-1 12.557 80.177 PHWR 0 801 62.42 67.33 59.43 67.56 54.37 39.86 0.00 0.00 0.00 17.02 50.29 49.57
IN MADRAS-2 12.557 80.177 PHWR 0 801 68.77 68.86 69.40 68.77 55.12 48.89 49.27 33.96 49.86 48.58 48.80 49.52
IN NARORA-1 28.156 78.409 PHWR 0 801 0.00 0.00 0.00 0.00 0.00 0.00 0.00 0.00 0.00 0.00 0.00 0.00
IN NARORA-2 28.155 78.409 PHWR 0 801 2.58 0.00 0.00 0.00 0.44 66.07 66.33 60.07 35.87 40.47 40.63 22.68
IN RAJASTHAN-1 24.876 75.608 PHWR 0 346 0.00 0.00 0.00 0.00 0.00 0.00 0.00 0.00 0.00 0.00 0.00 0.00
IN RAJASTHAN-2 24.876 75.609 PHWR 0 693 78.71 68.10 36.17 61.63 74.37 57.05 0.00 0.00 0.00 0.00 0.00 0.00
IN RAJASTHAN-3 24.872 75.619 PHWR 0 801 66.29 55.21 66.51 65.00 47.37 55.95 59.85 65.29 61.77 66.21 58.37 39.30
IN RAJASTHAN-4 24.872 75.619 PHWR 0 801 61.94 67.54 63.50 0.00 38.51 63.08 64.71 64.52 41.24 40.11 67.41 67.16
IN TARAPUR-1 19.834 72.657 BWR 0 530 94.56 95.32 90.91 99.10 98.27 94.42 78.70 99.06 98.82 73.53 99.19 91.71
IN TARAPUR-2 19.834 72.657 BWR 0 530 100.97 91.86 98.90 99.68 81.94 96.41 97.71 93.50 73.92 5.81 100.04 103.82
IN TARAPUR-3 19.830 72.663 PHWR 0 1730 49.07 61.21 61.33 62.56 77.55 68.52 76.67 65.41 44.62 41.52 42.42 43.16
IN TARAPUR-4 19.830 72.664 PHWR 0 1730 67.11 58.83 66.01 74.11 65.70 50.13 0.00 0.92 55.19 55.12 42.25 35.14
JP FUKUSHIMA-DAIICHI-1 37.422 141.031 BWR 0 1380 0.00 0.00 0.00 0.00 0.00 0.00 0.00 0.00 0.00 0.00 90.25 99.66
JP FUKUSHIMA-DAIICHI-2 37.422 141.032 BWR 0 2381 5.53 99.04 99.14 99.32 99.10 99.01 99.09 99.04 99.08 65.77 99.14 99.06
JP FUKUSHIMA-DAIICHI-3 37.422 141.033 BWR 0 2381 100.18 100.25 100.26 100.40 100.14 43.96 93.11 87.83 0.00 0.00 0.00 51.10
JP FUKUSHIMA-DAIICHI-4 37.422 141.034 BWR 0 2381 97.24 34.32 0.00 0.00 93.40 92.38 99.65 99.17 99.21 99.37 96.63 94.33
JP FUKUSHIMA-DAIICHI-5 37.429 141.031 BWR 0 2381 99.44 66.97 0.00 11.85 99.31 99.28 99.05 98.57 98.35 98.65 99.01 99.01
JP FUKUSHIMA-DAIICHI-6 37.429 141.031 BWR 0 3293 100.58 100.56 100.53 100.58 100.44 100.36 99.99 94.67 82.09 0.00 0.00 0.00
JP FUKUSHIMA-DAINI-1 37.315 141.024 BWR 0 3293 100.08 99.99 99.94 100.26 100.03 99.72 99.24 98.87 73.33 0.00 0.00 15.28
JP FUKUSHIMA-DAINI-2 37.315 141.025 BWR 0 3293 100.05 99.65 97.83 13.99 0.00 0.00 0.00 0.00 64.44 99.10 42.17 99.97
JP FUKUSHIMA-DAINI-3 37.315 141.026 BWR 0 3293 99.20 98.70 23.83 0.00 0.00 11.87 99.21 98.98 98.75 98.89 99.20 99.16
JP FUKUSHIMA-DAINI-4 37.315 141.027 BWR 0 3293 0.00 0.00 0.00 0.00 99.76 99.71 99.91 99.70 99.38 99.62 99.87 99.89
JP GENKAI-1 33.518 129.837 PWR 0 1650 103.68 103.71 103.71 103.61 103.60 103.48 103.11 102.41 102.49 103.01 82.24 0.00
JP GENKAI-2 33.517 129.837 PWR 0 1650 0.00 0.00 0.00 31.33 103.49 103.65 103.11 102.18 102.23 102.90 103.57 103.85
JP GENKAI-3 33.517 129.837 PWR 0 3423 0.00 0.00 44.91 102.41 102.33 102.42 102.38 101.89 101.98 102.34 102.66 102.59
JP GENKAI-4 33.516 129.837 PWR 0 3423 101.50 101.53 101.41 101.81 101.80 101.70 101.53 101.18 101.23 101.56 101.67 101.65
JP HAMAOKA-1 34.6202 138.1516 BWR 0 1593 0.00 0.00 0.00 0.00 0.00 0.00 0.00 0.00 0.00 0.00 0.00 0.00
JP HAMAOKA-2 34.6202 138.1516 BWR 0 2436 0.00 0.00 0.00 0.00 0.00 0.00 0.00 0.00 0.00 0.00 0.00 0.00
JP HAMAOKA-3 34.620 138.141 BWR 0 3293 100.90 100.87 100.31 100.31 99.76 98.23 100.36 100.04 99.97 100.16 100.07 92.18
JP HAMAOKA-4 34.620 138.141 BWR 0 3293 100.67 94.97 100.68 100.75 100.50 100.26 99.53 99.32 78.29 0.00 0.00 93.69
JP HAMAOKA-5 34.619 138.141 BWR 0 3926 0.02 46.63 104.37 90.54 0.00 0.16 99.36 102.94 103.03 103.71 103.96 104.16
JP HIGASHIDORI1(TOHOKU) 41.188 141.393 BWR 0 3293 18.55 0.00 0.00 0.00 69.67 99.51 99.39 99.44 99.45 99.30 99.47 99.54
JP IKATA-1 33.491 132.309 PWR 0 1650 101.31 102.02 102.49 44.11 0.00 48.67 100.11 100.24 99.24 98.88 100.12 101.21
JP IKATA-2 33.491 132.310 PWR 0 1650 101.24 101.45 101.66 101.54 100.53 99.64 99.99 99.54 98.47 98.31 99.03 100.64
JP IKATA-3 33.491 132.312 PWR 0 2660 104.55 104.61 104.55 104.61 104.45 104.32 104.18 103.62 23.76 44.93 104.29 104.56
JP KASHIWAZAKIKARIWA-1 37.434 138.598 BWR 0 3293 100.95 100.90 100.93 101.15 8.02 0.00 0.00 0.00 0.00 0.00 0.00 0.00
JP KASHIWAZAKIKARIWA-2 37.434 138.598 BWR 0 3293 99.85 63.42 0.00 0.00 0.00 64.55 10.96 0.00 0.00 0.00 0.00 0.00
JP KASHIWAZAKIKARIWA-3 37.433 138.598 BWR 0 3293 100.74 100.81 100.14 101.07 100.84 100.16 49.29 0.00 0.00 0.00 0.00 0.00
JP KASHIWAZAKIKARIWA-4 37.433 138.598 BWR 0 3293 100.76 100.79 100.84 101.09 100.60 100.52 49.41 0.00 0.00 0.00 0.00 0.00
JP KASHIWAZAKIKARIWA-5 37.432 138.598 BWR 0 3293 0.00 0.00 0.00 0.00 0.00 0.00 0.00 0.00 0.00 0.00 0.00 0.00
JP KASHIWAZAKIKARIWA-6 37.432 138.598 BWR 0 3926 102.27 103.32 103.18 88.32 0.00 0.00 0.00 0.00 0.00 0.00 0.00 0.00
JP KASHIWAZAKIKARIWA-7 37.431 138.598 BWR 0 3926 102.83 102.81 102.76 102.97 102.70 102.42 50.16 0.00 0.00 0.00 0.00 0.00
JP MIHAMA-1 35.701 135.962 PWR 0 1031 0.00 0.00 0.00 0.00 0.00 0.00 0.00 0.01 92.66 100.55 102.12 69.79
JP MIHAMA-2 35.701 135.962 PWR 0 1456 102.45 102.47 102.41 102.34 101.54 100.04 61.41 0.00 0.00 0.00 0.00 0.00
JP MIHAMA-3 35.703 135.961 PWR 0 2440 59.56 103.98 103.84 11.35 0.00 0.00 68.20 103.18 103.32 104.58 105.49 105.47
JP OHI-1 35.544 135.652 PWR 0 3423 0.00 0.00 0.00 0.08 97.17 101.73 101.39 101.03 85.24 101.28 102.09 101.98
JP OHI-2 35.543 135.652 PWR 0 3423 103.57 103.28 103.27 103.57 103.39 103.05 102.92 102.26 99.34 0.00 0.00 26.60
JP OHI-3 35.542 135.652 PWR 0 3423 102.36 102.23 102.02 102.13 102.31 102.35 101.97 101.68 101.49 101.99 102.33 102.38
JP OHI-4 35.542 135.652 PWR 0 3423 102.65 102.65 102.60 102.70 18.09 0.00 30.89 102.18 102.04 102.47 102.56 102.57
JP ONAGAWA-1 38.400 141.504 BWR 0 1593 0.00 0.00 0.00 0.00 4.34 0.00 82.42 100.47 100.38 100.44 100.87 101.01
JP ONAGAWA-2 38.401 141.504 BWR 0 2436 56.80 100.89 100.82 101.03 100.93 100.86 100.69 100.52 100.31 32.20 0.00 0.00
JP ONAGAWA-3 38.401 141.504 BWR 0 2436 103.31 103.29 38.90 93.34 28.38 0.00 0.00 0.00 0.00 0.00 0.82 26.97
JP SENDAI-1 31.834 130.193 PWR 0 2660 105.63 105.86 105.60 52.50 0.00 0.00 55.37 104.68 104.32 105.01 105.91 106.20
JP SENDAI-2 31.834 130.193 PWR 0 2660 102.54 102.59 102.51 102.68 102.53 101.90 55.59 0.00 1.19 95.70 102.14 102.05
JP SHIKA-1 37.061 136.728 BWR 0 1593 101.91 102.02 47.72 0.00 0.00 0.00 0.00 0.00 0.00 0.00 0.00 0.00
JP SHIKA-2 37.061 136.729 BWR 0 3926 0.00 0.00 0.00 0.00 0.00 0.00 0.00 0.00 0.00 0.00 0.00 0.00
JP SHIMANE-1 35.537 132.999 BWR 0 1380 0.00 0.00 62.47 102.58 102.17 101.75 101.34 100.40 100.62 101.46 102.01 16.00
JP SHIMANE-2 35.537 133.000 BWR 0 2436 100.46 100.39 100.14 99.92 25.04 0.00 28.04 98.43 98.41 99.18 99.75 100.05
JP TAKAHAMA-1 35.520 135.503 PWR 0 2440 0.00 4.24 105.29 105.51 105.25 104.85 104.27 103.41 103.10 104.08 104.94 105.10
JP TAKAHAMA-2 35.520 135.503 PWR 0 2440 106.05 106.06 106.09 106.23 106.03 105.79 105.09 55.09 0.00 0.00 0.00 0.00
JP TAKAHAMA-3 35.521 135.503 PWR 0 2660 105.60 105.69 105.75 105.63 105.55 105.20 104.97 104.93 104.81 105.25 78.42 0.00
JP TAKAHAMA-4 35.521 135.503 PWR 0 2660 104.93 104.96 104.94 43.07 0.00 0.00 75.00 104.01 103.92 104.50 104.93 105.18
JP TOKAI-2 36.466 140.614 BWR 0 3293 0.00 57.51 78.26 24.08 101.49 101.28 101.05 101.05 100.95 100.97 101.33 101.45
JP TOMARI-1 43.038 140.515 PWR 0 1650 101.39 101.47 101.49 43.32 0.00 65.42 102.58 101.63 63.65 98.99 102.25 102.34
JP TOMARI-2 43.038 140.516 PWR 0 1650 39.63 102.82 102.76 102.76 102.17 101.84 101.73 101.41 101.31 101.75 102.23 102.30
JP TSURUGA-1 35.672 136.079 BWR 0 1070 100.13 53.36 0.00 0.00 0.00 0.00 0.00 0.11 80.07 77.61 100.23 100.30
JP TSURUGA-2 35.673 136.080 PWR 0 3411 101.88 101.94 101.95 102.29 96.22 62.03 102.12 81.32 0.00 0.00 0.00 0.00
KR KORI-1 35.321 129.295 PWR 0 1729 101.54 101.57 101.21 90.05 98.33 26.98 0.00 0.00 0.00 0.00 0.00 0.00
KR KORI-2 35.321 129.296 PWR 0 1882 100.81 100.81 100.39 25.24 68.14 100.77 100.81 100.57 100.28 100.58 86.37 92.32
KR KORI-3 35.321 129.297 PWR 0 2912 97.85 100.94 100.97 66.77 96.72 100.76 100.34 100.26 99.59 100.63 101.04 101.06
KR KORI-4 35.321 129.298 PWR 0 2912 97.84 97.34 97.21 95.12 94.45 86.99 0.00 95.12 99.62 100.23 100.67 100.83
KR HANUL-1 37.093 129.393 PWR 0 2785 100.59 99.87 100.51 100.36 100.33 100.36 100.07 99.80 22.33 34.02 100.15 100.11
KR HANUL-2 37.093 129.394 PWR 0 2775 99.72 99.72 99.73 96.09 0.00 97.31 94.89 100.21 93.58 99.99 100.54 100.66
KR HANUL-3 37.093 129.395 PWR 0 2825 100.08 17.19 62.88 99.21 100.60 100.55 100.36 100.25 100.19 100.05 100.26 100.38
KR HANUL-4 37.093 129.396 PWR 0 2825 101.06 100.75 100.68 100.74 96.34 90.21 100.54 100.46 100.47 15.58 86.32 100.93
KR HANUL-5 37.093 129.397 PWR 0 2815 97.16 100.34 100.36 100.34 100.30 99.97 99.75 99.79 99.63 99.70 50.05 57.79
KR ULCHIN-6(HANUL-6) 37.093 129.398 PWR 0 2825 99.90 99.87 99.83 100.01 96.48 2.50 91.90 99.04 99.77 99.84 100.14 99.91
KR WOLSONG-1 35.710 129.476 PHWR 0 2061 103.00 92.43 103.21 103.62 102.84 102.62 102.64 103.01 101.68 102.52 102.68 0.00
KR WOLSONG-2 35.710 129.477 PHWR 0 2061 104.13 104.24 9.18 83.06 104.47 103.95 103.23 103.38 101.98 102.88 103.93 104.05
KR WOLSONG-3 35.710 129.478 PHWR 0 2061 104.28 96.02 104.21 104.26 36.05 104.46 103.95 104.12 102.48 103.52 104.53 104.83
KR WOLSONG-4 35.710 129.479 PHWR 0 2061 41.12 84.76 104.04 104.25 104.02 103.63 103.14 103.33 94.64 102.73 103.87 104.05
KR HANBIT-1 35.404 126.419 PWR 0 2787 101.86 64.74 10.25 101.52 100.72 99.89 99.45 98.42 44.02 13.48 102.79 103.03
KR HANBIT-2 35.403 126.419 PWR 0 2787 101.59 101.61 101.58 17.92 10.69 94.90 101.15 100.20 100.37 99.14 97.25 102.97
KR HANBIT-3 35.403 126.419 PWR 0 2825 101.21 101.38 101.57 101.52 74.24 3.28 100.13 99.57 99.35 98.03 97.02 101.47
KR HANBIT-4 35.402 126.419 PWR 0 2825 8.79 49.82 101.53 101.25 101.02 100.49 100.36 99.75 99.45 98.60 97.08 101.45
KR HANBIT-5 35.402 126.419 PWR 0 2825 100.79 100.76 100.77 100.72 100.39 99.89 99.48 97.51 99.32 99.52 91.42 99.63
KR HANBIT-6 35.401 126.419 PWR 0 2825 100.64 100.72 100.66 100.70 100.11 49.38 34.84 99.33 97.64 100.11 100.18 100.44
LT IGNALINA-2 55.6002 26.4798 LWGR 0 4800 93.16 105.53 106.14 106.32 99.30 102.93 97.57 32.33 5.90 100.23 94.30 105.81
MX LAGUNAVERDE-1 19.719 -96.405 BWR 0 2027 95.86 92.81 4.77 81.90 94.31 93.99 93.84 91.53 83.73 93.09 94.33 93.89
MX LAGUNAVERDE-2 19.719 -96.404 BWR 0 2027 84.38 92.58 93.46 92.06 90.77 84.63 91.54 90.15 89.69 26.74 66.93 89.39
NL BORSSELE 51.431 3.719 PWR 0 1366 100.69 100.78 100.55 100.41 99.43 98.32 98.20 93.10 42.66 99.27 100.31 100.77
PK CHASNUPP-1 32.392 71.463 PWR 0 999 81.34 50.94 0.00 0.00 82.24 92.88 96.13 95.97 97.44 94.35 95.77 100.37
PK KANUPP 24.845 66.790 PHWR 0 337 6.65 32.32 28.00 44.67 6.32 44.81 42.51 45.94 33.82 23.34 58.88 28.32
RO CERNAVODA-1 44.322 28.061 PHWR 0 2180 99.95 99.94 99.93 100.36 99.02 97.68 96.98 96.92 66.33 97.56 99.79 99.36
RO CERNAVODA-2 44.322 28.062 PHWR 0 2180 0.00 0.00 0.00 0.00 0.00 0.00 0.00 9.04 71.29 61.04 86.06 100.18
RU BALAKOVO-1 52.092 47.952 PWR 0 3000 94.80 96.70 101.70 103.50 102.19 99.91 59.86 0.00 100.49 103.68 103.64 102.62
RU BALAKOVO-2 52.092 47.954 PWR 0 3000 103.76 99.19 81.50 85.18 99.04 100.84 101.14 85.90 0.00 3.58 103.56 97.24
RU BALAKOVO-3 52.093 47.956 PWR 0 3000 5.72 103.24 88.80 97.96 90.34 98.80 99.02 99.23 101.25 100.09 85.28 100.60
RU BALAKOVO-4 52.093 47.958 PWR 0 3200 94.59 100.33 89.84 89.41 98.20 95.53 100.48 99.38 101.05 100.91 31.25 31.03
RU BELOYARSK-3 56.842 61.319 FBR 0 1470 100.39 99.63 58.17 0.00 36.48 91.62 94.98 99.30 90.61 59.32 100.26 99.59
RU BILIBINO-1 68.059 166.492 LWGR 0 62 29.09 0.00 0.00 29.02 29.68 29.33 35.75 22.73 39.29 44.26 49.43 43.54
RU BILIBINO-2 68.059 166.493 LWGR 0 62 17.46 28.96 29.92 0.00 0.00 17.55 37.78 33.16 38.06 39.46 43.21 42.64
RU BILIBINO-3 68.059 166.494 LWGR 0 62 24.96 41.34 55.68 24.67 36.03 1.50 0.00 16.62 31.69 34.26 45.15 30.83
RU BILIBINO-4 68.059 166.495 LWGR 0 62 52.87 39.02 40.31 27.27 22.46 11.24 6.21 7.92 0.00 0.00 6.10 30.94
RU KALININ-1 57.903 35.057 PWR 0 3000 98.17 101.23 90.47 79.77 102.91 100.89 101.62 77.02 0.00 67.24 105.48 105.90
RU KALININ-2 57.904 35.059 PWR 0 3000 97.95 102.65 89.88 104.36 102.70 75.05 0.00 56.80 104.00 104.68 101.55 105.84
RU KALININ-3 57.905 35.061 PWR 0 3200 101.28 102.58 101.49 102.83 0.00 29.62 100.28 99.94 92.97 102.73 101.66 101.68
RU KOLA-1 67.467 32.491 PWR 0 1375 49.03 67.22 71.20 85.79 100.51 80.60 9.02 31.66 96.14 95.71 99.26 101.29
RU KOLA-2 67.467 32.492 PWR 0 1375 44.40 68.94 89.42 74.27 88.25 96.32 71.23 55.48 0.00 50.60 100.14 96.87
RU KOLA-3 67.467 32.493 PWR 0 1375 97.39 96.72 50.46 0.00 0.00 17.43 49.82 47.42 74.02 68.09 34.03 71.59
RU KOLA-4 67.467 32.494 PWR 0 1375 98.10 68.65 102.03 93.32 61.98 0.00 30.98 79.46 97.51 94.97 79.08 54.35
RU KURSK-1 51.674 35.607 LWGR 0 3200 100.44 100.98 96.29 51.78 94.98 32.02 29.06 92.29 96.83 98.88 102.17 101.91
RU KURSK-2 51.674 35.607 LWGR 0 3200 0.00 0.00 0.00 49.97 101.21 87.68 95.75 97.93 100.31 101.56 104.54 104.44
RU KURSK-3 51.673 35.607 LWGR 0 3200 98.45 100.76 76.60 96.40 46.35 93.28 96.66 96.50 100.35 51.56 0.00 0.00
RU KURSK-4 51.673 35.607 LWGR 0 3200 96.98 101.74 90.54 98.64 97.39 93.96 96.62 94.67 97.67 32.93 98.88 101.59
RU LENINGRAD-1 59.840 29.027 LWGR 0 3200 96.32 100.50 100.48 102.07 99.77 25.69 84.25 98.85 101.53 101.52 102.07 102.75
RU LENINGRAD-2 59.840 29.028 LWGR 0 3200 96.15 98.91 100.43 100.95 101.51 83.66 96.41 2.26 0.00 73.82 101.50 102.12
RU LENINGRAD-3 59.840 29.029 LWGR 0 3200 98.03 100.16 92.41 99.17 53.13 73.60 44.66 0.00 0.00 0.00 0.00 0.00
RU LENINGRAD-4 59.840 29.030 LWGR 0 3200 0.00 0.00 0.00 0.00 63.61 84.33 62.04 98.42 100.73 96.37 102.55 102.56
RU NOVOVORONEZH-3 51.274 39.206 PWR 0 1375 71.97 68.54 61.71 55.77 36.55 0.00 0.00 1.69 81.75 87.12 60.35 85.73
RU NOVOVORONEZH-4 51.274 39.206 PWR 0 1375 103.01 103.88 68.64 93.39 90.88 89.27 87.16 83.57 33.49 0.00 0.00 63.43
RU NOVOVORONEZH-5 52.381 39.211 PWR 0 3000 100.54 101.06 81.86 95.81 97.90 96.08 35.18 0.00 63.17 101.59 96.82 78.71
RU ROSTOV-1 47.599 42.373 PWR 0 3200 100.57 103.08 101.92 53.22 0.00 78.92 101.83 100.45 102.36 105.10 102.08 105.40
RU SMOLENSK-1 54.169 33.245 LWGR 0 3200 0.00 0.00 64.73 101.54 100.47 98.07 97.02 98.19 101.11 102.03 102.38 102.08
RU SMOLENSK-2 54.168 33.245 LWGR 0 3200 97.87 100.96 56.60 0.00 0.00 0.00 0.00 4.68 41.79 99.34 105.74 102.66
RU SMOLENSK-3 54.168 33.245 LWGR 0 3200 96.97 101.10 95.56 100.45 99.83 94.40 99.21 91.01 44.61 89.44 103.69 104.02
SK BOHUNICE-2 48.5001 17.6798 PWR 0 1375 94.72 94.36 97.77 94.94 92.37 91.93 92.68 88.59 87.68 28.08 0.00 58.62
SK BOHUNICE-3 48.492 17.687 PWR 0 1471 89.21 89.05 90.42 90.59 91.27 88.84 53.56 0.00 0.00 36.77 94.72 94.46
SK BOHUNICE-4 48.492 17.687 PWR 0 1471 89.97 84.49 90.65 91.20 49.38 0.00 36.07 73.05 95.38 94.04 93.59 91.87
SK MOCHOVCE-1 48.261 18.455 PWR 0 1471 96.34 97.00 90.12 0.00 84.31 99.39 98.75 99.68 98.69 99.58 99.18 98.78
SK MOCHOVCE-2 48.260 18.455 PWR 0 1471 98.50 99.87 99.70 101.08 93.80 95.47 93.25 94.97 44.34 59.51 97.79 101.48
SI KRSKO 45.939 15.516 PWR 0 1994 104.53 104.89 104.33 101.75 100.85 100.64 100.26 99.91 102.37 16.74 77.60 104.21
ZA KOEBERG-1 -33.677 18.433 PWR 0 2775 85.51 99.30 99.35 99.42 99.13 99.05 98.01 34.68 0.00 0.00 66.29 95.82
ZA KOEBERG-2 -33.677 18.434 PWR 0 2775 83.78 83.70 77.62 78.56 83.55 75.91 99.64 99.49 99.39 99.59 82.46 78.80
ES ALMARAZ-1 39.807 -5.698 PWR 0 2947 100.10 100.10 99.23 99.70 99.06 98.44 97.56 97.14 97.60 98.92 100.40 100.29
ES ALMARAZ-2 39.807 -5.697 PWR 0 2947 99.54 99.61 99.46 99.45 98.80 98.27 97.37 96.99 97.29 43.34 1.36 98.89
ES ASCO-1 41.202 0.571 PWR 0 2954 98.12 98.50 99.21 98.70 98.89 98.10 96.27 90.90 95.63 78.57 0.00 89.31
ES ASCO-2 41.202 0.572 PWR 0 2941 92.87 97.73 71.88 0.00 46.68 92.65 94.66 95.46 95.22 92.35 97.65 97.42
ES COFRENTES 39.216 -1.051 BWR 0 3237 94.65 99.08 93.02 82.49 0.00 0.00 2.03 20.05 88.78 99.33 99.53 98.32
ES SANTAMARIADEGARONA 42.775 -3.205 BWR 0 1381 70.38 39.33 23.58 91.26 100.71 100.55 94.34 99.47 99.39 99.53 100.03 98.94
ES TRILLO-1 40.699 -2.622 PWR 0 3010 99.39 99.33 99.16 99.32 78.60 15.76 98.43 98.55 98.74 99.03 99.28 99.32
ES VANDELLOS-2 40.949 0.867 PWR 0 2941 99.00 99.13 92.65 84.85 10.07 0.00 0.00 0.00 61.76 97.87 100.00 65.17
SE FORSMARK-1 60.405 18.168 BWR 0 2928 100.86 7.61 44.28 100.52 100.03 97.76 96.91 96.55 30.69 98.67 90.05 95.09
SE FORSMARK-2 60.405 18.170 BWR 0 3253 100.53 34.55 96.03 100.11 98.12 89.72 96.32 20.86 95.35 98.44 99.04 90.57
SE FORSMARK-3 60.407 18.155 BWR 0 3300 101.06 101.23 100.32 100.16 60.34 0.02 94.16 96.03 97.85 99.58 100.64 101.10
SE OSKARSHAMN-1 57.415 16.666 BWR 0 1375 28.97 87.43 94.28 87.07 93.43 95.86 90.35 32.28 94.14 0.00 0.00 54.73
SE OSKARSHAMN-2 57.415 16.667 BWR 0 1800 98.46 98.89 98.48 98.09 97.67 95.28 62.99 0.00 0.67 77.90 88.13 97.74
SE OSKARSHAMN-3 57.416 16.671 BWR 0 3900 99.16 99.54 95.60 78.96 98.05 67.07 62.29 93.93 61.32 98.06 98.98 98.35
SE RINGHALS-1 57.259 12.111 BWR 0 2540 90.20 57.68 99.60 100.47 99.66 94.76 98.38 93.99 0.00 31.24 100.77 99.29
SE RINGHALS-2 57.259 12.112 PWR 0 2500 98.46 78.98 97.96 99.89 75.23 95.71 74.33 11.85 97.78 96.68 85.70 94.08
SE RINGHALS-3 57.259 12.113 PWR 0 3135 87.70 86.17 96.74 95.93 51.70 0.00 0.00 32.73 60.20 92.53 88.68 94.40
SE RINGHALS-4 57.259 12.114 PWR 0 2775 99.88 96.33 100.15 99.61 98.12 57.90 35.22 97.76 99.55 96.95 102.09 103.26
CH BEZNAU-1 47.552 8.229 PWR 1 1130 100.86 100.57 100.31 100.16 99.42 83.89 74.04 97.91 99.08 99.64 100.39 100.51
CH BEZNAU-2 47.552 8.230 PWR 1 1130 100.08 100.22 100.22 100.17 99.38 98.68 98.52 29.61 66.81 99.55 100.18 100.29
CH GOESGEN 47.366 7.969 PWR 1 3002 102.82 102.74 102.47 101.47 99.35 35.79 100.36 100.11 100.83 101.08 102.11 102.32
CH LEIBSTADT 47.601 8.183 BWR 0 3600 100.17 100.43 87.56 99.09 98.27 96.87 95.12 33.24 99.22 99.71 100.51 100.89
CH MUEHLEBERG 46.969 7.266 BWR 0 1097 102.87 100.85 102.86 102.55 101.29 100.93 99.62 11.70 83.71 104.38 104.90 104.86
GB DUNGENESSB-1 50.913 0.962 GCR 0 1500 75.51 59.41 8.32 66.23 11.02 81.49 94.27 94.69 94.28 88.83 18.02 57.30
GB DUNGENESSB-2 50.912 0.962 GCR 0 1500 41.96 11.76 55.79 89.28 83.82 48.13 94.11 89.67 34.13 0.00 74.56 95.19
GB HARTLEPOOLA-1 54.634 -1.180 GCR 0 1500 100.84 89.61 100.91 68.09 94.04 98.94 96.41 95.26 15.04 0.00 0.00 0.00
GB HARTLEPOOLA-2 54.634 -1.180 GCR 0 1500 73.47 53.79 100.48 99.92 99.34 96.60 59.44 97.33 97.25 48.89 0.00 0.00
GB HEYSHAMA-1 54.029 -2.912 GCR 0 1500 91.16 97.80 73.32 60.32 92.75 0.00 0.00 9.39 98.99 64.94 0.00 0.00
GB HEYSHAMA-2 54.028 -2.912 GCR 0 1500 80.59 79.97 5.18 81.22 84.80 85.14 85.87 86.19 85.98 37.95 0.00 0.00
GB HEYSHAMB-1 54.028 -2.912 GCR 0 1550 97.34 99.32 84.23 96.51 83.16 72.02 98.63 22.84 94.08 90.60 91.26 100.16
GB HEYSHAMB-2 54.027 -2.912 GCR 0 1550 67.75 101.21 88.20 0.00 0.00 86.31 100.04 95.83 84.06 86.53 100.45 92.44
GB HINKLEYPOINTB-1 51.208 -3.131 GCR 0 1494 0.00 0.00 0.00 0.00 0.00 92.10 87.70 80.89 82.08 81.53 81.80 88.89
GB HINKLEYPOINTB-2 51.208 -3.131 GCR 0 1494 0.00 0.00 0.00 0.00 0.00 30.15 91.29 88.45 88.73 92.25 92.68 89.81
GB HUNTERSTONB-1 55.721 -4.893 GCR 0 1496 0.00 0.00 0.00 0.00 0.00 2.08 67.28 78.04 66.45 54.86 78.08 74.96
GB HUNTERSTONB-2 55.721 -4.893 GCR 0 1496 0.00 0.00 0.00 0.00 30.54 96.93 37.03 83.77 78.14 43.11 86.33 83.24
GB OLDBURYA-1 51.649 -2.567 GCR 0 730 0.00 0.00 0.00 0.00 0.00 0.00 0.00 0.00 0.00 0.00 0.00 0.00
GB OLDBURYA-2 51.649 -2.567 GCR 0 660 0.00 0.00 0.00 0.00 5.10 0.13 5.78 22.89 91.22 95.12 97.18 71.44
GB SIZEWELLB 52.215 1.623 PWR 0 3425 99.33 99.37 99.17 100.01 94.99 94.05 98.97 98.74 98.94 98.86 99.34 99.83
GB TORNESS-1 55.966 -2.399 GCR 0 1623 87.80 95.79 93.36 90.16 92.53 88.29 82.36 0.00 0.00 51.75 88.69 0.10
GB TORNESS-2 55.966 -2.399 GCR 0 1623 86.97 95.55 87.26 95.86 89.29 92.95 90.78 97.38 90.06 47.63 88.25 97.66
GB WYLFA-1 53.416 -4.480 GCR 0 1920 84.71 83.63 86.47 16.22 0.00 0.00 0.00 11.87 15.82 6.54 55.32 80.98
GB WYLFA-2 53.415 -4.480 GCR 0 1920 82.24 84.26 92.87 91.04 81.98 69.23 66.14 0.10 67.70 79.29 89.64 91.37
UA KHMELNITSKI-1 50.301 26.649 PWR 0 3000 101.07 101.32 100.81 100.92 0.00 0.00 95.22 95.28 99.91 100.28 100.13 101.54
UA KHMELNITSKI-2 50.301 26.647 PWR 0 3000 24.22 87.78 84.83 101.54 101.40 99.77 97.88 94.30 93.00 100.79 98.69 57.54
UA ROVNO-1 51.326 25.900 PWR 0 1375 99.92 91.34 77.94 97.92 100.32 97.57 33.10 0.00 0.00 0.00 52.85 99.47
UA ROVNO-2 51.326 25.901 PWR 0 1375 103.21 85.90 102.53 99.74 99.98 99.71 98.17 45.04 1.37 0.00 0.00 23.84
UA ROVNO-3 51.326 25.902 PWR 0 3000 57.25 62.09 51.69 0.00 0.00 57.79 94.69 94.98 96.83 92.13 93.84 64.90
UA ROVNO-4 51.326 25.903 PWR 0 3000 77.58 77.50 76.40 77.61 77.62 30.94 10.98 63.87 78.25 76.19 77.39 78.46
UA SOUTHUKRAINE-1 47.811 31.220 PWR 0 3000 100.71 101.41 101.75 101.33 78.17 96.99 86.91 0.00 0.00 0.00 0.00 79.09
UA SOUTHUKRAINE-2 47.811 31.220 PWR 0 3000 96.28 100.74 98.47 98.37 71.29 0.00 9.87 94.90 35.83 97.66 97.71 99.21
UA SOUTHUKRAINE-3 47.812 31.224 PWR 0 3000 33.94 97.72 69.32 49.50 93.74 92.15 94.98 95.27 75.97 28.37 0.00 39.09
UA ZAPOROZHYE-1 47.508 34.627 PWR 0 3000 97.71 98.67 99.02 91.70 0.00 55.78 79.70 87.45 99.06 101.43 99.67 89.72
UA ZAPOROZHYE-2 47.508 34.627 PWR 0 3000 96.88 98.22 99.50 98.53 100.73 60.02 0.00 65.63 100.46 100.50 101.15 99.00
UA ZAPOROZHYE-3 47.507 34.627 PWR 0 3000 99.18 99.74 99.00 98.93 96.59 94.87 95.02 94.83 90.93 3.44 0.00 84.65
UA ZAPOROZHYE-4 47.507 34.627 PWR 0 3000 19.21 13.18 101.24 92.49 98.15 92.69 96.13 96.56 99.10 99.08 100.88 99.30
UA ZAPOROZHYE-5 47.506 34.627 PWR 0 3000 101.32 99.34 86.11 98.54 100.59 96.05 98.94 30.51 0.00 93.80 101.79 93.59
UA ZAPOROZHYE-6 47.506 34.627 PWR 0 3000 101.05 103.73 9.14 26.46 102.60 99.32 100.71 100.92 103.10 103.72 78.93 46.09
US ANO-1 35.310 -93.230 PWR 0 2568 102.38 102.38 100.84 70.12 37.19 100.63 100.33 99.45 100.56 101.19 102.06 102.20
US ANO-2 35.310 -93.229 PWR 0 3026 80.42 96.44 101.44 100.08 100.80 100.51 100.36 99.89 100.18 101.10 101.55 101.71
US BEAVERVALLEY-1 40.624 -80.432 PWR 0 2900 97.27 95.85 95.53 102.55 100.87 95.40 100.88 100.10 72.59 18.50 102.29 102.92
US BEAVERVALLEY-2 40.624 -80.431 PWR 0 2900 101.73 101.94 99.96 101.94 101.58 100.49 98.69 98.06 99.95 100.78 102.24 102.87
US BRAIDWOOD-1 41.247 -88.230 PWR 0 3587 102.52 102.38 102.04 102.09 101.30 92.32 99.92 99.55 98.75 10.08 96.03 102.46
US BRAIDWOOD-2 41.247 -88.229 PWR 0 3587 102.41 102.44 102.08 102.27 100.37 100.14 99.82 89.51 100.29 101.72 101.98 101.99
US BROWNSFERRY-1 34.704 -87.119 BWR 0 3458 0.00 0.00 0.00 0.00 0.00 62.61 97.12 83.32 91.08 78.46 62.77 103.91
US BROWNSFERRY-2 34.703 -87.119 BWR 0 3458 88.05 53.43 0.00 27.09 100.62 98.78 98.46 71.68 99.04 99.61 102.20 102.71
US BROWNSFERRY-3 34.703 -87.119 BWR 0 3458 101.89 84.38 101.39 101.28 100.28 98.08 96.66 90.32 75.72 99.27 97.27 78.85
US BRUNSWICK-1 33.958 -78.007 BWR 0 2923 102.86 103.79 103.27 81.37 101.21 101.18 101.75 99.17 49.49 102.52 103.24 100.44
US BRUNSWICK-2 33.957 -78.007 BWR 0 2923 100.09 101.06 5.26 37.82 100.87 99.83 100.15 99.77 97.33 100.69 100.09 101.75
US BYRON-1 42.074 -89.277 PWR 0 3587 102.81 102.70 101.97 102.34 101.45 101.11 100.99 100.47 101.04 61.98 101.22 102.44
US BYRON-2 42.074 -89.276 PWR 0 3587 102.57 102.42 98.97 1.57 85.82 101.47 101.26 101.24 101.91 62.90 101.50 102.73
US CALLAWAY-1 38.763 -91.781 PWR 0 3565 104.07 104.06 87.47 2.03 66.96 101.16 101.05 100.41 101.48 102.34 103.58 103.94
US CALVERTCLIFFS-1 38.435 -76.439 PWR 0 2737 99.46 85.16 101.95 102.42 100.06 99.48 98.21 97.18 97.79 97.98 101.33 101.84
US CALVERTCLIFFS-2 38.434 -76.439 PWR 0 2737 101.66 101.24 0.00 86.72 101.87 99.24 98.02 96.71 98.05 97.94 100.56 101.57
US CATAWBA-1 35.053 -81.071 PWR 0 3411 98.51 103.81 98.40 103.23 102.73 101.95 101.72 101.21 101.72 102.41 103.24 103.28
US CATAWBA-2 35.053 -81.070 PWR 0 3411 103.62 103.45 103.18 103.18 102.60 99.49 101.92 101.49 46.73 0.00 44.35 103.81
US CLINTON-1 40.172 -88.834 BWR 0 3473 102.62 102.67 100.87 103.50 102.34 93.95 101.98 101.45 101.56 102.46 102.91 98.65
US COLUMBIA 46.471 -119.333 BWR 0 3486 99.61 99.84 96.52 76.08 30.29 5.21 91.35 90.88 96.22 98.76 97.61 99.81
US COMANCHEPEAK-1 32.301 -97.787 PWR 0 3612 102.14 84.50 0.00 28.65 101.76 101.19 100.67 100.41 100.58 101.30 101.93 100.40
US COMANCHEPEAK-2 32.301 -97.786 PWR 0 3458 102.67 102.59 102.50 102.20 101.73 101.34 100.79 100.53 100.83 101.37 102.00 102.36
US COOPER 40.361 -95.643 BWR 0 2419 97.73 103.74 103.31 102.79 88.30 101.51 99.72 98.69 101.91 103.07 101.76 103.61
US CRYSTALRIVER-3 28.966 -82.697 PWR 0 2568 102.76 88.32 102.74 102.66 102.25 101.39 100.55 100.66 101.68 99.75 6.36 79.91
US DAVISBESSE-1 41.597 -83.092 PWR 0 2817 102.29 101.88 97.99 101.68 96.34 101.20 101.20 100.77 99.51 101.47 102.02 94.86
US DIABLOCANYON-1 35.212 -120.854 PWR 0 3411 101.58 101.37 101.88 98.07 2.25 101.03 101.91 75.42 101.98 101.85 100.88 96.94
US DIABLOCANYON-2 35.212 -120.853 PWR 0 3411 101.62 101.27 101.28 94.68 100.20 100.84 100.73 99.20 100.37 100.22 99.09 91.62
US COOK-1 41.975 -86.564 PWR 0 3304 108.13 107.99 108.40 107.34 104.74 103.04 100.45 95.35 102.72 104.02 106.41 107.96
US COOK-2 41.975 -86.563 PWR 0 3468 105.24 105.01 104.71 103.85 103.29 101.65 100.02 100.01 42.67 0.00 78.69 105.78
US DRESDEN-2 41.386 -88.268 BWR 0 2957 99.98 100.21 100.21 100.31 85.95 99.90 100.19 98.94 100.35 90.23 24.86 100.11
US DRESDEN-3 41.385 -88.268 BWR 0 2957 100.67 99.50 100.60 100.50 100.04 100.17 100.09 99.76 92.33 100.16 100.56 99.67
US DUANEARNOLD-1 42.101 -91.776 BWR 0 1912 103.73 10.03 26.09 93.18 104.40 101.66 103.47 102.52 102.92 103.21 104.68 105.16
US FERMI-2 41.963 -83.257 BWR 0 3430 100.02 100.64 100.02 99.41 98.80 97.44 97.00 96.90 90.78 0.00 36.51 99.24
US FARLEY-1 31.223 -85.115 PWR 0 2775 101.43 101.68 101.33 99.20 101.12 100.89 100.50 99.41 93.35 0.00 52.08 101.53
US FARLEY-2 31.223 -85.114 PWR 0 2775 101.89 101.71 101.11 23.64 23.76 100.96 100.65 99.10 100.63 91.01 101.51 101.56
US FITZPATRICK 43.521 -76.403 BWR 0 2536 100.85 94.81 100.74 100.61 92.19 100.37 99.44 88.60 88.48 75.33 70.11 100.69
US FORTCALHOUN-1 41.520 -96.076 PWR 0 1500 105.68 105.71 104.83 104.78 100.57 102.07 100.42 100.75 102.76 103.73 105.42 105.58
US GRANDGULF-1 32.007 -91.045 BWR 0 4408 100.63 100.20 49.95 52.41 78.47 99.52 100.23 81.66 47.60 100.33 100.21 100.12
US ROBINSON-2 34.402 -80.158 PWR 0 2339 106.04 106.49 104.13 18.03 48.70 102.78 99.41 101.42 102.84 104.20 106.32 106.82
US HATCH-1 31.935 -82.346 BWR 0 2804 79.75 85.89 102.01 101.75 99.80 100.42 100.40 98.36 100.36 100.90 100.77 101.51
US HATCH-2 31.934 -82.346 BWR 0 2804 101.06 15.93 37.69 101.13 100.64 99.01 99.67 89.72 99.07 99.82 97.30 100.53
US HOPECREEK-1 39.467 -75.535 BWR 0 3840 85.07 101.23 103.14 102.57 92.55 96.54 98.56 98.04 95.46 32.56 40.38 101.28
US INDIANPOINT-2 41.269 -73.950 PWR 0 3216 101.11 98.60 100.26 100.71 90.52 99.58 98.69 98.26 98.88 99.76 100.81 100.49
US INDIANPOINT-3 41.269 -73.950 PWR 0 3216 101.05 101.03 19.59 12.09 96.60 101.78 101.29 100.99 101.46 101.88 102.29 102.32
US KEWAUNEE 44.470 -87.498 PWR 0 1772 86.80 97.53 69.87 102.69 101.83 97.86 102.01 101.41 102.67 72.60 102.65 102.82
US LASALLE-1 41.246 -88.672 BWR 0 3546 102.12 102.00 102.59 102.33 100.45 95.66 99.69 99.16 99.86 100.68 93.58 86.29
US LASALLE-2 41.246 -88.672 BWR 0 3546 100.79 82.32 43.31 102.68 101.88 100.93 99.40 99.30 100.37 102.26 102.99 102.71
US LIMERICK-1 40.225 -75.584 BWR 0 3515 102.50 103.25 102.19 101.85 99.22 99.71 99.26 94.90 99.67 100.46 102.30 102.30
US LIMERICK-2 40.225 -75.584 BWR 0 3515 102.61 101.06 27.94 59.37 100.38 99.68 99.36 98.82 99.47 100.72 102.54 103.12
US MCGUIRE-1 35.433 -80.946 PWR 0 3469 105.15 104.95 30.53 0.00 1.73 96.37 101.56 101.46 101.36 102.70 104.45 105.03
US MCGUIRE-2 35.433 -80.946 PWR 0 3411 105.68 105.66 98.53 105.38 104.46 103.60 102.27 101.41 101.78 103.03 104.54 105.22
US MILLSTONE-2 41.312 -72.166 PWR 0 2700 100.42 100.46 100.43 100.38 99.92 99.97 99.81 99.68 99.95 99.93 100.17 99.58
US MILLSTONE-3 41.311 -72.166 PWR 0 3650 88.98 100.48 100.62 18.96 36.04 99.86 99.49 98.92 98.91 99.22 99.69 99.98
US MONTICELLO 45.334 -93.850 BWR 0 1775 54.71 101.86 40.72 1.52 98.80 100.71 99.78 99.96 102.15 103.32 98.91 102.22
US NINEMILEPOINT-1 43.522 -76.412 BWR 0 1850 100.89 94.15 44.01 47.80 81.49 99.51 97.01 96.29 90.45 98.47 99.37 101.36
US NINEMILEPOINT-2 43.521 -76.413 BWR 0 3988 100.37 99.31 73.57 99.80 99.31 97.65 97.69 94.28 97.98 98.66 49.02 97.96
US NORTHANNA-1 38.061 -77.792 PWR 0 2940 98.60 103.05 102.84 102.63 102.41 102.24 101.97 101.73 25.97 50.53 101.35 101.31
US NORTHANNA-2 38.061 -77.792 PWR 0 2940 101.12 98.91 54.19 18.54 100.90 96.28 73.60 100.10 100.73 100.89 101.24 81.19
US OCONEE-1 34.796 -82.894 PWR 0 2568 102.49 70.13 102.64 102.35 101.91 101.81 101.10 100.17 99.56 99.42 101.64 102.10
US OCONEE-2 34.796 -82.894 PWR 0 2568 103.20 87.90 103.08 89.62 0.73 102.36 102.63 99.83 99.65 101.85 102.87 102.94
US OCONEE-3 34.795 -82.894 PWR 0 2568 103.89 103.74 103.96 103.76 103.48 103.23 102.45 101.44 100.94 82.43 0.00 37.42
US OYSTERCREEK 39.815 -74.208 BWR 0 1930 102.18 102.45 88.82 92.27 87.31 99.02 70.01 95.92 98.08 100.24 102.12 86.72
US PALISADES 42.323 -86.316 PWR 0 2565 104.20 95.21 83.91 104.25 80.37 101.62 101.14 100.60 26.62 20.49 103.65 104.48
US PALOVERDE-1 33.387 -112.863 PWR 0 3990 101.51 101.31 101.16 100.98 58.11 0.00 30.84 99.68 99.99 67.68 64.75 99.18
US PALOVERDE-2 33.387 -112.863 PWR 0 3990 101.64 63.97 100.36 101.51 99.76 99.26 95.13 99.88 100.41 75.06 101.31 101.72
US PALOVERDE-3 33.386 -112.863 PWR 0 3990 82.59 96.55 98.82 34.61 85.26 94.69 95.31 96.29 85.99 0.00 0.00 0.00
US PEACHBOTTOM-2 39.759 -76.270 BWR 0 3514 102.67 101.65 102.59 101.59 102.15 101.28 100.81 100.77 94.83 101.84 102.76 105.83
US PEACHBOTTOM-3 39.758 -76.270 BWR 0 3514 101.59 100.67 101.74 101.28 100.14 100.00 98.80 93.49 64.01 46.22 102.50 102.71
US PERRY-1 41.801 -81.147 BWR 0 3758 99.93 100.54 98.02 0.99 31.78 76.31 18.22 100.51 100.18 100.30 93.33 68.31
US PILGRIM-1 41.945 -70.578 BWR 0 2028 97.40 94.31 75.22 14.89 67.76 99.64 87.12 98.16 98.75 98.74 100.22 91.60
US POINTBEACH-1 44.282 -87.534 PWR 0 1800 99.30 100.42 99.33 0.00 77.35 56.35 99.14 97.83 89.71 100.36 100.74 100.57
US POINTBEACH-2 44.281 -87.534 PWR 0 1800 101.37 100.93 101.58 100.05 97.79 99.71 99.57 98.13 88.12 99.82 102.05 100.06
US PRAIRIEISLAND-1 44.622 -92.631 PWR 0 1677 99.42 99.37 99.21 89.53 50.10 94.16 95.04 95.50 97.28 102.93 99.67 86.93
US PRAIRIEISLAND-2 44.622 -92.631 PWR 0 1677 99.48 99.42 67.11 84.82 95.93 94.84 95.22 95.78 91.66 97.01 99.72 99.67
US QUADCITIES-1 41.727 -90.308 BWR 0 2957 100.67 100.54 96.99 84.82 29.72 100.00 100.13 100.13 85.37 100.27 100.33 100.30
US QUADCITIES-2 41.726 -90.308 BWR 0 2957 99.94 96.56 96.35 95.05 99.30 99.79 99.80 99.85 99.78 99.41 99.99 99.86
US GINNA 43.279 -77.311 PWR 0 1775 105.60 115.89 108.52 116.66 114.25 114.33 110.62 113.26 113.98 111.07 116.27 116.38
US RIVERBEND-1 30.727 -91.372 BWR 0 3091 100.48 101.43 98.69 78.72 58.05 61.04 100.20 99.33 85.72 80.31 60.45 90.20
US SALEM-1 39.463 -75.534 PWR 0 3459 100.95 100.91 81.45 12.91 88.13 99.68 98.49 97.97 98.50 99.96 100.94 88.45
US SALEM-2 39.463 -75.534 PWR 0 3459 102.36 102.26 102.34 101.65 74.13 92.29 99.65 94.17 99.18 100.50 102.07 102.17
US SANONOFRE-2 33.367 -117.556 PWR 0 3438 104.17 105.34 105.58 105.45 104.72 62.73 101.38 103.15 104.34 81.64 86.43 0.00
US SANONOFRE-3 33.367 -117.556 PWR 0 3438 101.34 105.03 104.98 104.65 95.88 104.10 104.22 103.69 104.49 27.21 70.81 104.53
US SEABROOK-1 42.897 -70.849 PWR 0 3648 94.79 99.93 94.16 95.55 100.11 100.08 100.03 99.96 100.02 99.87 99.99 99.98
US SEQUOYAH-1 35.228 -85.094 PWR 0 3455 102.30 102.40 102.42 101.63 101.62 100.78 99.94 99.09 88.13 6.94 38.29 102.50
US SEQUOYAH-2 35.227 -85.094 PWR 0 3455 95.98 103.25 95.60 102.14 102.09 101.27 100.02 99.05 99.40 100.18 101.80 103.09
US HARRIS-1 35.635 -78.955 PWR 0 2900 103.31 103.51 102.48 101.99 101.26 100.07 99.54 98.81 92.63 20.47 102.89 101.48
US SOUTHTEXAS-1 28.797 -96.044 PWR 0 3853 106.97 106.97 106.20 105.83 104.84 103.69 103.47 102.59 103.49 104.52 109.18 105.80
US SOUTHTEXAS-2 28.796 -96.044 PWR 0 3853 100.79 98.78 65.37 4.96 104.88 103.89 103.85 101.66 103.89 104.94 109.80 106.41
US ST.LUCIE-1 27.348 -80.244 PWR 0 3020 102.21 102.57 102.13 1.04 9.16 101.42 101.12 95.65 98.17 100.78 102.23 102.19
US ST.LUCIE-2 27.348 -80.244 PWR 0 3020 99.90 100.26 99.86 99.83 99.23 99.02 98.81 55.53 95.18 0.00 0.00 0.00
US SURRY-1 37.166 -76.700 PWR 0 2857 91.89 101.74 101.93 101.87 100.92 100.98 100.67 100.47 100.62 64.60 0.00 96.26
US SURRY-2 37.166 -76.700 PWR 0 2857 101.96 101.99 102.23 102.04 98.94 101.13 100.81 100.37 100.79 101.16 101.76 101.85
US SUSQUEHANNA-1 41.093 -76.143 BWR 0 3952 101.00 100.03 100.10 98.50 99.06 97.32 97.40 97.21 97.92 39.31 99.99 100.75
US SUSQUEHANNA-2 41.092 -76.143 BWR 0 3952 101.50 102.43 6.53 42.43 101.02 99.72 99.51 98.84 99.83 99.69 102.15 102.59
US THREEMILEISLAND-1 40.154 -76.727 PWR 0 2568 108.33 108.19 107.60 106.87 105.46 104.60 104.39 104.10 104.53 66.26 30.62 107.17
US TURKEYPOINT-3 25.435 -80.330 PWR 0 2644 104.85 92.77 104.09 103.45 100.58 101.92 80.66 100.50 100.73 102.89 104.58 104.09
US TURKEYPOINT-4 25.435 -80.329 PWR 0 2644 103.82 104.31 101.86 99.35 102.88 44.70 100.65 100.59 4.79 44.76 104.58 104.59
US VERMONTYANKEE 42.779 -72.514 BWR 0 1912 100.51 99.54 99.51 92.48 37.14 75.52 97.44 75.04 67.82 93.84 100.85 100.52
US SUMMER-1 34.299 -81.314 PWR 0 2900 101.75 91.94 101.63 100.75 100.97 99.89 100.62 100.18 100.43 100.87 101.21 101.38
US VOGTLE-1 33.143 -81.760 PWR 0 3626 104.56 104.49 103.47 103.24 102.78 101.75 101.46 100.85 98.23 102.57 103.52 103.48
US VOGTLE-2 33.142 -81.760 PWR 0 3626 104.20 102.83 8.52 0.00 87.01 101.52 101.13 100.42 101.28 102.18 103.13 102.99
US WATERFORD-3 29.994 -90.471 PWR 0 3716 101.51 101.67 101.73 102.05 101.80 101.63 101.43 100.55 101.13 53.65 102.57 102.52
US WATTSBAR-1 35.601 -84.789 PWR 0 3459 101.38 105.32 100.97 104.16 103.00 101.16 100.80 98.45 100.64 102.04 103.93 104.39
US WOLFCREEK 38.239 -95.691 PWR 0 3565 102.36 102.29 101.78 102.24 101.34 100.91 100.29 99.91 101.03 101.77 102.19 102.17
