AR ATUCHA-1 -33.967 -59.209 PHWR 0 1179.0 98.00 97.60 97.60 65.90 99.30 99.70 100.00 99.90 98.90 6.30 20.00 97.20
AR EMBALSE -32.232 -64.442 PHWR 0 2015.0 99.20 97.50 98.90 99.10 99.70 100.10 100.20 100.20 100.00 99.70 91.10 99.30
AM ARMENIAN-2 40.181 44.147 PWR 0 1375.0 92.80 88.30 86.70 86.10 51.70 83.70 83.50 82.40 10.70 11.60 76.80 83.60
BE DOEL-1 51.323 4.259 PWR 0 1311.0 102.10 101.50 101.70 101.10 101.00 100.20 100.20 100.10 100.70 96.30 0.00 0.00
BE DOEL-2 51.323 4.259 PWR 0 1311.0 102.40 102.50 102.20 56.90 81.60 98.60 100.20 100.30 100.80 101.30 102.00 49.30
BE DOEL-3 51.325 4.257 PWR 1 3054.0 101.80 101.60 101.40 100.90 48.00 37.60 98.30 98.00 98.80 99.70 100.90 100.70
BE DOEL-4 51.325 4.257 PWR 0 2988.0 100.60 95.50 100.30 100.00 99.40 98.90 97.90 97.70 58.80 0.00 0.60 86.20
BE TIHANGE-1 50.533 5.271 PWR 0 2873.0 100.90 99.20 101.00 100.80 98.70 97.30 97.40 85.00 96.80 98.70 100.10 101.80
BE TIHANGE-2 50.533 5.271 PWR 1 3064.0 101.00 102.40 102.20 102.00 101.10 86.20 0.00 61.20 96.10 99.50 100.50 101.20
BE TIHANGE-3 50.532 5.271 PWR 0 3000.0 98.10 100.60 41.70 0.00 79.10 98.80 98.30 97.40 98.60 99.20 100.10 100.00
BR ANGRA-1 -23.008 -44.457 PWR 0 1484.0 68.10 0.00 0.00 0.00 0.00 61.70 89.10 81.80 81.10 55.90 81.60 90.10
BR ANGRA-2 -23.007 -44.458 PWR 0 3764.0 99.80 99.80 99.30 98.00 99.90 100.30 91.40 9.40 80.20 79.20 81.80 89.60
BG KOZLODUY-5 43.747 23.770 PWR 0 3000.0 101.20 101.50 101.80 31.40 18.60 84.30 94.60 97.70 99.00 98.90 102.00 101.90
BG KOZLODUY-6 43.746 23.771 PWR 0 3000.0 101.80 102.80 101.80 100.30 95.60 85.00 90.90 97.10 34.40 0.00 101.00 102.20
CA BRUCE-3 44.341 -81.572 PHWR 0 2832.0 83.20 101.60 101.10 100.60 100.30 101.30 99.30 97.70 23.00 0.00 61.50 99.90
CA BRUCE-4 44.342 -81.572 PHWR 0 2832.0 99.80 97.10 101.00 100.40 100.20 100.70 98.60 86.40 11.70 0.00 48.10 77.20
CA BRUCE-5 44.320 -81.588 PHWR 0 2832.0 100.40 90.70 98.70 93.30 98.60 80.70 94.90 96.30 96.60 96.00 97.60 100.00
CA BRUCE-6 44.319 -81.588 PHWR 0 2690.0 90.10 97.60 98.40 88.30 50.40 97.70 99.40 97.60 97.20 99.70 35.30 65.50
CA BRUCE-7 44.319 -81.588 PHWR 0 2832.0 93.30 99.90 98.60 97.80 100.10 95.20 90.20 27.30 99.60 89.80 96.30 99.40
CA BRUCE-8 44.318 -81.588 PHWR 0 2690.0 100.60 96.50 98.10 60.10 0.00 30.30 57.50 87.80 97.70 97.50 97.60 100.00
CA DARLINGTON-1 43.867 -78.724 PHWR 0 2776.0 99.80 98.70 98.80 65.20 31.40 98.20 96.90 96.20 94.90 100.30 99.20 93.20
CA DARLINGTON-2 43.867 -78.724 PHWR 0 2776.0 102.50 99.70 100.20 62.30 20.50 98.70 98.50 76.20 96.10 99.10 100.00 100.10
CA DARLINGTON-3 43.866 -78.724 PHWR 0 2776.0 98.20 100.00 100.20 49.50 0.00 0.00 45.00 95.60 95.20 100.10 99.70 100.00
CA DARLINGTON-4 43.866 -78.724 PHWR 0 2776.0 100.50 100.10 101.10 64.00 35.90 100.00 76.30 96.50 96.00 99.10 99.10 99.10
CA GENTILLY-2 46.394 -72.355 PHWR 0 2156.0 94.60 95.90 83.30 0.00 0.00 0.00 40.20 92.90 95.20 88.70 95.60 93.40
CA PICKERING-1 43.812 -79.070 PHWR 0 1744.0 88.60 53.70 95.80 95.20 95.60 95.00 92.80 91.50 92.10 94.90 95.30 99.10
CA PICKERING-4 43.811 -79.067 PHWR 0 1744.0 12.00 0.00 0.00 22.20 27.80 96.00 94.90 90.60 39.50 16.70 25.40 3.70
CA PICKERING-5 43.811 -79.065 PHWR 0 1744.0 96.50 37.50 0.00 0.00 65.80 67.90 84.10 94.60 94.90 95.90 94.60 98.30
CA PICKERING-6 43.811 -79.064 PHWR 0 1744.0 99.60 98.90 99.30 98.80 99.20 89.10 95.20 97.70 81.40 1.10 0.00 67.90
CA PICKERING-7 43.810 -79.063 PHWR 0 1744.0 99.30 98.60 92.20 98.10 59.20 97.20 98.60 96.50 96.30 93.60 95.20 98.70
CA PICKERING-8 43.810 -79.062 PHWR 0 1744.0 95.30 96.40 96.20 96.90 96.20 94.60 95.50 85.30 86.10 66.30 87.30 96.90
CA POINTLEPREAU 45.068 -66.455 PHWR 0 2180.0 0.00 0.00 0.00 0.00 0.00 0.00 0.00 0.00 0.00 0.00 0.00 0.00
CN DAYABAY-1 22.599 114.544 PWR 0 2905.0 89.80 99.80 100.10 36.50 57.40 99.60 99.10 99.00 99.00 99.60 99.90 100.00
CN DAYABAY-2 22.599 114.544 PWR 0 2905.0 92.40 100.90 101.20 100.70 99.20 99.80 99.50 99.10 98.90 99.80 100.80 101.10
CN LINGAO-1 22.606 114.550 PWR 0 2895.0 86.50 83.10 5.50 94.90 95.40 87.70 95.00 96.50 94.40 92.60 95.90 95.90
CN LINGAO-2 22.605 114.550 PWR 0 2895.0 47.50 94.10 101.00 101.80 100.50 100.70 100.70 102.20 100.00 98.70 101.20 38.90
CN QINSHAN-1 30.440 120.950 PWR 0 966.0 89.70 100.40 36.90 36.60 100.50 99.20 76.40 99.40 100.40 101.10 102.00 102.50
CN QINSHAN2-1 30.421 120.945 PWR 0 1930.0 99.50 103.80 103.50 97.70 103.40 100.70 100.20 99.60 99.70 103.20 0.20 0.00
CN QINSHAN2-2 30.421 120.946 PWR 0 1930.0 99.50 103.70 103.40 104.40 63.80 3.90 93.70 97.90 100.30 101.50 102.60 100.40
CN QINSHAN3-1 30.436 120.961 PHWR 0 2064.0 5.20 104.40 104.40 104.20 102.70 101.10 99.10 99.40 100.40 101.60 103.20 99.10
CN QINSHAN3-2 30.435 120.961 PHWR 0 2064.0 100.50 104.10 104.10 104.00 102.40 101.30 99.10 99.20 100.30 101.80 103.50 45.30
CN TIANWAN1 34.690 119.456 PWR 0 3000.0 103.80 56.30 0.00 46.30 71.80 103.50 105.20 103.60 103.20 102.80 30.60 100.40
CN TIANWAN2 34.689 119.456 PWR 0 3000.0 104.80 106.00 105.70 103.60 29.50 4.20 105.00 62.10 80.60 105.90 106.10 106.40
TW CHINSHAN-1 25.292 121.567 BWR 0 1804.0 81.60 100.00 100.00 99.80 100.00 99.60 100.00 98.50 99.80 100.00 94.50 99.80
TW CHINSHAN-2 25.292 121.568 BWR 0 1775.0 99.20 100.00 99.80 99.40 100.00 100.00 98.70 98.70 98.90 22.20 2.50 99.60
TW KUOSHENG-1 25.203 121.662 BWR 0 2943.0 99.20 99.20 25.30 57.10 100.30 99.70 88.60 96.30 99.00 90.00 98.70 99.20
TW KUOSHENG-2 25.203 121.662 BWR 0 2943.0 97.90 97.80 97.60 98.90 96.90 97.90 97.40 93.90 97.70 98.10 96.90 95.00
TW MAANSHAN-1 21.959 120.753 PWR 0 2822.0 100.10 100.00 99.80 72.80 14.30 98.30 99.50 99.90 99.60 99.80 99.60 100.30
TW MAANSHAN-2 21.959 120.754 PWR 0 2822.0 100.50 100.40 100.20 100.00 100.00 99.20 99.50 99.50 99.50 99.70 34.50 65.80
CZ DUKOVANY-1 49.089 16.149 PWR 0 1375.0 103.00 102.90 103.10 101.60 100.70 100.10 99.30 99.30 58.00 59.40 101.60 100.20
CZ DUKOVANY-2 49.089 16.149 PWR 0 1375.0 101.70 101.80 102.10 34.40 85.80 99.30 98.70 98.90 100.00 100.80 101.70 99.60
CZ DUKOVANY-3 49.089 16.149 PWR 0 1444.0 27.40 0.00 0.00 49.50 91.50 97.90 97.50 97.40 98.20 99.80 100.10 99.00
CZ DUKOVANY-4 49.088 16.149 PWR 0 1375.0 102.20 102.40 102.20 101.50 100.90 100.20 96.70 99.20 100.30 51.00 0.00 38.90
CZ TEMELIN-1 49.181 14.377 PWR 0 3000.0 96.60 100.70 99.80 96.70 99.80 99.80 95.60 0.00 0.00 30.40 76.50 92.20
CZ TEMELIN-2 49.181 14.377 PWR 0 3000.0 99.80 99.90 98.60 63.50 0.00 0.00 50.80 98.40 100.90 100.20 100.40 94.00
FI LOVIISA-1 60.372 26.342 PWR 0 1500.0 101.80 101.90 102.00 102.00 101.30 100.40 98.50 70.70 64.10 100.70 101.60 101.90
FI LOVIISA-2 60.371 26.343 PWR 0 1500.0 100.00 101.90 101.90 102.00 101.20 100.40 98.60 97.50 34.40 98.90 101.50 101.80
FI OLKILUOTO-1 61.235 21.444 BWR 0 2500.0 100.80 100.60 100.80 100.30 70.30 98.50 98.10 96.80 98.00 99.60 98.20 100.70
FI OLKILUOTO-2 61.235 21.445 BWR 0 2500.0 101.00 100.90 101.00 100.50 45.20 97.80 98.20 96.90 98.20 100.00 100.80 100.50
FR BELLEVILLE-1 47.511 2.871 PWR 0 3817.0 94.00 86.50 97.40 98.00 93.50 94.80 92.80 51.20 92.40 95.30 95.20 96.80
FR BELLEVILLE-2 47.510 2.871 PWR 0 3817.0 97.80 99.70 98.60 91.80 57.90 0.00 0.00 0.00 0.00 36.60 83.20 97.20
FR BLAYAIS-1 45.256 -0.691 PWR 1 2785.0 94.00 51.50 0.00 0.00 0.00 0.00 63.20 94.00 97.70 98.70 95.60 96.60
FR BLAYAIS-2 45.256 -0.691 PWR 1 2785.0 99.30 61.00 69.40 101.00 101.90 99.40 29.60 0.00 56.70 92.40 100.30 100.00
FR BLAYAIS-3 45.256 -0.690 PWR 0 2785.0 101.70 77.00 51.10 101.60 97.10 101.10 96.60 85.20 25.60 0.00 83.90 102.80
FR BLAYAIS-4 45.256 -0.690 PWR 0 2785.0 97.30 62.80 53.60 97.80 65.40 0.00 0.00 0.00 29.00 97.30 92.10 93.50
FR BUGEY-2 45.798 5.267 PWR 0 2785.0 95.80 98.10 94.30 77.60 81.70 90.90 91.00 87.80 89.90 94.70 98.30 96.90
FR BUGEY-3 45.798 5.268 PWR 0 2785.0 82.20 82.30 74.00 64.80 0.00 0.00 0.00 0.00 0.00 0.00 0.00 0.00
FR BUGEY-4 45.800 5.267 PWR 0 2785.0 100.70 73.90 97.30 94.70 89.30 85.80 94.20 77.40 0.00 0.00 0.00 77.90
FR BUGEY-5 45.800 5.268 PWR 0 2785.0 99.10 98.90 99.30 96.50 88.10 94.40 94.50 93.10 73.40 97.70 87.60 0.00
FR CATTENOM-1 49.416 6.217 PWR 0 3817.0 95.90 96.10 94.30 7.40 0.00 0.00 37.40 91.60 93.10 93.90 95.70 97.30
FR CATTENOM-2 49.416 6.217 PWR 0 3817.0 95.50 97.70 97.70 97.60 93.90 92.70 87.90 89.80 92.50 82.80 0.00 68.70
FR CATTENOM-3 49.415 6.217 PWR 0 3817.0 100.30 100.60 17.80 0.00 87.90 96.90 8.70 0.00 0.00 91.90 99.40 100.10
FR CATTENOM-4 49.415 6.217 PWR 0 3817.0 92.00 91.90 86.00 87.10 74.80 78.80 87.50 87.10 88.10 91.30 91.70 98.80
FR CHINONB-1 47.230 0.168 PWR 1 2785.0 95.90 99.40 98.00 60.40 0.00 0.00 0.00 0.00 12.70 97.90 97.90 98.40
FR CHINONB-2 47.229 0.168 PWR 1 2785.0 96.00 97.90 98.60 67.00 69.30 86.90 91.30 97.30 98.00 73.60 0.00 49.40
FR CHINONB-3 47.224 0.171 PWR 1 2785.0 88.50 94.20 80.00 93.40 90.80 77.70 0.00 0.00 0.00 0.00 0.00 0.00
FR CHINONB-4 47.224 0.171 PWR 1 2785.0 90.90 90.50 55.60 0.00 0.00 0.00 81.30 93.20 93.90 95.60 95.50 98.20
FR CHOOZB-1 50.089 4.791 PWR 0 4270.0 4.20 0.00 0.00 45.30 90.90 91.20 91.50 88.80 93.20 93.30 94.10 92.80
FR CHOOZB-2 50.089 4.791 PWR 0 4270.0 100.70 95.90 36.20 0.00 0.00 0.00 18.50 89.90 90.80 95.10 94.10 94.90
FR CIVAUX-1 46.457 0.654 PWR 0 4270.0 91.30 89.00 94.70 30.70 0.00 50.90 93.30 92.80 92.40 67.00 74.30 93.80
FR CIVAUX-2 46.457 0.655 PWR 0 4270.0 99.60 100.20 99.00 98.40 97.20 87.90 25.40 0.00 51.60 95.00 94.80 96.90
FR CRUAS-1 44.634 4.757 PWR 0 2785.0 98.40 99.00 94.90 77.10 0.00 0.00 0.00 37.10 92.60 82.50 85.40 95.10
FR CRUAS-2 44.633 4.757 PWR 0 2785.0 89.50 100.40 96.10 94.40 91.50 87.60 88.10 89.80 94.20 0.00 0.00 48.20
FR CRUAS-3 44.633 4.757 PWR 0 2785.0 96.00 90.80 95.20 82.50 91.10 93.70 79.40 64.10 0.00 78.00 84.00 97.60
FR CRUAS-4 44.632 4.757 PWR 0 2785.0 92.80 100.00 86.30 0.00 30.60 99.00 94.80 94.40 98.20 87.10 90.00 74.40
FR DAMPIERRE-1 47.732 2.513 PWR 1 2785.0 97.20 99.20 92.50 27.50 0.00 0.00 56.80 57.50 78.30 67.50 92.40 98.10
FR DAMPIERRE-2 47.732 2.514 PWR 1 2785.0 98.90 63.80 22.80 74.80 80.70 85.00 87.60 94.10 92.90 99.20 92.80 99.40
FR DAMPIERRE-3 47.732 2.515 PWR 1 2785.0 92.20 99.00 98.10 85.90 81.70 89.60 93.30 0.00 0.00 11.40 91.10 86.30
FR DAMPIERRE-4 47.732 2.516 PWR 1 2785.0 98.40 100.80 99.80 90.20 97.20 15.70 0.00 74.60 98.80 99.30 89.00 100.60
FR FESSENHEIM-1 47.903 7.564 PWR 0 2660.0 96.40 96.10 20.60 99.20 96.80 96.40 93.80 95.80 96.30 49.50 0.00 0.00
FR FESSENHEIM-2 47.903 7.565 PWR 0 2660.0 96.90 96.30 91.60 96.80 66.80 0.00 0.00 0.00 0.00 0.00 11.80 66.90
FR FLAMANVILLE-1 49.537 -1.881 PWR 0 3817.0 96.60 98.50 62.30 95.20 89.60 80.70 91.20 92.80 11.70 0.00 0.00 0.00
FR FLAMANVILLE-2 49.537 -1.881 PWR 0 3817.0 96.00 96.40 91.90 88.00 73.00 47.10 67.50 76.90 90.20 92.30 74.90 88.00
FR GOLFECH-1 44.105 0.845 PWR 0 3817.0 94.50 98.60 95.80 93.10 88.30 92.90 86.10 0.00 79.30 94.10 94.30 95.60
FR GOLFECH-2 44.104 0.845 PWR 0 3817.0 96.00 95.00 93.50 85.50 53.20 82.80 82.60 88.20 89.90 91.50 90.90 95.70
FR GRAVELINES-1 51.014 2.138 PWR 1 2785.0 88.60 92.10 90.80 90.90 94.00 94.70 82.90 0.00 0.00 0.00 78.00 95.40
FR GRAVELINES-2 51.013 2.138 PWR 1 2785.0 94.20 93.90 95.90 30.50 25.20 83.50 93.00 92.90 92.70 93.60 94.80 94.20
FR GRAVELINES-3 51.013 2.138 PWR 1 2785.0 90.30 87.60 0.00 4.20 51.00 26.50 89.40 96.10 96.60 96.00 80.60 75.70
FR GRAVELINES-4 51.012 2.138 PWR 1 2785.0 94.00 97.70 96.60 97.90 44.80 0.00 49.70 90.90 92.70 95.80 95.20 95.90
FR GRAVELINES-5 51.012 2.138 PWR 0 2785.0 98.00 98.20 97.60 97.40 94.70 79.60 5.80 53.50 95.30 95.30 92.50 96.00
FR GRAVELINES-6 51.011 2.138 PWR 0 2785.0 82.40 102.70 103.20 102.80 96.70 98.80 99.90 97.90 101.20 51.70 35.00 98.40
FR NOGENT-1 48.517 3.520 PWR 0 3817.0 98.50 99.90 98.00 96.40 95.70 14.00 0.00 0.00 0.00 80.50 88.50 94.60
FR NOGENT-2 48.516 3.520 PWR 0 3817.0 87.30 91.40 88.00 83.50 80.60 85.70 62.90 0.00 0.00 0.00 79.00 92.70
FR PALUEL-1 49.857 0.635 PWR 0 3817.0 97.50 92.30 94.80 66.60 0.00 0.00 0.00 52.20 89.90 90.20 92.20 96.10
FR PALUEL-2 49.856 0.635 PWR 0 3817.0 91.80 93.70 92.60 90.90 93.90 96.50 95.70 93.20 33.40 0.00 6.60 76.30
FR PALUEL-3 49.856 0.635 PWR 0 3817.0 79.50 0.00 0.00 0.00 7.50 91.70 89.70 89.90 72.90 0.00 0.00 0.00
FR PALUEL-4 49.856 0.635 PWR 0 3817.0 91.70 94.30 87.90 81.10 87.90 22.30 79.90 65.80 69.80 94.00 91.90 94.70
FR PENLY-1 49.975 1.215 PWR 0 3817.0 99.50 94.60 16.60 0.00 63.00 83.30 85.00 91.10 95.00 96.10 95.60 95.10
FR PENLY-2 49.975 1.215 PWR 0 3817.0 98.00 97.00 96.10 92.80 94.40 90.90 92.50 89.10 51.70 0.00 37.90 82.80
FR PHENIX 44.1502 4.7000 FBR 1 345.0 91.20 97.00 18.40 0.00 18.50 33.00 6.70 0.00 0.00 0.00 0.00 0.00
FR ST.ALBAN-1 45.404 4.754 PWR 0 3817.0 93.90 89.10 99.20 98.50 84.20 96.20 93.60 87.50 79.00 0.00 2.70 67.90
FR ST.ALBAN-2 45.404 4.755 PWR 0 3817.0 70.80 26.90 97.90 93.10 85.10 89.70 90.70 0.00 53.90 92.80 96.50 97.40
FR ST.LAURENTB-1 47.721 1.581 PWR 1 2785.0 97.40 85.00 97.00 93.60 77.70 0.00 12.50 88.70 96.10 96.70 91.80 97.60
FR ST.LAURENTB-2 47.720 1.581 PWR 1 2785.0 97.30 98.60 18.30 0.00 61.40 86.30 87.40 94.50 93.20 96.80 93.60 98.10
FR TRICASTIN-1 44.330 4.733 PWR 1 2785.0 95.10 97.80 96.70 94.90 2.50 0.00 0.00 0.70 78.10 46.40 95.30 94.60
FR TRICASTIN-2 44.330 4.733 PWR 1 2785.0 70.70 99.70 89.60 90.50 93.80 96.60 95.20 94.60 93.20 82.10 0.00 6.40
FR TRICASTIN-3 44.331 4.733 PWR 1 2785.0 83.40 100.90 90.60 0.00 61.70 0.00 48.90 91.50 94.80 95.80 96.20 97.10
FR TRICASTIN-4 44.331 4.733 PWR 1 2785.0 97.10 98.80 95.20 85.30 87.40 92.70 94.20 60.80 0.00 78.20 95.40 93.70
DE BIBLIS-A 49.709 8.415 PWR 0 3517.0 61.10 61.50 0.00 0.00 0.00 0.00 0.00 0.00 0.00 0.00 0.00 0.00
DE BIBLIS-B 49.708 8.415 PWR 0 3733.0 42.60 0.00 0.00 0.00 0.00 0.00 0.00 0.00 0.00 0.00 23.90 98.00
DE BROKDORF 53.850 9.345 PWR 1 3900.0 99.30 99.60 98.90 97.50 92.20 35.30 97.70 97.50 98.50 99.00 98.80 98.40
DE BRUNSBUETTEL 53.891 9.202 BWR 0 2292.0 0.00 0.00 0.00 0.00 0.00 0.00 0.00 0.00 0.00 0.00 0.00 0.00
DE EMSLAND 52.471 7.322 PWR 0 3850.0 101.10 100.60 100.50 99.80 99.50 50.80 73.20 92.70 99.30 100.30 99.60 100.70
DE GRAFENRHEINFELD 49.984 10.186 PWR 1 3765.0 100.20 100.60 99.80 56.80 71.90 98.90 98.10 97.90 98.70 99.70 99.90 99.90
DE GROHNDE 52.033 9.412 PWR 1 3900.0 100.30 100.10 98.70 96.80 33.10 95.30 93.60 92.80 95.00 97.30 94.70 98.30
DE GUNDREMMINGEN-B 48.515 10.404 BWR 1 3840.0 101.80 101.50 101.20 99.40 99.80 92.10 20.60 98.30 99.20 96.00 99.30 101.00
DE GUNDREMMINGEN-C 48.515 10.404 BWR 1 3840.0 101.60 100.90 101.10 98.90 99.60 99.10 97.90 96.70 87.90 9.50 100.90 100.30
DE ISAR-1 48.607 12.296 BWR 0 2575.0 91.70 91.60 12.10 77.50 98.50 99.50 99.00 95.60 99.60 98.30 100.50 97.40
DE ISAR-2 48.607 12.296 PWR 1 3950.0 101.70 101.20 100.50 98.20 95.80 98.20 52.50 77.20 98.40 98.10 100.10 99.80
DE KRUEMMEL 53.410 10.410 BWR 0 3690.0 0.00 0.00 0.00 0.00 0.00 27.80 6.60 0.00 0.00 0.00 0.00 0.00
DE NECKARWESTHEIM-1 49.039 9.176 PWR 1 2497.0 75.60 79.30 74.20 63.30 62.80 71.70 64.70 59.50 65.60 25.00 61.90 59.50
DE NECKARWESTHEIM-2 49.039 9.176 PWR 0 3850.0 100.40 100.00 99.80 98.90 98.30 98.30 97.70 65.20 68.30 99.70 100.20 100.40
DE PHILIPPSBURG-1 49.253 8.432 BWR 0 2575.0 88.10 97.00 93.50 80.40 39.00 0.90 85.40 84.60 87.50 94.70 97.60 97.90
DE PHILIPPSBURG-2 49.253 8.433 PWR 1 3950.0 99.20 99.10 98.90 97.10 97.10 86.00 23.00 97.00 97.20 95.80 98.90 91.70
DE UNTERWESER 53.429 8.477 PWR 1 3900.0 101.40 101.10 101.00 100.40 99.20 97.60 75.50 72.10 12.00 68.90 100.30 92.50
HU PAKS-1 46.574 18.855 PWR 0 1485.0 97.50 99.80 60.70 24.00 100.00 100.00 100.00 100.00 100.00 99.90 98.50 100.00
HU PAKS-2 46.574 18.856 PWR 0 1485.0 99.90 99.90 99.20 99.90 87.70 99.90 8.10 100.00 100.00 99.90 99.90 99.90
HU PAKS-3 46.574 18.857 PWR 0 1485.0 99.90 100.00 98.80 100.00 100.00 100.00 100.00 64.50 0.00 6.30 99.70 100.00
HU PAKS-4 46.574 18.858 PWR 0 1485.0 99.70 99.90 99.00 77.60 0.00 80.40 99.90 100.00 100.00 99.90 99.90 100.00
IN KAIGA-1 14.865 74.438 PHWR 0 801.0 56.90 3.60 62.50 62.30 61.40 62.20 62.40 62.60 62.20 34.00 0.00 36.60
IN KAIGA-2 14.865 74.438 PHWR 0 801.0 52.10 53.50 57.40 57.10 55.90 56.40 50.50 57.20 57.40 56.10 55.20 49.20
IN KAIGA-3 14.865 74.442 PHWR 0 800.0 0.00 0.00 13.10 45.30 40.20 38.00 53.60 57.50 61.60 65.20 67.30 61.10
IN KAKRAPAR-1 21.236 73.351 PHWR 0 801.0 0.00 0.00 0.00 0.00 0.00 0.00 0.00 0.00 0.00 0.00 0.00 0.00
IN KAKRAPAR-2 21.235 73.351 PHWR 0 801.0 54.40 2.60 15.00 49.90 52.80 52.70 49.60 55.60 55.60 54.30 41.60 42.00
IN MADRAS-1 12.557 80.177 PHWR 0 801.0 38.40 3.40 56.00 55.60 55.60 43.70 56.70 57.00 56.30 36.00 0.00 19.90
IN MADRAS-2 12.557 80.177 PHWR 0 801.0 10.00 54.90 56.10 55.70 55.60 56.10 57.00 57.00 55.80 55.90 56.30 52.80
IN NARORA-1 28.156 78.409 PHWR 0 801.0 0.00 31.00 41.40 40.90 34.20 39.70 46.80 47.50 43.30 45.70 3.20 0.00
IN NARORA-2 28.155 78.409 PHWR 0 801.0 0.00 0.00 0.00 0.00 0.00 0.00 0.00 0.00 0.00 0.00 0.00 0.00
IN RAJASTHAN-1 24.876 75.608 PHWR 0 693.0 0.00 0.00 0.00 0.00 0.00 0.00 0.00 0.00 0.00 0.00 0.00 0.00
IN RAJASTHAN-2 24.876 75.609 PHWR 0 693.0 0.00 0.00 0.00 0.00 0.00 0.00 0.00 0.00 84.70 89.20 73.10 96.50
IN RAJASTHAN-3 24.872 75.619 PHWR 0 801.0 62.90 51.00 64.10 66.90 45.00 42.60 65.10 59.70 54.20 54.50 57.40 61.70
IN RAJASTHAN-4 24.872 75.619 PHWR 0 801.0 62.70 39.50 47.70 52.20 56.10 47.50 53.40 26.80 0.00 65.40 66.50 63.50
IN TARAPUR-1 19.834 72.657 BWR 0 530.0 42.80 108.00 107.30 99.00 93.30 105.10 102.60 105.80 105.10 103.30 105.60 26.30
IN TARAPUR-2 19.834 72.657 BWR 0 530.0 105.70 106.50 96.20 99.70 93.80 45.10 23.00 104.00 106.00 106.30 104.90 106.90
IN TARAPUR-3 19.830 72.663 PHWR 0 1730.0 38.70 38.50 49.60 54.70 53.50 40.10 50.20 50.60 65.10 63.50 65.20 51.80
IN TARAPUR-4 19.830 72.664 PHWR 0 1730.0 40.60 45.20 44.30 51.80 47.60 42.70 49.90 62.20 62.20 64.80 47.80 63.40
JP FUKUSHIMA-DAIICHI-1 37.422 141.031 BWR 0 1380.0 0.00 0.00 0.00 39.60 99.50 99.50 98.90 98.10 98.50 98.90 99.50 85.70
JP FUKUSHIMA-DAIICHI-2 37.422 141.032 BWR 0 2381.0 98.60 98.20 98.60 68.00 0.00 0.00 28.70 98.30 98.50 98.80 98.70 98.70
JP FUKUSHIMA-DAIICHI-3 37.422 141.033 BWR 0 2381.0 99.90 81.30 0.00 0.00 0.00 0.00 67.30 80.60 99.30 99.80 100.10 100.10
JP FUKUSHIMA-DAIICHI-4 37.422 141.034 BWR 0 2381.0 99.70 99.70 99.50 99.30 99.60 99.60 99.10 99.10 91.80 0.00 0.00 97.40
JP FUKUSHIMA-DAIICHI-5 37.429 141.031 BWR 0 2381.0 104.30 104.30 104.30 104.30 104.30 104.00 103.50 101.90 0.00 0.00 96.50 104.20
JP FUKUSHIMA-DAIICHI-6 37.429 141.031 BWR 0 3293.0 100.90 101.00 31.40 0.00 0.00 58.60 104.40 103.70 103.70 104.10 104.40 104.50
JP FUKUSHIMA-DAINI-1 37.315 141.024 BWR 0 3293.0 99.50 55.40 0.00 6.50 100.10 100.00 99.80 99.20 99.10 99.60 100.10 100.00
JP FUKUSHIMA-DAINI-2 37.315 141.025 BWR 0 3293.0 59.60 100.00 100.20 100.30 100.30 100.20 99.90 99.20 99.40 99.80 100.10 100.00
JP FUKUSHIMA-DAINI-3 37.315 141.026 BWR 0 3293.0 99.50 99.50 99.70 99.70 99.70 99.60 99.30 98.80 98.60 99.10 99.50 98.70
JP FUKUSHIMA-DAINI-4 37.315 141.027 BWR 0 3293.0 99.90 99.90 99.90 100.00 99.80 18.70 0.00 0.00 52.80 78.80 99.90 99.80
JP GENKAI-1 33.518 129.837 PWR 0 1650.0 104.20 104.10 85.90 0.00 0.00 69.60 104.00 104.00 103.90 104.20 104.50 104.60
JP GENKAI-2 33.517 129.837 PWR 0 1650.0 104.00 103.90 104.00 103.90 103.60 103.30 102.70 102.60 39.60 0.00 0.00 63.90
JP GENKAI-3 33.517 129.837 PWR 0 3423.0 102.50 102.50 102.50 102.50 102.30 102.20 101.80 95.10 0.00 0.00 66.40 102.30
JP GENKAI-4 33.516 129.837 PWR 0 3423.0 101.70 101.70 101.70 101.60 45.60 0.00 53.00 101.50 101.10 101.40 101.50 101.90
JP HAMAOKA-1 34.6202 138.1516 BWR 0 1593.0 0.00 0.00 0.00 0.00 0.00 0.00 0.00 0.00 0.00 0.00 0.00 0.00
JP HAMAOKA-2 34.6202 138.1516 BWR 0 2436.0 0.00 0.00 0.00 0.00 0.00 0.00 0.00 0.00 0.00 0.00 0.00 0.00
JP HAMAOKA-3 34.620 138.141 BWR 0 3293.0 100.70 100.70 100.70 100.60 100.40 43.70 0.00 0.00 0.00 89.10 100.50 100.50
JP HAMAOKA-4 34.620 138.141 BWR 0 3293.0 100.80 86.50 0.00 0.00 0.70 0.00 45.00 32.90 42.50 100.30 100.30 100.60
JP HAMAOKA-5 34.619 138.141 BWR 0 3926.0 0.00 0.00 0.00 0.00 0.00 11.00 103.80 34.00 0.00 0.00 0.00 0.00
JP HIGASHIDORI1(TOHOKU) 41.188 141.393 BWR 0 3293.0 99.40 99.50 99.50 99.50 99.40 99.40 99.40 99.40 35.40 0.00 0.00 76.20
JP IKATA-1 33.491 132.309 PWR 0 1650.0 101.50 101.50 26.00 0.00 0.00 0.00 57.50 100.10 99.60 99.50 99.70 100.60
JP IKATA-2 33.491 132.310 PWR 0 1650.0 101.10 82.60 0.00 0.00 0.00 4.70 100.20 100.20 99.80 99.70 100.20 100.90
JP IKATA-3 33.491 132.312 PWR 0 2660.0 104.60 104.60 104.50 104.60 104.50 104.20 104.00 103.70 103.40 102.90 104.30 104.40
JP KASHIWAZAKIKARIWA-1 37.434 138.598 BWR 0 3293.0 0.00 0.00 0.00 0.00 0.00 0.00 0.00 0.00 0.00 0.00 0.00 0.00
JP KASHIWAZAKIKARIWA-2 37.434 138.598 BWR 0 3293.0 0.00 0.00 0.00 0.00 0.00 0.00 0.00 0.00 0.00 0.00 0.00 0.00
JP KASHIWAZAKIKARIWA-3 37.433 138.598 BWR 0 3293.0 0.00 0.00 0.00 0.00 0.00 0.00 0.00 0.00 0.00 0.00 0.00 0.00
JP KASHIWAZAKIKARIWA-4 37.433 138.598 BWR 0 3293.0 0.00 0.00 0.00 0.00 0.00 0.00 0.00 0.00 0.00 0.00 0.00 0.00
JP KASHIWAZAKIKARIWA-5 37.432 138.598 BWR 0 3293.0 0.00 0.00 0.00 0.00 0.00 0.00 0.00 0.00 0.00 0.00 0.00 0.00
JP KASHIWAZAKIKARIWA-6 37.432 138.598 BWR 0 3926.0 0.00 0.00 0.00 0.00 0.00 0.00 0.00 0.00 90.00 103.30 103.60 82.90
JP KASHIWAZAKIKARIWA-7 37.431 138.598 BWR 0 3926.0 0.00 0.00 0.00 0.00 16.60 99.10 91.90 99.10 83.20 0.00 63.90 102.60
JP MIHAMA-1 35.701 135.962 PWR 0 1031.0 103.70 103.80 103.70 103.30 102.40 100.80 99.20 50.50 0.00 0.00 15.40 103.90
JP MIHAMA-2 35.701 135.962 PWR 0 1456.0 102.70 102.70 102.60 7.70 0.00 2.70 98.90 99.10 100.00 100.80 101.60 102.10
JP MIHAMA-3 35.703 135.961 PWR 0 2440.0 105.30 105.30 105.40 105.40 105.20 104.80 104.00 103.40 104.10 104.80 105.20 41.70
JP OHI-1 35.544 135.652 PWR 0 3423.0 101.60 101.50 101.60 101.60 101.50 101.20 100.60 62.20 0.00 0.00 0.00 62.80
JP OHI-2 35.543 135.652 PWR 0 3423.0 103.80 19.40 0.00 18.00 103.50 103.30 102.40 102.30 102.60 68.90 0.00 0.00
JP OHI-3 35.542 135.652 PWR 0 3423.0 101.80 101.80 101.80 101.70 101.90 101.80 101.40 101.10 101.20 99.30 0.00 0.00
JP OHI-4 35.542 135.652 PWR 0 3423.0 102.50 102.50 102.50 102.50 102.50 102.40 102.20 102.00 102.10 102.00 102.10 102.10
JP ONAGAWA-1 38.400 141.504 BWR 0 1593.0 0.00 0.00 4.60 87.10 100.90 58.70 100.40 100.10 99.90 100.10 100.30 100.40
JP ONAGAWA-2 38.401 141.504 BWR 0 2436.0 100.40 100.50 79.60 0.00 0.00 0.00 0.00 0.00 10.10 100.70 100.60 100.60
JP ONAGAWA-3 38.401 141.504 BWR 0 2436.0 0.00 0.00 0.00 0.00 0.00 0.10 72.00 97.50 102.90 103.00 103.10 103.10
JP SENDAI-1 31.834 130.193 PWR 0 2660.0 106.80 106.40 106.70 107.00 106.80 106.30 105.50 104.90 105.10 106.20 107.00 107.30
JP SENDAI-2 31.834 130.193 PWR 0 2660.0 0.00 0.30 94.20 103.00 102.80 102.50 102.20 101.90 102.10 102.60 102.90 102.90
JP SHIKA-1 37.061 136.728 BWR 0 1593.0 0.00 0.00 0.00 62.80 102.30 101.70 101.10 100.90 101.30 101.70 102.10 102.40
JP JP-59SHIKA-2 37.061 136.729 BWR 0 3926.0 104.70 104.70 104.70 90.00 104.50 104.50 28.40 0.00 0.00 18.60 42.70 0.00
JP SHIMANE-1 35.537 132.999 BWR 0 1380.0 102.70 102.80 102.50 101.80 19.50 0.00 0.00 0.00 58.20 101.90 102.30 102.40
JP SHIMANE-2 35.537 133.000 BWR 0 2436.0 0.00 0.00 25.00 101.00 100.80 100.50 99.90 99.90 99.90 100.10 100.60 100.80
JP TAKAHAMA-1 35.520 135.503 PWR 0 2440.0 105.60 105.50 105.50 105.40 105.30 105.20 104.60 104.10 46.00 0.00 38.50 105.70
JP TAKAHAMA-2 35.520 135.503 PWR 0 2440.0 106.00 91.90 0.00 0.00 68.60 105.80 105.20 104.70 105.00 105.70 105.90 106.00
JP TAKAHAMA-3 35.521 135.503 PWR 0 2660.0 105.10 105.60 105.60 105.60 79.20 0.00 0.00 18.80 106.90 107.50 107.80 107.90
JP TAKAHAMA-4 35.521 135.503 PWR 0 2660.0 100.40 104.70 104.80 104.80 104.80 104.90 104.40 104.00 104.40 104.70 105.00 105.10
JP TOKAI-2 36.466 140.614 BWR 0 3293.0 102.80 102.90 102.80 102.80 102.70 102.20 56.30 33.60 19.60 0.00 0.00 0.00
JP TOMARI-1 43.038 140.515 PWR 0 1650.0 102.60 102.50 102.40 102.50 102.50 102.40 102.10 101.50 101.80 102.20 102.40 102.40
JP TOMARI-2 43.038 140.516 PWR 0 1650.0 102.70 102.60 102.50 102.50 22.60 0.00 0.00 16.40 102.50 102.60 102.70 102.70
JP TOMARI-3 43.034 140.517 PWR 0 2660.0 0.00 0.00 18.80 14.40 26.00 45.10 70.70 67.50 0.00 4.40 40.60 104.00
JP TSURUGA-1 35.672 136.079 BWR 0 1070.0 0.00 0.00 0.00 0.00 0.00 0.00 0.00 0.00 0.00 0.00 0.00 67.80
JP TSURUGA-2 35.673 136.080 PWR 0 3411.0 0.00 47.50 103.80 103.40 103.30 102.90 102.00 101.50 101.60 102.20 102.60 103.00
KR KORI-1 35.321 129.295 PWR 0 1729.0 100.10 100.20 100.20 100.20 99.60 100.10 99.90 99.10 99.50 100.00 100.30 49.10
KR KORI-2 35.321 129.296 PWR 0 1882.0 83.50 100.80 100.80 100.90 100.20 100.90 100.70 99.30 23.00 100.80 101.00 100.80
KR KORI-3 35.321 129.297 PWR 0 2912.0 99.20 99.30 99.30 99.50 99.80 99.70 99.30 98.90 98.80 86.60 0.00 79.90
KR KORI-4 35.321 129.298 PWR 0 2912.0 0.00 64.50 100.00 100.30 100.30 100.20 99.90 99.60 99.50 100.00 100.20 100.30
KR HANUL-1 37.093 129.393 PWR 0 2785.0 99.30 78.00 16.10 95.80 99.70 99.80 99.70 99.40 99.30 99.50 99.70 99.70
KR HANUL-2 37.093 129.394 PWR 0 2775.0 100.30 100.10 100.00 100.10 100.10 100.20 100.10 99.90 99.80 100.00 100.20 100.20
KR HANUL-3 37.093 129.395 PWR 0 2825.0 100.10 99.90 100.10 100.40 100.60 100.50 100.40 100.30 100.10 89.80 29.40 100.60
KR HANUL-4 37.093 129.396 PWR 0 2825.0 99.80 10.80 87.90 85.90 100.10 100.10 99.90 99.80 99.70 99.80 99.90 97.10
KR HANUL-5 37.093 129.397 PWR 0 2815.0 99.70 99.80 99.70 33.30 54.40 99.80 99.70 99.50 99.40 99.50 99.80 99.80
KR ULCHIN-6(HANUL-6) 37.093 129.398 PWR 0 2825.0 99.80 99.90 99.90 99.80 99.70 99.80 93.50 99.40 99.30 99.50 99.70 99.70
KR WOLSONG-1 35.710 129.476 PHWR 0 2061.0 91.80 95.30 94.70 1.80 0.00 0.00 0.00 0.00 0.00 0.00 0.00 0.00
KR WOLSONG-2 35.710 129.477 PHWR 0 2061.0 100.00 100.20 100.20 100.40 100.30 99.80 99.60 66.10 62.30 99.20 99.90 100.10
KR WOLSONG-3 35.710 129.478 PHWR 0 2061.0 101.00 101.10 101.10 101.10 101.10 100.90 100.60 99.00 60.50 72.60 100.20 100.50
KR WOLSONG-4 35.710 129.479 PHWR 0 2061.0 100.70 100.80 100.80 100.90 94.60 41.20 70.00 98.40 98.50 99.40 100.00 100.20
KR HANBIT-1 35.404 126.419 PWR 0 2787.0 101.40 101.10 7.00 61.80 101.10 92.90 99.60 98.70 99.50 100.90 101.40 101.50
KR HANBIT-2 35.403 126.419 PWR 0 2787.0 101.80 101.80 101.70 101.60 101.40 100.60 100.00 98.70 99.90 101.10 101.60 101.60
KR HANBIT-3 35.403 126.419 PWR 0 2825.0 100.50 100.50 100.60 100.50 100.30 99.80 99.50 98.70 99.30 99.90 100.40 100.50
KR HANBIT-4 35.402 126.419 PWR 0 2825.0 100.80 100.90 100.90 100.90 98.30 86.10 99.80 99.10 98.60 0.30 74.90 101.20
KR HANBIT-5 35.402 126.419 PWR 0 2825.0 100.00 100.70 101.10 101.10 100.60 98.50 99.20 69.70 20.50 96.80 101.10 99.80
KR HANBIT-6 35.401 126.419 PWR 0 2825.0 100.10 88.30 100.30 99.60 99.90 99.40 98.80 98.20 84.80 99.80 100.20 98.70
LT IGNALINA-2 55.6002 26.4798 LWGR 0 4800.0 103.60 103.50 103.10 103.70 103.20 25.70 101.40 101.90 102.40 103.10 103.50 103.00
MX LAGUNAVERDE-1 19.719 -96.405 BWR 0 2027.0 101.40 102.00 101.70 97.20 91.10 100.20 93.70 100.30 99.90 97.40 74.00 90.90
MX LAGUNAVERDE-2 19.719 -96.404 BWR 0 2027.0 89.50 99.50 91.50 10.10 1.70 97.00 98.20 98.70 100.10 95.60 101.20 98.60
NL BORSSELE 51.431 3.719 PWR 0 1366.0 100.80 100.70 100.60 41.90 100.70 100.40 100.10 99.50 100.60 100.60 99.60 100.10
PK CHASNUPP-1 32.392 71.463 PWR 0 999.0 19.10 100.00 57.90 37.30 98.40 93.20 94.20 90.50 97.30 100.20 100.50 92.90
PK KANUPP 24.845 66.790 PHWR 0 433.0 34.70 0.00 33.50 56.60 60.80 39.40 28.60 47.90 63.70 40.60 64.10 65.60
RO CERNAVODA-1 44.322 28.061 PHWR 0 2180.0 100.70 100.90 101.20 101.30 94.00 97.30 99.00 98.30 99.70 100.90 101.00 99.10
RO CERNAVODA-2 44.322 28.062 PHWR 0 2180.0 100.30 100.20 100.40 93.80 25.50 93.00 96.20 97.00 91.90 98.80 100.30 91.10
RU BALAKOVO-1 52.092 47.952 PWR 0 3000.0 69.70 104.20 104.40 104.20 88.80 65.20 100.30 100.70 97.90 103.30 104.10 103.90
RU BALAKOVO-2 52.092 47.954 PWR 0 3000.0 98.80 108.90 108.00 108.70 97.90 103.80 99.40 99.50 12.30 56.40 103.30 103.90
RU BALAKOVO-3 52.093 47.956 PWR 0 3000.0 103.30 105.40 21.10 0.00 65.70 98.00 99.10 100.30 102.60 103.70 100.50 101.00
RU BALAKOVO-4 52.093 47.958 PWR 0 3200.0 60.50 0.00 92.10 105.00 91.70 99.60 103.60 102.00 103.10 101.70 100.60 101.40
RU BELOYARSK-3 56.842 61.319 FBR 0 1470.0 100.00 99.80 78.10 0.00 0.00 91.00 96.30 100.70 98.50 47.30 101.60 102.70
RU BILIBINO-1 68.059 166.492 LWGR 0 62.0 0.00 0.00 0.00 0.00 0.00 0.00 0.00 0.00 0.00 0.00 0.00 0.00
RU BILIBINO-2 68.059 166.493 LWGR 0 62.0 54.60 56.80 55.40 49.40 0.00 0.00 48.00 54.40 57.00 27.80 60.50 65.60
RU BILIBINO-3 68.059 166.494 LWGR 0 62.0 54.10 55.30 55.90 53.90 52.00 33.90 0.00 49.30 45.10 50.40 53.70 52.20
RU BILIBINO-4 68.059 166.495 LWGR 0 62.0 48.50 53.10 42.80 45.80 59.90 61.60 52.20 3.50 13.80 44.10 48.90 51.50
RU KALININ-1 57.903 35.057 PWR 0 3000.0 104.80 104.20 103.80 103.20 102.00 102.00 101.80 101.70 49.60 1.80 63.50 105.70
RU KALININ-2 57.904 35.059 PWR 0 3000.0 86.00 105.00 104.40 104.10 103.50 95.20 0.00 12.80 88.30 105.20 104.30 105.00
RU KALININ-3 57.905 35.061 PWR 0 3200.0 96.10 43.60 101.00 78.00 0.00 62.00 100.80 100.80 96.70 94.10 102.60 102.50
RU KOLA-1 67.467 32.491 PWR 0 1375.0 60.30 98.10 102.20 95.20 0.00 3.20 78.20 82.60 73.80 42.50 47.70 77.70
RU KOLA-2 67.467 32.492 PWR 0 1375.0 98.70 98.70 103.20 91.40 100.50 100.60 53.30 8.10 0.00 6.60 74.40 62.60
RU KOLA-3 67.467 32.493 PWR 0 1375.0 57.70 44.20 0.00 3.20 58.10 49.30 71.80 79.20 66.10 81.50 70.40 99.20
RU KOLA-4 67.467 32.494 PWR 0 1375.0 86.80 93.80 103.40 83.00 67.40 46.60 0.00 23.80 72.30 58.40 89.10 101.10
RU KURSK-1 51.674 35.607 LWGR 0 3200.0 101.10 100.70 99.10 28.40 80.90 80.00 93.00 94.70 92.60 97.80 96.40 95.10
RU KURSK-2 51.674 35.607 LWGR 0 3200.0 105.20 107.10 106.40 103.10 0.90 0.00 19.90 100.60 99.40 104.10 102.10 105.60
RU KURSK-3 51.673 35.607 LWGR 0 3200.0 79.60 106.30 101.70 104.40 102.60 100.70 90.30 39.70 96.20 104.30 104.50 100.60
RU KURSK-4 51.673 35.607 LWGR 0 3200.0 0.00 0.00 0.00 0.00 0.00 34.00 96.00 96.70 91.80 99.80 97.10 99.70
RU LENINGRAD-1 59.840 29.027 LWGR 0 3200.0 100.50 98.70 92.30 95.80 97.60 101.20 44.60 97.70 98.70 100.70 99.60 101.60
RU LENINGRAD-2 59.840 29.028 LWGR 0 3200.0 86.60 97.00 90.10 93.50 99.50 99.60 81.90 35.80 98.70 100.00 97.50 99.40
RU LENINGRAD-3 59.840 29.029 LWGR 0 3200.0 78.80 93.60 85.00 34.10 0.00 0.00 21.70 84.70 97.00 101.00 101.40 94.70
RU LENINGRAD-4 59.840 29.030 LWGR 0 3200.0 58.30 96.40 84.90 95.80 99.90 99.00 70.30 0.00 0.00 0.00 0.00 0.00
RU NOVOVORONEZH-3 51.274 39.206 PWR 0 1375.0 0.00 0.00 31.10 30.00 0.00 55.30 91.30 92.80 92.00 91.40 87.80 77.70
RU NOVOVORONEZH-4 51.274 39.206 PWR 0 1375.0 105.00 104.80 103.90 102.40 100.60 95.60 95.30 96.50 54.70 0.00 80.80 104.80
RU NOVOVORONEZH-5 52.381 39.211 PWR 0 3000.0 101.70 100.00 101.30 101.50 100.20 98.90 55.70 0.00 15.80 64.00 101.50 101.50
RU ROSTOV-1 47.599 42.373 PWR 0 3200.0 106.50 106.40 106.00 15.90 70.20 106.40 104.90 105.10 107.10 106.40 107.00 100.80
RU ROSTOV-2 47.600 42.374 PWR 0 0.0 0.00 0.00 0.00 0.00 0.00 0.00 0.00 0.00 0.00 0.00 0.00 0.00
RU SMOLENSK-1 54.169 33.245 LWGR 0 3200.0 73.30 102.40 81.30 46.20 5.50 99.90 98.40 78.10 14.10 103.20 103.40 102.20
RU SMOLENSK-2 54.168 33.245 LWGR 0 3200.0 101.00 102.30 100.20 96.20 101.90 43.90 82.80 98.90 100.30 103.30 101.80 102.70
RU SMOLENSK-3 54.168 33.245 LWGR 0 3200.0 0.00 0.00 6.30 89.70 87.00 97.90 96.30 101.40 102.40 105.60 105.90 104.10
SK BOHUNICE-2 48.5001 17.6798 PWR 0 1375.0 0.00 0.00 0.00 0.00 0.00 0.00 0.00 0.00 0.00 0.00 0.00 0.00
SK BOHUNICE-3 48.492 17.687 PWR 0 1444.0 97.40 98.40 98.90 99.30 99.20 98.90 97.70 59.40 9.50 97.20 96.30 95.40
SK BOHUNICE-4 48.492 17.687 PWR 0 1444.0 97.60 96.10 91.50 99.40 99.20 79.00 18.90 71.60 97.80 97.90 97.50 96.90
SK MOCHOVCE-1 48.261 18.455 PWR 0 1471.0 98.50 98.20 99.10 34.10 0.00 91.20 91.40 95.00 98.10 94.60 98.30 80.70
SK MOCHOVCE-2 48.260 18.455 PWR 0 1471.0 98.60 97.00 93.10 96.10 97.90 95.30 95.40 96.60 77.50 31.30 98.00 97.20
SI KRSKO 45.939 15.516 PWR 0 1994.0 104.50 104.30 104.40 0.10 90.60 103.60 102.90 101.00 102.80 103.20 104.30 100.20
ZA KOEBERG-1 -33.677 18.433 PWR 0 2775.0 78.60 0.00 0.00 45.00 83.90 24.40 97.30 99.50 99.20 99.10 99.30 98.80
ZA KOEBERG-2 -33.677 18.434 PWR 0 2775.0 99.30 99.60 99.70 92.60 99.40 90.00 97.20 75.00 0.00 0.00 86.40 90.90
ES ALMARAZ-1 39.807 -5.698 PWR 0 2947.0 101.20 101.00 100.60 100.50 100.60 99.20 97.70 97.50 97.80 98.40 4.60 0.00
ES ALMARAZ-2 39.807 -5.697 PWR 0 2729.0 100.10 100.20 99.90 61.20 0.00 55.20 96.00 96.90 97.60 96.00 82.40 98.90
ES ASCO-1 41.202 0.571 PWR 0 2941.0 99.00 99.50 99.30 99.00 68.80 0.00 11.20 95.70 96.20 49.50 42.10 0.00
ES ASCO-2 41.202 0.572 PWR 0 2941.0 98.00 78.50 98.60 98.60 93.00 97.90 97.30 94.90 95.40 42.30 80.60 98.70
ES COFRENTES 39.216 -1.051 BWR 0 3237.0 97.60 99.40 98.40 99.50 91.90 97.40 92.00 86.40 13.00 23.20 99.50 100.00
ES SANTAMARIADEGARONA 42.775 -3.205 BWR 0 1381.0 99.00 88.70 0.00 71.30 95.10 99.40 98.60 98.90 99.10 99.00 100.10 100.10
ES TRILLO-1 40.699 -2.622 PWR 0 3010.0 98.90 33.60 0.00 76.90 99.20 98.90 98.50 98.60 96.60 93.10 92.40 92.60
ES VANDELLOS-2 40.949 0.867 PWR 0 2941.0 92.30 92.40 37.60 0.00 0.00 0.00 4.70 96.00 74.80 88.50 98.90 93.70
SE FORSMARK-1 60.405 18.168 BWR 0 2928.0 94.40 95.40 76.10 95.80 96.50 85.30 30.90 96.70 90.60 96.40 100.60 100.80
SE FORSMARK-2 60.405 18.170 BWR 0 2928.0 97.70 95.60 95.20 52.70 99.00 96.40 95.60 96.70 34.20 0.00 0.00 3.10
SE FORSMARK-3 60.407 18.155 BWR 0 3300.0 97.20 100.50 100.80 100.10 99.70 98.00 93.70 0.00 41.80 100.20 100.60 100.90
SE OSKARSHAMN-1 57.415 16.666 BWR 0 1375.0 86.70 43.00 83.20 98.30 97.90 95.90 73.20 68.60 60.30 2.70 10.60 96.90
SE OSKARSHAMN-2 57.415 16.667 BWR 0 1800.0 99.40 99.40 97.30 97.80 97.00 94.50 87.70 1.60 9.80 85.10 68.90 67.10
SE OSKARSHAMN-3 57.416 16.671 BWR 0 3900.0 93.70 96.60 0.00 0.00 0.00 0.00 0.00 0.00 0.00 0.00 0.00 15.60
SE RINGHALS-1 57.259 12.111 BWR 0 2540.0 70.50 100.60 45.10 0.00 0.00 0.00 0.00 0.00 0.00 0.00 0.00 0.00
SE RINGHALS-2 57.259 12.112 PWR 0 2660.0 99.50 99.60 99.50 98.90 76.00 0.00 0.00 0.00 0.00 0.00 0.00 0.00
SE RINGHALS-3 57.259 12.113 PWR 0 3135.0 100.40 100.10 100.20 98.90 96.30 89.90 94.50 64.40 55.90 98.30 99.60 81.70
SE RINGHALS-4 57.259 12.114 PWR 0 2775.0 100.70 100.70 100.60 94.90 18.90 96.60 93.80 94.50 95.80 98.00 99.70 100.30
CH BEZNAU-1 47.552 8.229 PWR 1 1130.0 100.80 99.60 100.70 100.40 99.30 73.80 79.70 97.40 98.60 99.70 100.50 100.70
CH BEZNAU-2 47.552 8.230 PWR 1 1130.0 100.40 100.40 100.50 100.20 99.40 98.60 95.30 -0.50 47.50 98.40 96.00 100.40
CH GOESGEN 47.366 7.969 PWR 1 3002.0 102.80 102.20 101.80 100.90 98.50 27.60 99.80 99.60 100.40 101.40 101.80 102.30
CH LEIBSTADT 47.601 8.183 BWR 0 3600.0 100.90 100.80 100.20 99.20 97.80 97.10 93.40 19.80 95.40 99.70 100.20 100.80
CH MUEHLEBERG 46.969 7.266 BWR 0 1097.0 101.60 101.60 101.10 101.10 100.50 99.20 98.80 25.90 67.40 100.20 98.70 100.70
GB DUNGENESSB-1 50.913 0.962 GCR 0 1500.0 39.60 91.20 18.50 60.10 101.80 101.20 22.10 0.00 0.00 0.00 0.00 0.00
GB DUNGENESSB-2 50.912 0.962 GCR 0 1500.0 0.40 39.30 75.00 100.80 65.90 72.40 79.30 20.60 41.40 56.80 77.90 0.00
GB HARTLEPOOLA-1 54.634 -1.180 GCR 0 1500.0 0.00 99.20 100.80 101.00 44.50 100.90 100.20 99.00 47.90 21.50 97.00 100.10
GB HARTLEPOOLA-2 54.634 -1.180 GCR 0 1500.0 0.00 16.70 96.10 73.20 79.10 96.90 54.60 78.00 96.80 69.60 0.00 0.20
GB HEYSHAMA-1 54.029 -2.912 GCR 0 1500.0 0.00 63.30 99.80 75.60 36.80 50.30 97.90 98.20 97.90 99.50 84.30 11.70
GB HEYSHAMA-2 54.028 -2.912 GCR 0 1500.0 0.00 0.00 32.90 84.20 78.40 84.20 80.60 79.10 18.40 70.80 74.80 74.90
GB HEYSHAMB-1 54.028 -2.912 GCR 0 1550.0 98.50 96.10 74.90 92.60 57.30 98.50 98.50 83.00 96.00 75.50 85.70 96.70
GB HEYSHAMB-2 54.027 -2.912 GCR 0 1550.0 34.30 71.90 86.80 90.20 83.80 9.50 52.70 98.80 86.10 90.80 86.00 94.60
GB HINKLEYPOINTB-1 51.208 -3.131 GCR 0 1494.0 84.00 90.80 100.10 93.50 59.60 0.00 0.00 0.20 97.40 102.00 0.00 20.60
GB HINKLEYPOINTB-2 51.208 -3.131 GCR 0 1494.0 25.80 106.70 98.20 100.40 78.00 101.20 100.90 48.40 94.80 17.70 101.10 103.00
GB HUNTERSTONB-1 55.721 -4.893 GCR 0 1496.0 101.20 100.70 106.60 81.20 98.70 91.00 99.80 91.90 56.60 0.00 0.00 87.30
GB HUNTERSTONB-2 55.721 -4.893 GCR 0 1496.0 96.60 106.40 105.20 39.30 40.30 100.10 90.60 99.30 73.20 97.50 92.20 99.00
GB OLDBURYA-1 51.649 -2.567 GCR 0 730.0 0.00 0.00 39.30 80.10 81.20 79.40 87.70 87.00 50.60 0.00 0.00 23.20
GB OLDBURYA-2 51.649 -2.567 GCR 0 660.0 96.70 41.10 0.00 0.00 26.10 82.60 91.30 90.60 90.30 91.60 92.60 93.30
GB SIZEWELLB 52.215 1.623 PWR 0 3425.0 93.80 98.10 99.80 100.40 100.20 99.90 99.50 99.20 42.90 16.00 99.10 100.80
GB TORNESS-1 55.966 -2.399 GCR 0 1623.0 89.00 95.70 86.10 98.90 97.30 91.20 91.20 98.20 96.90 91.80 96.70 93.90
GB TORNESS-2 55.966 -2.399 GCR 0 1623.0 79.30 99.00 94.40 8.50 1.20 91.20 91.80 99.20 91.30 98.80 88.60 93.10
GB WYLFA-1 53.416 -4.480 GCR 0 1920.0 91.70 96.90 75.70 92.10 0.00 0.00 0.00 0.00 44.10 83.60 82.70 92.40
GB WYLFA-2 53.415 -4.480 GCR 0 1920.0 81.30 85.90 82.00 84.40 54.80 81.20 70.50 70.40 67.80 75.60 74.80 83.60
UA KHMELNITSKI-1 50.301 26.649 PWR 0 3000.0 98.50 94.10 85.40 101.40 100.80 93.90 46.10 0.00 0.00 97.30 101.90 102.10
UA KHMELNITSKI-2 50.301 26.647 PWR 0 3000.0 101.00 102.00 50.70 0.00 0.00 0.00 84.20 100.30 99.70 101.70 101.00 102.20
UA ROVNO-1 51.326 25.900 PWR 0 1375.0 0.00 0.00 0.00 0.00 0.00 0.00 0.00 0.00 0.00 0.00 0.00 39.90
UA ROVNO-2 51.326 25.901 PWR 0 1375.0 0.00 53.20 71.00 56.00 63.70 97.60 96.80 96.80 100.60 78.10 105.20 104.70
UA ROVNO-3 51.326 25.902 PWR 0 3000.0 95.40 89.10 83.30 62.90 46.00 0.00 0.00 0.00 0.00 0.00 0.00 77.50
UA ROVNO-4 51.326 25.903 PWR 0 3000.0 77.20 73.50 70.50 66.90 75.40 75.80 76.20 75.60 74.00 58.30 48.30 8.30
UA SOUTHUKRAINE-1 47.811 31.220 PWR 0 3000.0 83.30 90.40 81.70 43.60 51.40 71.20 38.00 0.00 13.10 57.60 19.50 0.00
UA SOUTHUKRAINE-2 47.811 31.220 PWR 0 3000.0 79.90 94.10 99.80 95.00 69.90 0.00 9.80 94.50 96.70 96.90 95.30 92.40
UA SOUTHUKRAINE-3 47.812 31.224 PWR 0 3000.0 29.20 0.00 11.70 73.10 80.50 94.30 90.90 83.90 72.40 82.50 75.50 72.10
UA ZAPOROZHYE-1 47.508 34.627 PWR 0 3000.0 69.20 100.40 97.90 82.50 0.00 44.30 96.20 96.30 97.20 71.30 100.50 96.00
UA ZAPOROZHYE-2 47.508 34.627 PWR 0 3000.0 82.00 80.10 77.30 94.40 79.80 43.30 0.00 33.40 98.90 96.60 100.90 98.80
UA ZAPOROZHYE-3 47.507 34.627 PWR 0 3000.0 89.90 77.50 73.80 90.80 93.40 90.80 93.60 94.20 87.40 69.30 61.10 16.60
UA ZAPOROZHYE-4 47.507 34.627 PWR 0 3000.0 0.00 20.60 78.90 38.00 94.70 97.30 97.10 96.50 98.00 89.10 67.70 99.80
UA ZAPOROZHYE-5 47.506 34.627 PWR 0 3000.0 100.30 98.90 88.10 101.20 86.40 97.60 96.10 46.40 0.00 51.20 100.20 100.90
UA ZAPOROZHYE-6 47.506 34.627 PWR 0 3000.0 103.00 103.10 78.50 0.00 18.20 100.60 100.00 100.50 101.40 99.50 98.00 102.10
US ANO-1 35.310 -93.230 PWR 0 2568.0 102.20 74.80 100.40 99.40 101.80 100.20 100.00 100.20 100.90 101.70 102.10 102.10
US ANO-2 35.310 -93.229 PWR 0 3026.0 89.00 95.20 85.80 101.00 100.70 99.80 99.90 99.70 15.40 101.00 101.30 91.30
US BEAVERVALLEY-1 40.624 -80.432 PWR 0 2689.0 102.90 102.70 102.60 60.30 29.10 101.40 101.20 99.90 101.60 102.40 102.40 102.80
US BEAVERVALLEY-2 40.624 -80.431 PWR 0 2689.0 59.60 105.60 107.30 106.80 106.10 56.40 105.50 104.70 105.90 35.10 5.10 105.20
US BRAIDWOOD-1 41.247 -88.230 PWR 0 3587.0 102.40 102.50 94.90 32.40 101.20 100.50 100.50 100.40 100.30 102.20 102.10 102.40
US BRAIDWOOD-2 41.247 -88.229 PWR 0 3587.0 102.20 102.10 102.00 95.40 101.00 100.00 96.60 84.50 100.40 34.50 98.50 102.40
US BROWNSFERRY-1 34.704 -87.119 BWR 0 3458.0 103.80 59.20 51.80 103.30 101.90 99.40 99.30 98.90 100.30 102.70 103.20 100.40
US BROWNSFERRY-2 34.703 -87.119 BWR 0 3458.0 102.30 79.30 102.40 81.20 0.00 17.00 97.50 99.10 97.00 87.20 103.20 102.80
US BROWNSFERRY-3 34.703 -87.119 BWR 0 3458.0 101.50 102.70 102.00 98.40 101.10 96.60 98.00 83.10 71.40 80.30 101.70 102.10
US BRUNSWICK-1 33.958 -78.007 BWR 0 2923.0 103.10 100.10 101.00 102.40 100.90 100.60 100.00 97.30 65.90 96.50 101.70 101.80
US BRUNSWICK-2 33.957 -78.007 BWR 0 2923.0 101.70 97.70 0.00 1.30 89.60 92.30 101.30 100.30 67.90 96.90 102.00 103.10
US BYRON-1 42.074 -89.277 PWR 0 3587.0 102.30 100.40 102.70 102.10 101.30 100.30 100.30 100.50 42.40 73.30 102.40 102.60
US BYRON-2 42.074 -89.276 PWR 0 3587.0 102.70 102.50 102.10 101.50 101.70 100.50 100.90 100.80 101.00 101.70 101.50 102.20
US CALLAWAY-1 38.763 -91.781 PWR 0 3565.0 104.90 67.00 93.50 92.90 102.80 97.60 101.50 101.60 102.50 103.80 103.90 104.70
US CALVERTCLIFFS-1 38.435 -76.439 PWR 0 2700.0 101.10 101.60 101.40 101.20 100.30 98.50 82.50 96.50 98.00 99.20 100.40 101.10
US CALVERTCLIFFS-2 38.434 -76.439 PWR 0 2700.0 100.90 77.60 44.20 100.60 99.80 97.90 97.10 96.50 98.30 99.60 100.90 101.70
US CATAWBA-1 35.053 -81.071 PWR 0 3411.0 103.70 103.40 102.90 102.50 102.10 101.40 101.60 101.20 101.70 102.00 18.30 51.50
US CATAWBA-2 35.053 -81.070 PWR 0 3411.0 103.80 103.20 18.50 36.40 102.70 102.20 102.00 101.80 102.30 102.70 102.90 103.30
US CLINTON-1 40.172 -88.834 BWR 0 3473.0 103.10 102.40 103.00 103.10 98.70 102.30 102.30 102.10 95.00 54.40 102.60 99.30
US COLUMBIA 46.471 -119.333 BWR 0 3486.0 95.70 78.10 97.80 87.20 19.90 2.40 82.70 12.60 67.20 85.70 75.20 99.20
US COMANCHEPEAK-1 32.301 -97.787 PWR 0 3458.0 101.70 101.70 101.60 101.50 95.00 100.60 100.00 100.10 100.60 101.10 100.40 101.50
US COMANCHEPEAK-2 32.301 -97.786 PWR 0 3458.0 101.50 101.60 101.50 101.40 94.80 100.40 99.80 100.00 100.40 19.80 98.70 105.60
US COOPER 40.361 -95.643 BWR 0 2381.0 102.70 97.70 76.20 102.70 102.00 101.50 100.80 100.00 78.70 0.00 57.30 103.10
US CRYSTALRIVER-3 28.966 -82.697 PWR 0 2568.0 91.30 93.40 101.60 100.70 100.70 99.80 99.90 89.70 83.30 0.00 0.00 0.00
US DAVISBESSE-1 41.597 -83.092 PWR 0 2772.0 104.70 104.60 104.30 41.80 104.00 103.20 103.30 103.20 103.40 104.30 104.10 104.40
US DIABLOCANYON-1 35.212 -120.854 PWR 0 3338.0 78.50 0.00 14.70 101.60 101.50 101.30 101.20 99.10 102.40 98.10 100.60 100.70
US DIABLOCANYON-2 35.212 -120.853 PWR 0 3411.0 100.20 100.10 99.70 101.10 92.20 99.80 91.80 61.20 63.30 8.40 62.30 101.90
US COOK-1 41.975 -86.564 PWR 0 3304.0 0.00 0.00 0.00 0.00 0.00 0.00 0.00 0.00 0.00 0.00 0.00 35.10
US COOK-2 41.975 -86.563 PWR 0 3468.0 103.80 104.50 78.20 0.00 80.60 103.70 83.70 73.60 101.00 103.60 104.60 105.00
US DRESDEN-2 41.386 -88.268 BWR 0 2527.0 100.30 100.30 99.40 100.20 99.40 100.10 100.10 100.00 99.80 98.90 2.70 88.50
US DRESDEN-3 41.385 -88.268 BWR 0 2527.0 100.80 99.00 99.80 89.90 99.40 99.60 99.80 99.40 99.30 87.40 89.90 99.30
US DUANEARNOLD-1 42.101 -91.776 BWR 0 1912.0 91.50 1.40 83.90 95.90 105.10 104.00 105.00 104.70 103.30 93.00 106.40 105.10
US FERMI-2 41.963 -83.257 BWR 0 3430.0 99.70 98.00 82.00 0.00 94.70 86.90 96.80 96.40 93.30 0.00 59.60 99.40
US FARLEY-1 31.223 -85.115 PWR 0 2775.0 101.60 101.70 100.30 2.90 71.80 98.50 100.00 100.00 100.10 100.40 100.70 101.40
US FARLEY-2 31.223 -85.114 PWR 0 2775.0 102.20 102.20 69.90 95.30 100.40 98.10 100.10 100.10 99.60 100.60 87.30 101.10
US FITZPATRICK 43.521 -76.403 BWR 0 2536.0 98.10 99.60 100.40 96.30 100.00 99.70 98.90 97.80 98.30 99.90 100.10 97.80
US FORTCALHOUN-1 41.520 -96.076 PWR 0 1500.0 105.50 104.50 103.70 102.30 104.30 102.10 100.90 100.80 102.20 103.50 0.00 22.90
US GRANDGULF-1 32.007 -91.045 BWR 0 3833.0 101.10 101.60 100.20 99.70 99.80 99.00 98.80 98.90 98.40 99.90 100.50 99.00
US ROBINSON-2 34.402 -80.158 PWR 0 2339.0 107.60 107.60 107.40 98.60 105.10 103.00 102.90 102.70 103.80 104.70 98.40 107.00
US HATCH-1 31.935 -82.346 BWR 0 2804.0 100.70 101.90 101.70 100.30 31.50 99.80 99.00 99.70 100.00 90.00 101.40 100.00
US HATCH-2 31.934 -82.346 BWR 0 2804.0 100.50 25.70 0.00 0.00 11.60 82.50 93.50 99.00 100.30 101.10 89.70 101.70
US HOPECREEK-1 39.467 -75.535 BWR 0 3339.0 99.00 105.80 105.60 31.50 78.70 103.20 102.60 101.70 102.10 103.20 105.00 105.80
US INDIANPOINT-2 41.269 -73.950 PWR 0 3216.0 101.00 101.00 101.00 95.80 100.40 99.60 98.60 98.00 98.60 100.10 86.80 100.30
US INDIANPOINT-3 41.269 -73.950 PWR 0 3216.0 100.60 100.70 32.10 47.60 86.50 57.10 100.30 87.40 100.40 100.70 100.80 100.70
US KEWAUNEE 44.470 -87.498 PWR 0 1772.0 101.90 102.30 102.10 88.90 101.90 101.60 101.10 100.90 82.00 25.50 102.50 103.00
US LASALLE-1 41.246 -88.672 BWR 0 3489.0 103.40 103.40 102.50 103.00 86.00 98.70 84.80 100.40 99.80 102.60 101.80 103.00
US LASALLE-2 41.246 -88.672 BWR 0 3489.0 59.20 63.90 102.50 102.90 101.30 101.00 100.90 85.50 100.20 89.60 102.80 102.70
US LIMERICK-1 40.225 -75.584 BWR 0 3458.0 103.50 103.30 102.40 101.70 100.40 100.10 99.70 98.90 98.00 101.70 102.10 103.00
US LIMERICK-2 40.225 -75.584 BWR 0 3458.0 102.10 98.10 63.70 55.70 100.50 100.00 99.50 99.00 99.20 101.50 102.10 103.10
US MCGUIRE-1 35.433 -80.946 PWR 0 3411.0 105.40 105.00 105.20 105.10 104.20 103.10 102.00 101.30 101.80 103.40 104.20 104.70
US MCGUIRE-2 35.433 -80.946 PWR 0 3411.0 105.60 105.60 105.60 105.20 104.60 103.80 102.70 99.50 12.20 66.60 105.30 105.50
US MILLSTONE-2 41.312 -72.166 PWR 0 2700.0 99.40 99.40 99.40 99.30 99.30 99.10 26.90 98.60 98.80 18.10 38.50 100.00
US MILLSTONE-3 41.311 -72.166 PWR 0 3411.0 108.80 108.80 108.10 108.90 108.60 108.40 107.80 106.80 107.30 108.30 108.20 66.10
US MONTICELLO 45.334 -93.850 BWR 0 1775.0 94.20 101.50 39.60 0.00 58.20 100.30 99.10 98.90 99.70 98.90 101.50 101.50
US NINEMILEPOINT-1 43.522 -76.412 BWR 0 1850.0 100.60 99.20 61.00 58.30 100.70 100.30 98.00 96.40 98.30 88.00 100.20 100.50
US NINEMILEPOINT-2 43.521 -76.413 BWR 0 3467.0 100.20 98.50 100.00 100.10 99.40 98.10 98.10 98.00 98.50 99.70 99.50 100.10
US NORTHANNA-1 38.061 -77.792 PWR 0 2893.0 101.50 101.50 22.70 94.80 101.60 101.00 100.50 100.20 100.90 81.60 101.70 101.50
US NORTHANNA-2 38.061 -77.792 PWR 0 2893.0 101.30 101.40 101.50 101.30 98.90 100.60 100.30 100.10 100.60 101.00 101.20 90.60
US OCONEE-1 34.796 -82.894 PWR 0 2568.0 102.40 102.40 102.30 102.10 101.80 101.30 100.50 99.50 91.90 28.70 0.00 90.20
US OCONEE-2 34.796 -82.894 PWR 0 2568.0 104.00 104.20 104.00 103.80 103.20 103.00 102.00 100.90 100.60 101.80 101.60 102.70
US OCONEE-3 34.795 -82.894 PWR 0 2568.0 103.60 103.60 103.50 82.50 20.90 102.70 102.30 101.30 101.40 102.40 103.10 103.40
US OYSTERCREEK 39.815 -74.208 BWR 0 1930.0 103.70 46.50 102.80 85.00 89.00 100.80 77.30 92.50 101.30 101.80 103.00 103.20
US PALISADES 42.323 -86.316 PWR 0 2565.0 104.20 87.40 70.70 0.00 96.10 102.30 101.20 100.90 101.60 103.00 103.60 104.40
US PALOVERDE-1 33.387 -112.863 PWR 0 3990.0 102.40 102.30 92.80 102.00 101.50 101.50 100.60 100.90 101.10 101.80 102.20 102.30
US PALOVERDE-2 33.387 -112.863 PWR 0 3990.0 101.60 102.20 102.10 101.80 101.40 101.30 100.40 100.60 100.80 5.80 0.00 75.70
US PALOVERDE-3 33.386 -112.863 PWR 0 3990.0 101.00 100.70 100.70 9.50 5.70 100.40 99.60 99.90 100.00 100.70 100.80 76.80
US PEACHBOTTOM-2 39.759 -76.270 BWR 0 3514.0 102.90 101.20 103.30 101.20 102.90 102.20 101.60 101.10 100.50 102.70 103.10 102.00
US PEACHBOTTOM-3 39.758 -76.270 BWR 0 3514.0 75.50 102.40 97.60 102.00 98.90 100.00 99.10 93.60 36.30 57.00 103.00 103.10
US PERRY-1 41.801 -81.147 BWR 0 3758.0 102.00 78.60 0.00 0.00 42.40 75.50 98.00 100.20 100.90 47.50 90.50 73.40
US PILGRIM-1 41.945 -70.578 BWR 0 2028.0 100.20 98.30 99.90 53.40 36.40 99.10 98.10 98.20 99.00 98.90 99.70 100.00
US POINTBEACH-1 44.282 -87.534 PWR 0 1540.0 100.50 100.90 101.10 101.10 87.70 100.40 99.90 100.00 97.40 99.30 89.10 100.60
US POINTBEACH-2 44.281 -87.534 PWR 0 1540.0 99.50 99.50 99.70 99.80 94.80 99.00 98.60 98.70 96.00 43.40 0.00 75.40
US PRAIRIEISLAND-1 44.622 -92.631 PWR 0 1650.0 98.40 97.70 98.40 96.00 73.30 93.70 95.00 94.70 32.20 0.00 17.30 98.80
US PRAIRIEISLAND-2 44.622 -92.631 PWR 0 1650.0 99.60 99.60 99.40 97.40 93.70 95.30 96.20 95.30 96.40 99.10 98.90 99.00
US QUADCITIES-1 41.727 -90.308 BWR 0 2957.0 74.90 99.90 74.40 64.00 0.10 98.90 101.70 101.50 88.90 77.20 102.60 102.90
US QUADCITIES-2 41.726 -90.308 BWR 0 2511.0 75.50 100.00 75.00 70.90 77.20 102.20 102.40 102.30 102.20 77.70 103.70 103.80
US GINNA 43.279 -77.311 PWR 0 1775.0 100.10 100.10 100.10 99.10 78.10 99.50 98.00 96.70 41.80 87.00 99.00 94.30
US RIVERBEND-1 30.727 -91.372 BWR 0 3091.0 101.60 100.60 100.80 100.80 99.70 98.90 99.40 98.30 60.00 37.20 99.80 100.90
US SALEM-1 39.463 -75.534 PWR 0 3459.0 101.50 101.30 92.00 100.70 99.30 98.80 98.80 98.10 98.90 100.90 101.20 101.30
US SALEM-2 39.463 -75.534 PWR 0 3459.0 102.90 102.40 102.20 102.00 100.60 100.50 100.20 99.70 100.40 40.70 62.20 102.30
US SANONOFRE-2 33.367 -117.556 PWR 0 3438.0 0.00 33.40 103.10 104.30 103.30 104.40 101.50 104.10 75.70 0.00 0.00 0.00
US SANONOFRE-3 33.367 -117.556 PWR 0 3438.0 104.80 104.60 104.70 104.50 102.80 104.60 103.60 104.30 103.20 103.80 104.10 102.20
US SEABROOK-1 42.897 -70.849 PWR 0 3587.0 99.90 100.00 100.00 100.00 100.00 100.00 100.00 100.00 99.60 0.00 37.90 35.20
US SEQUOYAH-1 35.228 -85.094 PWR 0 3411.0 102.70 102.70 83.00 0.00 82.90 98.40 98.00 98.50 99.20 99.80 102.30 101.40
US SEQUOYAH-2 35.227 -85.094 PWR 0 3411.0 103.00 102.80 88.50 101.30 88.70 98.80 98.00 98.50 99.40 81.00 7.90 101.70
US HARRIS-1 35.635 -78.955 PWR 0 2900.0 103.60 103.30 102.90 52.80 65.90 101.70 101.60 101.30 101.50 103.00 84.90 104.10
US SOUTHTEXAS-1 28.797 -96.044 PWR 0 3853.0 106.30 105.90 105.40 105.10 103.90 102.90 102.20 102.30 100.20 0.00 36.90 105.90
US SOUTHTEXAS-2 28.796 -96.044 PWR 0 3853.0 106.40 105.30 105.00 104.70 103.60 102.60 102.10 102.00 61.70 103.70 105.50 106.50
US ST.LUCIE-1 27.348 -80.244 PWR 0 2700.0 102.80 103.00 102.80 102.60 102.80 102.10 101.50 101.60 83.90 97.90 99.90 102.20
US ST.LUCIE-2 27.348 -80.244 PWR 0 2700.0 102.90 103.20 98.90 75.30 0.00 50.90 45.70 99.60 83.20 101.60 102.20 103.00
US SURRY-1 37.166 -76.700 PWR 0 2546.0 101.40 101.40 101.50 60.50 62.20 100.60 100.30 99.90 100.40 100.90 100.90 101.10
US SURRY-2 37.166 -76.700 PWR 0 2546.0 101.80 101.70 101.90 101.70 101.20 100.80 100.50 99.90 100.80 92.30 0.00 95.90
US SUSQUEHANNA-1 41.093 -76.143 PWR 0 3489.0 102.60 103.30 102.70 100.70 98.70 99.90 99.70 99.10 99.70 101.30 102.30 101.20
US SUSQUEHANNA-2 41.092 -76.143 BWR 0 3489.0 102.30 101.80 97.10 17.70 37.40 102.10 103.50 102.80 102.80 105.00 105.30 105.00
US THREEMILEISLAND-1 40.154 -76.727 BWR 0 2568.0 108.20 108.20 107.50 106.30 105.00 104.80 104.50 103.90 104.90 75.10 0.00 0.00
US TURKEYPOINT-3 25.435 -80.330 PWR 0 2300.0 104.90 104.60 48.20 0.00 64.90 101.50 100.80 100.90 101.60 102.20 104.20 104.30
US TURKEYPOINT-4 25.435 -80.329 PWR 0 2300.0 105.30 100.90 104.00 102.70 92.00 101.00 100.10 99.90 100.70 79.50 0.00 87.80
US VERMONTYANKEE 42.779 -72.514 PWR 0 1912.0 97.40 100.70 101.40 101.30 99.00 92.80 98.30 96.40 98.40 100.60 97.00 101.20
US SUMMER-1 34.299 -81.314 BWR 0 2900.0 101.40 101.50 101.70 101.60 101.30 100.60 100.20 99.90 100.60 9.80 0.00 57.20
US VOGTLE-1 33.143 -81.760 PWR 0 3565.0 103.30 103.20 103.00 102.50 101.70 101.00 101.10 100.90 61.80 22.40 103.10 85.50
US VOGTLE-2 33.142 -81.760 PWR 0 3565.0 103.60 103.50 100.40 102.80 101.90 100.90 101.00 100.80 98.10 102.20 99.60 92.50
US WATERFORD-3 29.994 -90.471 PWR 0 3716.0 100.90 100.90 100.40 100.20 99.30 99.80 99.40 99.30 99.70 58.50 0.00 84.90
US WATTSBAR-1 35.601 -84.789 PWR 0 3459.0 105.10 104.90 99.70 104.00 102.60 100.90 100.80 100.30 66.20 32.60 102.80 104.40
US WOLFCREEK 38.239 -95.691 PWR 0 3565.0 102.60 102.30 101.20 94.10 95.00 101.00 100.70 81.20 101.60 28.10 25.50 103.00
