AM ARMENIAN-2 40.181 44.147 PWR 0 1375 96.92 96.23 93.39 71.76 50.24 0.00 0.00 0.00 39.25 96.40 99.94 99.22
AR ATUCHA-1 -33.967 -59.209 PHWR 0 1179 79.23 95.87 97.30 71.66 95.87 79.88 98.74 98.73 94.80 11.20 43.55 97.58
AR ATUCHA-2 -33.968 -59.205 PHWR 0 2160 0.00 5.63 18.65 25.08 30.51 30.69 18.55 31.34 41.59 44.96 48.81 48.55
AR EMBALSE -32.232 -64.442 PHWR 0 2064 0.00 13.53 40.91 77.56 96.58 89.88 86.46 100.45 99.21 99.98 93.89 51.48
BE DOEL-1 51.323 4.259 PWR 0 1311 0.00 0.00 60.75 102.13 101.61 99.95 97.84 98.34 97.58 11.69 0.00 0.00
BE DOEL-2 51.323 4.259 PWR 0 1311 0.00 77.65 101.16 101.06 100.66 99.49 98.53 97.52 87.50 0.00 0.00 0.00
BE DOEL-3 51.325 4.257 PWR 1 3054 101.91 80.72 100.38 100.83 101.30 22.47 18.01 98.19 99.49 101.11 101.69 102.15
BE DOEL-4 51.325 4.257 PWR 0 2988 90.81 99.56 99.00 98.39 98.71 97.84 94.76 84.39 91.25 98.91 99.62 99.35
BE TIHANGE-1 50.533 5.271 PWR 0 2873 101.95 101.58 101.22 100.39 99.98 97.63 96.68 96.57 97.37 98.56 100.64 92.37
BE TIHANGE-2 50.533 5.271 PWR 1 3064 0.00 0.00 0.00 0.00 0.00 0.00 84.43 97.11 98.08 16.94 44.53 100.40
BE TIHANGE-3 50.532 5.271 PWR 0 3000 93.72 99.75 99.93 100.13 99.57 96.81 96.67 96.50 97.85 99.15 100.31 100.31
BG KOZLODUY-5 43.747 23.770 PWR 0 3000 103.50 103.56 103.77 101.69 0.16 72.41 100.99 104.41 105.40 106.71 99.94 103.60
BG KOZLODUY-6 43.746 23.771 PWR 0 3120 101.30 102.60 102.63 102.13 102.07 100.84 97.99 97.74 66.24 22.67 100.26 103.36
BR ANGRA-1 -23.008 -44.457 PWR 0 1882 99.37 99.71 86.28 99.98 100.15 95.59 100.74 100.83 100.77 94.95 100.44 99.92
BR ANGRA-2 -23.007 -44.458 PWR 0 3764 93.54 99.62 86.38 61.90 29.04 101.08 100.21 101.25 101.08 99.44 100.75 99.53
CA BRUCE-1 44.341 -81.572 PHWR 0 2620 102.74 102.83 102.84 102.32 98.30 93.19 102.07 101.15 102.32 98.68 102.31 102.61
CA BRUCE-2 44.341 -81.572 PHWR 0 2620 103.40 103.58 103.53 102.07 83.39 95.16 90.32 102.86 101.13 88.11 0.00 66.01
CA BRUCE-3 44.341 -81.572 PHWR 0 2550 0.00 0.00 0.00 0.00 47.97 86.92 105.24 103.19 103.98 104.12 105.88 107.44
CA BRUCE-4 44.342 -81.572 PHWR 0 2550 98.37 97.77 75.29 53.87 93.04 77.28 102.67 102.24 101.92 103.84 104.64 105.34
CA BRUCE-5 44.320 -81.588 PHWR 0 2832 99.98 100.10 99.97 89.09 96.44 82.05 97.23 49.82 0.00 0.00 7.97 93.30
CA BRUCE-6 44.319 -81.588 PHWR 0 2690 95.00 99.14 99.14 98.15 22.15 90.76 96.27 97.62 98.27 98.06 97.95 98.56
CA BRUCE-7 44.319 -81.588 PHWR 0 2832 100.53 27.78 0.00 0.00 0.00 83.99 99.34 98.14 98.89 100.13 100.64 100.15
CA BRUCE-8 44.318 -81.588 PHWR 0 2690 100.88 100.81 100.73 98.74 97.31 91.75 98.13 98.74 99.52 99.00 100.85 100.99
CA DARLINGTON-1 43.867 -78.724 PHWR 0 2776 99.37 100.43 100.27 99.71 100.04 99.78 98.88 97.13 96.94 98.30 98.95 99.07
CA DARLINGTON-2 43.867 -78.724 PHWR 0 2776 0.00 0.00 0.00 0.00 0.00 0.00 0.00 0.00 0.00 0.00 0.00 0.00
CA DARLINGTON-3 43.866 -78.724 PHWR 0 2776 98.58 99.68 98.68 99.76 99.62 99.81 36.49 89.31 97.83 99.43 76.87 101.32
CA DARLINGTON-4 43.866 -78.724 PHWR 0 2776 50.84 0.00 0.00 63.50 101.17 101.26 98.55 92.17 98.57 100.08 100.40 35.46
CA PICKERING-1 43.812 -79.070 PHWR 0 1744 97.50 95.48 94.85 99.65 72.81 98.79 98.52 96.92 95.57 97.44 97.53 98.96
CA PICKERING-4 43.811 -79.067 PHWR 0 1744 99.09 98.88 98.80 99.51 98.66 96.60 95.56 97.52 96.76 97.97 98.51 98.27
CA PICKERING-5 43.811 -79.065 PHWR 0 1744 97.52 98.93 98.22 98.22 98.54 98.06 97.30 96.77 7.21 0.00 0.00 1.29
CA PICKERING-6 43.811 -79.064 PHWR 0 1744 99.94 100.94 100.92 82.04 100.89 100.59 99.41 99.05 99.13 99.84 100.70 100.73
CA PICKERING-7 43.810 -79.063 PHWR 0 1744 98.97 12.58 0.00 0.00 8.13 101.61 100.81 100.39 100.60 100.89 100.69 102.32
CA PICKERING-8 43.810 -79.062 PHWR 0 1744 89.71 99.39 72.47 100.73 99.98 100.45 99.94 98.47 98.84 99.31 99.04 100.79
CA POINTLEPREAU 45.068 -66.455 PHWR 0 2180 99.97 99.25 99.58 15.32 52.98 100.47 73.78 99.70 99.56 99.81 100.30 100.51
CH BEZNAU-1 47.552 8.229 PWR 1 1130 101.52 101.49 101.43 101.10 7.22 68.14 93.63 96.27 99.23 100.32 101.20 101.47
CH BEZNAU-2 47.552 8.230 PWR 1 1130 100.86 100.88 100.83 100.59 100.53 99.14 94.22 30.14 32.89 100.05 100.67 100.84
CH GOESGEN 47.366 7.969 PWR 1 3002 99.75 91.08 99.22 99.04 97.65 25.39 79.18 63.60 97.86 98.33 99.15 99.39
CH LEIBSTADT 47.601 8.183 BWR 0 3600 89.12 89.05 89.65 85.27 81.50 3.32 74.87 94.83 96.50 97.66 98.92 88.72
CH MUEHLEBERG 46.969 7.266 BWR 0 1097 99.05 99.94 99.90 99.60 99.93 99.56 97.67 99.92 99.64 99.93 98.42 85.23
CN CHANGJIANG-1 19.461 108.900 PWR 0 1930 73.61 0.00 64.57 72.07 90.37 97.82 91.13 97.92 98.66 98.69 100.45 99.96
CN CHANGJIANG-2 19.461 108.900 PWR 0 1930 67.61 84.29 84.02 84.39 88.92 96.46 92.73 96.67 95.20 97.36 99.32 71.42
CN DAYABAY-1 22.599 114.544 PWR 0 2905 102.06 100.03 102.08 101.06 101.07 100.93 100.76 100.75 100.27 38.91 78.62 101.97
CN DAYABAY-2 22.599 114.544 PWR 0 2905 101.97 100.10 101.94 20.37 88.63 100.15 100.60 100.64 99.98 100.07 100.51 102.00
CN FANGCHENGGANG-1 21.669 108.560 PWR 0 2905 97.86 82.28 100.40 96.03 95.95 100.06 96.80 97.80 100.56 99.50 97.75 103.58
CN FANGCHENGGANG-2 21.669 108.560 PWR 0 2905 94.52 24.11 101.94 42.54 63.50 100.17 96.89 98.01 102.06 100.52 103.85 104.20
CN HAIYANG-1 36.708333 121.383333 PWR 0 3415 93.87 51.94 98.79 100.09 99.72 69.51 96.82 95.84 97.18 98.40 100.07 100.99
CN HAIYANG-2 36.708333 121.383333 PWR 0 3415 95.59 83.20 99.06 100.24 99.65 98.11 93.76 95.92 97.57 98.66 100.06 100.36
CN HONGYANHE-1 39.7958 121.4806 PWR 0 2905 98.90 94.51 99.02 62.75 20.89 97.58 95.45 94.19 92.76 89.75 98.94 99.05
CN HONGYANHE-2 39.7958 121.4806 PWR 0 2905 1.37 94.37 97.92 97.98 87.41 94.97 95.49 94.23 92.58 89.76 99.20 99.52
CN HONGYANHE-3 39.7958 121.4806 PWR 0 2905 99.55 6.94 94.30 99.44 87.09 95.02 95.49 94.18 92.08 91.26 93.68 12.92
CN HONGYANHE-4 39.7958 121.4806 PWR 0 2905 89.09 0.00 53.04 95.67 89.78 97.53 95.41 78.09 20.60 94.12 99.19 99.18
CN LINGAO-1 22.606 114.550 PWR 0 2905 98.20 82.50 92.44 94.90 83.04 98.21 98.10 95.00 84.28 55.91 100.37 100.95
CN LINGAO-2 22.605 114.550 PWR 0 2905 95.13 48.69 98.60 80.29 0.00 92.48 99.29 93.30 92.31 88.10 99.30 100.02
CN LINGAO-3 22.609 114.552 PWR 0 2905 98.97 81.34 89.47 95.84 80.82 98.20 100.62 95.09 94.34 94.06 101.30 102.22
CN LINGAO-4 22.609 114.552 PWR 0 2905 102.42 11.17 57.00 94.61 80.79 97.95 98.53 92.73 78.45 66.30 100.46 87.97
CN NINGDE-1 27.0450 120.2800 PWR 0 2905 71.80 99.63 99.96 99.99 100.00 100.00 87.77 99.99 99.99 99.99 99.99 99.99
CN NINGDE-2 27.0444 120.2833 PWR 0 2905 99.99 100.00 100.00 100.00 100.00 99.94 99.99 99.99 50.13 37.74 99.89 100.00
CN NINGDE-3 27.0444 120.2833 PWR 0 2905 99.99 99.96 100.00 76.73 23.93 99.77 100.00 99.94 99.86 99.99 99.99 100.00
CN NINGDE-4 27.0444 120.2833 PWR 0 2905 99.99 6.56 73.15 99.96 100.00 100.00 99.99 99.99 99.99 99.99 99.99 100.00
CN QINSHAN-1 30.440 120.950 PWR 0 966 109.45 99.99 109.78 109.28 104.31 102.81 104.61 102.18 28.55 35.11 109.22 109.70
CN QINSHAN2-1 30.421 120.945 PWR 0 1930 102.66 99.35 102.40 102.26 102.33 101.08 101.41 99.31 101.09 0.00 62.67 103.88
CN QINSHAN2-2 30.421 120.946 PWR 0 1930 83.80 0.00 60.81 103.41 101.87 100.94 101.72 99.29 100.45 99.51 101.89 102.79
CN QINSHAN2-3 30.419 120.942 PWR 0 1930 101.57 97.26 101.33 101.78 100.12 98.47 98.69 84.03 98.30 97.68 101.23 101.65
CN QINSHAN2-4 30.419 120.942 PWR 0 1930 96.25 72.34 101.64 101.84 99.71 100.34 100.58 97.79 0.55 87.06 101.94 101.70
CN QINSHAN3-1 30.436 120.961 PHWR 0 2064 100.18 96.25 74.02 0.00 76.70 95.99 95.95 94.43 96.12 95.14 99.33 99.46
CN QINSHAN3-2 30.435 120.961 PHWR 0 2064 99.61 95.86 99.22 98.82 96.00 96.22 95.78 94.12 95.83 86.72 99.15 99.52
CN SANMEN-1 29.101111 121.641944 PWR 0 3400 99.98 80.26 99.99 99.24 98.61 99.26 98.08 96.92 98.19 90.58 96.05 7.33
CN SANMEN-2 30.101111 121.641945 PWR 0 3400 0.00 0.00 0.00 0.00 0.00 0.00 0.00 0.00 0.00 0.00 5.42 100.00
CN TAISHAN-1 21.919278 112.982593 PWR 0 4590 84.54 2.70 91.63 94.94 92.14 90.59 97.36 94.75 82.63 69.50 89.25 89.55
CN TAISHAN-2 21.918025 112.980582 PWR 0 4590 0.00 0.00 0.00 0.00 0.00 2.49 19.94 49.74 95.05 91.66 91.55 91.12
CN TIANWAN-1 34.690 119.456 PWR 0 3000 89.62 91.99 100.21 98.07 97.20 75.44 98.84 98.51 97.86 94.69 100.10 99.02
CN TIANWAN-2 34.689 119.456 PWR 0 3000 99.39 68.07 100.32 98.13 98.73 98.74 98.88 97.98 32.46 62.48 99.93 99.91
CN TIANWAN-3 34.689 119.456 PWR 0 3000 92.47 0.00 0.00 75.90 96.13 97.94 95.62 96.37 95.48 83.83 98.91 98.79
CN TIANWAN-4 34.689 119.456 PWR 0 3000 98.58 91.78 100.86 98.17 96.54 97.85 96.56 96.16 97.14 93.71 17.49 1.22
CN YANGJIANG-1 21.708071 112.259 PWR 0 2905 102.73 103.39 103.38 103.18 102.83 102.18 101.84 102.13 49.62 22.01 103.69 98.32
CN YANGJIANG-2 21.708071 112.259 PWR 0 2905 102.71 7.27 63.53 85.38 95.11 99.67 100.94 97.86 90.45 90.98 93.30 90.52
CN YANGJIANG-3 21.708071 112.259 PWR 0 2905 99.31 86.18 99.34 97.72 94.58 99.46 101.17 97.33 96.66 101.78 102.95 103.49
CN YANGJIANG-4 21.708071 112.259 PWR 0 2905 93.59 47.45 95.11 85.27 39.44 101.85 101.77 101.77 92.04 14.60 83.16 89.78
CN YANGJIANG-5 21.708071 112.259 PWR 0 2905 96.13 46.18 102.43 101.92 101.33 0.58 0.14 96.30 94.77 90.88 93.31 90.33
CN YANGJIANG-6 21.708071 112.259 PWR 0 2905 0.00 0.00 0.00 0.00 0.00 0.46 70.62 101.92 91.99 70.23 97.73 102.39
CN FANGJIASHAN-1 30.441 120.942 PWR 0 2905 101.36 97.14 46.34 49.60 101.10 97.84 97.03 95.31 96.14 98.23 100.54 101.44
CN FANGJIASHAN-2 30.441 120.942 PWR 0 2905 101.66 83.52 101.16 100.62 97.23 0.42 93.92 97.43 99.01 97.79 101.43 101.60
CN FUQING-1 25.446 119.447 PWR 0 2905 73.11 46.72 90.67 98.83 80.02 42.73 82.29 97.82 77.34 0.00 87.57 99.89
CN FUQING-2 25.446 119.447 PWR 0 2905 92.44 82.00 88.04 74.68 81.37 85.29 89.35 97.70 98.10 91.58 99.88 99.98
CN FUQING-3 25.446 119.447 PWR 0 2905 43.01 77.88 95.01 81.18 48.79 83.77 89.08 97.65 98.05 98.86 99.58 99.79
CN FUQING-4 25.446 119.447 PWR 0 2905 94.25 29.71 49.97 87.67 63.51 87.79 88.96 31.62 69.11 98.88 99.77 99.82
CZ DUKOVANY-1 49.089 16.149 PWR 0 1444 100.29 94.90 99.06 98.07 98.28 96.91 98.13 47.38 0.00 70.44 99.96 100.67
CZ DUKOVANY-2 49.089 16.149 PWR 0 1444 98.98 98.59 98.15 97.25 49.98 1.29 0.00 0.00 29.15 98.11 98.49 99.17
CZ DUKOVANY-3 49.089 16.149 PWR 0 1444 0.00 50.24 100.40 99.82 99.07 95.59 96.05 95.72 97.60 95.92 98.69 99.92
CZ DUKOVANY-4 49.088 16.149 PWR 0 1444 100.06 100.28 100.63 100.20 99.86 97.16 97.80 95.07 98.97 99.81 100.78 76.04
CZ TEMELIN-1 49.181 14.377 PWR 0 3120 100.89 97.35 2.30 2.78 100.03 98.04 99.14 98.52 99.75 100.22 92.63 65.40
CZ TEMELIN-2 49.181 14.377 PWR 0 3120 101.55 101.69 99.83 100.90 100.79 68.69 0.00 66.44 100.51 100.97 101.53 101.48
ES ALMARAZ-1 39.807 -5.698 PWR 0 2947 99.86 99.85 99.32 99.34 98.35 97.36 97.01 95.52 97.48 96.14 96.95 96.80
ES ALMARAZ-2 39.807 -5.697 PWR 0 2947 99.82 99.66 99.16 99.21 97.83 97.75 96.55 96.00 95.40 13.75 49.55 99.92
ES ASCO-1 41.202 0.571 PWR 0 2954 99.87 99.86 99.87 99.87 99.81 98.62 97.59 97.71 98.73 99.39 99.87 97.08
ES ASCO-2 41.202 0.572 PWR 0 2941 94.51 99.87 99.87 83.77 0.00 78.07 89.95 96.60 97.89 99.87 99.87 97.13
ES COFRENTES 39.216 -1.051 BWR 0 3237 83.47 97.30 99.62 98.53 99.19 96.61 97.70 97.15 97.91 93.33 5.39 72.81
ES TRILLO-1 40.699 -2.622 PWR 0 3010 98.97 99.14 99.03 98.98 28.85 69.29 98.03 98.16 98.00 98.41 98.62 95.25
ES VANDELLOS-2 40.949 0.867 PWR 0 2941 90.10 99.84 99.80 54.71 99.63 98.68 97.18 89.08 96.95 97.99 25.47 18.84
FI LOVIISA-1 60.372 26.342 PWR 0 1500 99.73 99.73 99.78 99.38 98.69 98.31 96.97 93.83 25.76 98.68 99.19 99.55
FI LOVIISA-2 60.371 26.343 PWR 0 1500 100.01 99.99 100.07 99.58 97.80 98.56 97.11 50.90 53.43 98.89 99.55 99.84
FI OLKILUOTO-1 61.235 21.444 BWR 0 2500 99.12 100.42 99.42 99.10 97.69 65.37 99.46 99.19 99.30 100.19 100.61 100.62
FI OLKILUOTO-2 61.235 21.445 BWR 0 2500 100.10 100.24 100.00 96.97 17.54 98.87 98.84 98.92 98.96 100.02 100.13 100.58
FR BELLEVILLE-1 47.511 2.871 PWR 0 3817 12.10 98.37 88.48 93.46 95.82 88.78 94.71 96.96 94.77 97.63 98.71 99.26
FR BELLEVILLE-2 47.510 2.871 PWR 0 3817 99.97 99.77 75.59 98.70 73.93 0.00 0.00 0.00 0.00 0.00 0.00 16.70
FR BLAYAIS-1 45.256 -0.691 PWR 1 2785 98.44 98.88 98.80 95.30 100.23 97.04 14.54 37.39 97.36 96.63 99.50 98.36
FR BLAYAIS-2 45.256 -0.691 PWR 1 2785 97.23 94.58 41.23 0.00 15.43 97.12 99.82 101.16 102.56 103.09 104.27 102.69
FR BLAYAIS-3 45.256 -0.690 PWR 0 2785 90.77 102.51 104.26 104.00 76.19 14.59 98.02 94.84 97.43 96.33 98.93 97.85
FR BLAYAIS-4 45.256 -0.690 PWR 0 2785 97.44 98.40 85.78 100.81 100.13 98.85 91.48 72.18 0.00 0.00 0.00 0.00
FR BUGEY-2 45.798 5.267 PWR 0 2785 98.27 100.73 93.67 99.12 97.95 93.98 67.50 96.40 90.71 99.12 99.86 84.21
FR BUGEY-3 45.798 5.268 PWR 0 2785 100.86 97.54 50.36 0.00 0.00 1.15 88.69 59.88 57.20 99.38 93.45 88.59
FR BUGEY-4 45.800 5.267 PWR 0 2785 96.73 100.14 101.87 101.00 72.38 94.95 78.45 0.00 78.31 100.13 101.92 101.65
FR BUGEY-5 45.800 5.268 PWR 0 2785 100.64 96.91 90.45 87.05 90.45 90.87 96.28 93.68 97.08 98.45 97.53 100.51
FR CATTENOM-1 49.416 6.217 PWR 0 3817 99.47 96.85 98.23 97.72 31.24 0.00 0.00 0.00 24.53 87.69 92.59 97.46
FR CATTENOM-2 49.416 6.217 PWR 0 3817 93.16 98.86 78.65 77.19 32.21 81.29 88.10 81.27 85.75 87.76 86.39 98.03
FR CATTENOM-3 49.415 6.217 PWR 0 3817 98.98 98.97 98.62 97.99 97.83 93.53 52.28 0.00 0.00 0.00 54.95 95.89
FR CATTENOM-4 49.415 6.217 PWR 0 3817 57.04 0.00 0.00 43.18 94.11 68.53 89.92 89.79 85.13 92.24 96.45 61.00
FR CHINONB-1 47.230 0.168 PWR 1 2785 93.51 94.62 94.95 97.47 95.38 0.01 0.00 18.77 94.88 96.06 98.93 98.39
FR CHINONB-2 47.229 0.168 PWR 1 2785 100.04 100.43 71.27 99.67 97.74 95.15 96.71 97.17 42.54 0.00 67.87 0.03
FR CHINONB-3 47.224 0.171 PWR 1 2785 100.28 99.74 91.05 94.16 92.67 97.62 81.49 71.20 0.00 0.00 0.00 0.00
FR CHINONB-4 47.224 0.171 PWR 1 2785 99.03 94.12 97.91 62.56 13.89 94.98 96.89 96.34 98.32 95.21 99.48 87.65
FR CHOOZB-1 50.089 4.791 PWR 0 4270 96.60 96.05 87.59 79.47 84.22 69.26 90.65 45.14 72.92 96.54 98.98 99.34
FR CHOOZB-2 50.089 4.791 PWR 0 4270 100.34 95.46 42.16 0.00 0.00 0.00 0.00 72.13 29.71 93.90 96.17 88.87
FR CIVAUX-1 46.457 0.654 PWR 0 4270 99.26 92.97 82.24 89.56 90.64 80.20 92.37 76.01 79.75 92.59 94.96 93.22
FR CIVAUX-2 46.457 0.655 PWR 0 4270 99.96 99.45 92.66 73.47 97.97 96.36 58.94 0.00 72.79 99.70 101.21 83.92
FR CRUAS-1 44.634 4.757 PWR 0 2785 101.20 100.42 97.83 84.84 97.78 94.97 95.51 92.55 17.20 0.00 0.00 0.00
FR CRUAS-2 44.633 4.757 PWR 0 2785 98.63 89.63 55.15 0.00 0.00 47.83 86.98 77.18 84.12 86.45 35.79 67.97
FR CRUAS-3 44.633 4.757 PWR 0 2785 99.42 91.26 73.20 81.92 45.24 18.51 94.21 59.06 89.87 97.89 36.66 56.21
FR CRUAS-4 44.632 4.757 PWR 0 2785 100.38 99.52 98.86 70.97 98.71 90.67 0.00 88.53 98.99 64.23 12.96 61.76
FR DAMPIERRE-1 47.732 2.513 PWR 1 2785 99.05 98.44 31.95 97.55 80.28 67.82 0.00 0.00 0.00 85.94 99.07 98.15
FR DAMPIERRE-2 47.732 2.514 PWR 1 2785 97.35 102.18 103.55 17.16 82.83 102.12 76.31 92.67 99.91 104.31 104.52 103.98
FR DAMPIERRE-3 47.732 2.515 PWR 1 2785 104.84 104.55 103.17 101.85 101.73 100.52 99.79 99.97 43.17 0.00 0.02 76.63
FR DAMPIERRE-4 47.732 2.516 PWR 1 2785 96.17 98.23 67.92 0.00 44.55 76.61 66.38 96.63 96.40 95.32 88.33 94.44
FR FESSENHEIM-1 47.903 7.564 PWR 0 2785 47.82 0.00 54.89 81.76 99.44 97.75 95.69 96.05 97.13 98.55 91.10 99.83
FR FESSENHEIM-2 47.903 7.565 PWR 0 2785 99.60 99.59 99.62 99.11 76.38 0.00 0.00 81.55 97.55 98.95 99.65 100.22
FR FLAMANVILLE-1 49.537 -1.881 PWR 0 3817 1.59 29.24 89.30 97.42 96.48 97.45 95.60 95.93 55.01 0.00 0.00 0.00
FR FLAMANVILLE-2 49.537 -1.881 PWR 0 3817 23.93 0.00 0.00 0.00 0.00 0.00 0.00 0.00 0.00 0.00 0.00 0.00
FR GOLFECH-1 44.105 0.845 PWR 0 3817 95.75 44.67 22.50 85.63 71.76 54.77 72.28 74.77 80.80 86.24 94.47 83.86
FR GOLFECH-2 44.104 0.845 PWR 0 3817 99.35 98.74 94.96 98.17 96.10 79.60 74.26 85.00 93.54 12.45 3.77 78.82
FR GRAVELINES-1 51.014 2.138 PWR 1 2785 98.14 98.06 95.82 95.32 95.36 83.82 36.59 0.00 0.00 0.00 64.55 94.39
FR GRAVELINES-2 51.013 2.138 PWR 1 2785 91.43 44.79 0.00 0.00 30.04 22.01 93.45 92.88 89.15 91.27 82.10 87.46
FR GRAVELINES-3 51.013 2.138 PWR 1 2785 101.27 100.31 90.53 98.79 72.18 75.23 56.07 65.08 62.05 0.00 21.24 93.65
FR GRAVELINES-4 51.012 2.138 PWR 1 2785 105.37 103.11 102.59 25.34 0.00 0.00 31.09 88.37 99.22 99.62 103.96 104.24
FR GRAVELINES-5 51.012 2.138 PWR 0 2785 98.09 97.82 89.87 95.34 72.64 90.68 85.13 5.31 0.00 0.00 0.00 0.00
FR GRAVELINES-6 51.011 2.138 PWR 0 2785 101.69 102.20 100.87 87.12 101.35 0.00 59.98 97.97 97.85 99.83 100.00 96.39
FR NOGENT-1 48.517 3.520 PWR 0 3817 98.83 98.49 96.98 64.66 0.00 0.00 0.00 0.00 14.82 90.01 92.09 77.96
FR NOGENT-2 48.516 3.520 PWR 0 3817 99.74 100.21 89.67 55.99 48.05 84.81 63.50 91.05 91.38 94.61 88.47 97.46
FR PALUEL-1 49.857 0.635 PWR 0 3817 95.05 91.23 97.76 96.62 95.55 84.71 0.00 0.00 0.00 0.00 0.00 43.49
FR PALUEL-2 49.856 0.635 PWR 0 3817 96.71 96.04 96.48 65.12 94.61 90.41 94.43 94.82 94.70 76.73 0.00 0.00
FR PALUEL-3 49.856 0.635 PWR 0 3817 64.77 98.66 86.71 92.24 89.83 82.31 88.71 85.65 87.24 61.65 94.43 87.96
FR PALUEL-4 49.856 0.635 PWR 0 3817 11.74 0.00 0.00 0.00 0.00 0.00 0.00 0.00 0.00 10.92 91.53 88.58
FR PENLY-1 49.975 1.215 PWR 0 3817 48.43 96.60 91.64 93.82 94.57 89.48 94.53 90.65 94.67 94.58 96.50 93.26
FR PENLY-2 49.975 1.215 PWR 0 3817 94.49 91.92 82.29 97.70 98.60 95.80 81.13 0.00 0.00 0.00 0.00 0.00
FR ST.ALBAN-1 45.404 4.754 PWR 0 3817 96.01 87.91 48.83 56.52 97.15 94.02 92.44 96.21 95.86 96.46 97.54 98.91
FR ST.ALBAN-2 45.404 4.755 PWR 0 3817 80.06 95.00 91.63 87.62 92.83 96.66 87.83 95.24 18.86 0.00 15.71 77.59
FR ST.LAURENTB-1 47.721 1.581 PWR 1 2785 97.68 95.41 93.60 95.38 9.28 0.00 31.51 80.52 94.89 95.64 85.25 58.82
FR ST.LAURENTB-2 47.720 1.581 PWR 1 2785 97.59 95.71 93.01 73.56 94.89 92.49 92.91 34.61 63.48 0.00 0.00 11.20
FR TRICASTIN-1 44.330 4.733 PWR 1 2785 68.34 98.61 85.54 76.42 97.04 0.03 0.00 0.00 0.00 0.00 0.00 3.90
FR TRICASTIN-2 44.330 4.733 PWR 1 2785 72.90 0.00 0.00 0.00 11.19 97.54 76.44 100.24 99.91 100.06 102.58 101.75
FR TRICASTIN-3 44.331 4.733 PWR 1 2785 50.90 96.90 64.49 87.82 91.14 34.54 92.78 0.20 90.81 92.79 101.51 101.73
FR TRICASTIN-4 44.331 4.733 PWR 1 2785 96.97 100.57 101.90 16.10 0.00 78.79 84.91 87.78 88.56 100.05 84.23 93.42
GB DUNGENESSB-1 50.913 0.962 GCR 0 1500 -1.58 -1.94 -1.85 -1.61 -1.60 -1.61 -1.49 -1.66 -1.55 -1.84 -2.44 -2.42
GB DUNGENESSB-2 50.912 0.962 GCR 0 1500 -1.58 -1.94 -1.85 -1.61 -1.60 -1.61 -1.49 -1.66 -1.55 -1.84 -2.44 -2.42
GB HARTLEPOOLA-1 54.634 -1.180 GCR 0 1500 54.50 101.02 100.81 100.62 100.16 58.05 78.89 97.86 97.99 87.09 82.78 49.68
GB HARTLEPOOLA-2 54.634 -1.180 GCR 0 1500 98.91 95.90 24.15 98.18 99.60 74.32 87.57 28.58 -0.02 -2.94 48.37 100.20
GB HEYSHAMA-1 54.029 -2.912 GCR 0 1500 98.48 96.90 99.49 91.31 73.67 6.57 94.50 95.43 100.89 100.72 48.15 103.70
GB HEYSHAMA-2 54.028 -2.912 GCR 0 1500 35.11 7.87 37.20 89.59 88.73 87.11 70.64 24.85 60.24 88.09 88.60 89.07
GB HEYSHAMB-1 54.028 -2.912 GCR 0 1550 101.32 96.32 94.64 101.11 92.04 100.22 91.60 99.71 91.06 100.78 99.99 89.78
GB HEYSHAMB-2 54.027 -2.912 GCR 0 1550 80.27 99.39 90.79 100.18 99.15 91.24 92.72 86.21 91.72 98.18 100.34 84.89
GB HINKLEYPOINTB-1 51.208 -3.131 GCR 0 1494 100.25 100.04 21.32 -0.43 -3.33 46.17 98.56 94.39 94.28 98.00 100.47 88.77
GB HINKLEYPOINTB-2 51.208 -3.131 GCR 0 1494 97.33 78.56 96.64 100.82 92.01 99.20 93.83 93.27 98.84 98.76 86.15 100.10
GB HUNTERSTONB-1 55.721 -4.893 GCR 0 1496 -2.36 -0.53 -0.46 -0.94 -2.61 -1.61 -1.69 -1.66 -1.96 -2.12 -3.11 -2.71
GB HUNTERSTONB-2 55.721 -4.893 GCR 0 1496 -2.34 -2.76 -4.27 -2.07 -2.20 -2.96 -2.34 11.29 95.87 92.97 100.21 27.55
GB SIZEWELLB 52.215 1.623 PWR 0 3425 98.51 100.57 100.47 100.34 94.43 -0.72 -1.52 75.29 99.50 99.92 100.36 100.52
GB TORNESS-1 55.966 -2.399 GCR 0 1623 93.06 102.88 102.92 93.38 103.49 81.23 95.24 102.71 96.36 90.16 100.11 91.42
GB TORNESS-2 55.966 -2.399 GCR 0 1623 95.98 102.68 91.63 91.33 89.50 98.42 90.82 100.83 91.86 101.02 91.82 100.22
HU PAKS-1 46.574 18.855 PWR 0 1485 102.06 101.04 101.18 100.59 100.32 98.91 97.81 95.51 99.07 100.70 101.18 100.59
HU PAKS-2 46.574 18.856 PWR 0 1485 101.91 102.17 102.65 101.61 55.67 51.65 97.76 95.06 99.08 100.66 101.83 102.38
HU PAKS-3 46.574 18.857 PWR 0 1485 103.67 103.28 103.35 102.73 96.00 100.98 99.62 71.29 44.00 102.22 102.96 101.84
HU PAKS-4 46.574 18.858 PWR 0 1485 101.03 10.04 0.00 85.87 101.40 99.72 98.07 97.71 99.39 97.59 98.63 101.88
IN KAIGA-1 14.865 74.438 PHWR 0 801 0.00 18.04 78.12 99.21 101.02 100.54 94.71 48.85 75.83 100.96 100.62 101.26
IN KAIGA-2 14.865 74.438 PHWR 0 801 101.38 87.06 101.88 94.02 103.09 50.93 57.79 101.56 103.12 91.25 102.44 102.16
IN KAIGA-3 14.865 74.442 PHWR 0 800 97.69 97.48 56.50 98.38 97.99 97.84 99.83 98.50 99.67 99.36 23.27 99.81
IN KAIGA-4 14.865 74.442 PHWR 0 800 106.30 106.81 105.77 104.96 104.75 104.76 107.11 65.14 106.80 106.20 105.98 105.85
IN KAKRAPAR-1 21.236 73.351 PHWR 0 801 0.00 0.00 0.00 0.00 3.68 93.42 94.03 94.97 94.43 80.85 57.02 80.18
IN KAKRAPAR-2 21.235 73.351 PHWR 0 801 102.29 101.49 101.16 100.68 100.12 98.98 99.46 98.94 99.80 99.69 101.29 101.24
IN KUDANKULAM-1 8.1689 77.7125 PWR 0 3000 0.00 0.00 0.00 0.00 36.16 86.74 101.14 101.91 101.97 93.40 100.73 86.43
IN KUDANKULAM-2 8.1689 77.7125 PWR 0 3000 74.43 65.58 56.74 58.81 55.72 55.67 57.11 57.01 58.01 50.19 58.47 25.67
IN MADRAS-1 12.557 80.177 PHWR 0 801 0.00 0.00 0.00 0.00 0.00 0.00 0.00 0.00 0.00 0.00 0.00 0.00
IN MADRAS-2 12.557 80.177 PHWR 0 801 0.00 94.94 89.55 64.92 92.97 100.00 100.00 100.00 100.00 94.13 95.80 92.13
IN NARORA-1 28.156 78.409 PHWR 0 801 0.00 7.38 87.68 95.73 95.00 92.70 92.96 92.40 93.01 95.40 98.31 101.68
IN NARORA-2 28.155 78.409 PHWR 0 801 99.43 101.20 99.77 96.79 93.95 93.55 93.23 92.50 93.95 96.05 98.66 101.15
IN RAJASTHAN-1 24.876 75.608 PHWR 0 346 0.00 0.00 0.00 0.00 0.00 0.00 0.00 0.00 0.00 0.00 0.00 0.00
IN RAJASTHAN-2 24.876 75.609 PHWR 0 693 20.57 0.00 47.15 68.65 19.08 86.78 86.72 54.86 87.17 78.83 87.80 90.47
IN RAJASTHAN-3 24.872 75.619 PHWR 0 801 92.31 83.37 92.61 87.48 88.15 85.95 85.96 86.45 86.57 85.95 78.38 65.44
IN RAJASTHAN-4 24.872 75.619 PHWR 0 801 92.42 87.10 87.34 85.34 85.04 83.32 84.42 85.64 85.35 80.98 97.76 91.64
IN RAJASTHAN-5 24.872 75.625 PHWR 0 801 105.78 105.62 56.86 53.02 102.69 101.40 101.66 101.62 101.48 102.91 103.78 106.13
IN RAJASTHAN-6 24.872 75.625 PHWR 0 801 105.16 69.78 104.75 102.55 101.79 100.82 101.36 101.89 90.54 95.31 103.13 81.52
IN TARAPUR-1 19.834 72.657 BWR 0 530 78.31 100.09 100.85 72.51 98.38 94.97 99.97 99.24 72.29 90.94 82.75 72.76
IN TARAPUR-2 19.834 72.657 BWR 0 530 98.72 102.57 101.45 97.02 99.05 95.81 68.24 96.03 99.65 98.81 96.20 99.89
IN TARAPUR-3 19.830 72.663 PHWR 0 1730 102.18 101.63 101.12 101.14 99.82 75.51 101.30 101.51 83.95 99.68 0.00 0.00
IN TARAPUR-4 19.830 72.664 PHWR 0 1730 94.00 101.46 100.51 98.89 100.87 100.59 101.18 100.99 101.19 101.55 101.67 101.62
IR BUSHEHR-1 28.8296 50.8860 PWR 0 3000 103.62 89.68 0.00 2.86 96.01 96.82 93.36 93.37 87.10 99.49 100.75 16.56
JP FUKUSHIMA-DAINI-1 37.315 141.024 BWR 0 3293 0.00 0.00 0.00 0.00 0.00 0.00 0.00 0.00 0.00 0.00 0.00 0.00
JP FUKUSHIMA-DAINI-2 37.315 141.025 BWR 0 3293 0.00 0.00 0.00 0.00 0.00 0.00 0.00 0.00 0.00 0.00 0.00 0.00
JP FUKUSHIMA-DAINI-3 37.315 141.026 BWR 0 3293 0.00 0.00 0.00 0.00 0.00 0.00 0.00 0.00 0.00 0.00 0.00 0.00
JP FUKUSHIMA-DAINI-4 37.315 141.027 BWR 0 3293 0.00 0.00 0.00 0.00 0.00 0.00 0.00 0.00 0.00 0.00 0.00 0.00
JP GENKAI-2 33.517 129.837 PWR 0 1650 0.00 0.00 0.00 0.00 0.00 0.00 0.00 0.00 0.00 0.00 0.00 0.00
JP GENKAI-3 33.517 129.837 PWR 0 3423 102.59 102.58 102.61 102.65 39.42 0.00 24.55 101.91 102.33 102.48 102.69 102.82
JP GENKAI-4 33.516 129.837 PWR 0 3423 101.95 101.89 101.89 101.77 101.73 101.59 101.14 48.58 0.00 17.99 101.47 101.87
JP HAMAOKA-3 34.620 138.141 BWR 0 3293 0.00 0.00 0.00 0.00 0.00 0.00 0.00 0.00 0.00 0.00 0.00 0.00
JP HAMAOKA-4 34.620 138.141 BWR 0 3293 0.00 0.00 0.00 0.00 0.00 0.00 0.00 0.00 0.00 0.00 0.00 0.00
JP HAMAOKA-5 34.619 138.141 BWR 0 3926 0.00 0.00 0.00 0.00 0.00 0.00 0.00 0.00 0.00 0.00 0.00 0.00
JP HIGASHIDORI-1(TOHOKU) 41.188 141.393 BWR   0 3293 0.00 0.00 0.00 0.00 0.00 0.00 0.00 0.00 0.00 0.00 0.00 0.00
JP IKATA-3 33.491 132.312 PWR 0 2660 104.39 104.25 104.20 104.17 104.20 104.07 103.85 103.46 103.35 103.26 103.54 83.59
JP KASHIWAZAKIKARIWA-1 37.434 138.598 BWR 0 3293 0.00 0.00 0.00 0.00 0.00 0.00 0.00 0.00 0.00 0.00 0.00 0.00
JP KASHIWAZAKIKARIWA-2 37.434 138.598 BWR 0 3293 0.00 0.00 0.00 0.00 0.00 0.00 0.00 0.00 0.00 0.00 0.00 0.00
JP KASHIWAZAKIKARIWA-3 37.433 138.598 BWR 0 3293 0.00 0.00 0.00 0.00 0.00 0.00 0.00 0.00 0.00 0.00 0.00 0.00
JP KASHIWAZAKIKARIWA-4 37.433 138.598 BWR 0 3293 0.00 0.00 0.00 0.00 0.00 0.00 0.00 0.00 0.00 0.00 0.00 0.00
JP KASHIWAZAKIKARIWA-5 37.432 138.598 BWR 0 3293 0.00 0.00 0.00 0.00 0.00 0.00 0.00 0.00 0.00 0.00 0.00 0.00
JP KASHIWAZAKIKARIWA-6 37.432 138.598 BWR 0 3926 0.00 0.00 0.00 0.00 0.00 0.00 0.00 0.00 0.00 0.00 0.00 0.00
JP KASHIWAZAKIKARIWA-7 37.431 138.598 BWR 0 3926 0.00 0.00 0.00 0.00 0.00 0.00 0.00 0.00 0.00 0.00 0.00 0.00
JP MIHAMA-3 35.703 135.961 PWR 0 2440 0.00 0.00 0.00 0.00 0.00 0.00 0.00 0.00 0.00 0.00 0.00 0.00
JP OHI-3 35.542 135.652 PWR 0 3423 103.76 103.88 103.84 35.51 0.00 3.41 101.06 101.39 101.51 102.55 103.03 103.59
JP OHI-4 35.542 135.652 PWR 0 3423 103.27 103.31 103.25 103.03 102.64 101.46 12.38 0.00 46.91 102.26 102.87 103.37
JP ONAGAWA-2 38.401 141.504 BWR 0 2436 0.00 0.00 0.00 0.00 0.00 0.00 0.00 0.00 0.00 0.00 0.00 0.00
JP ONAGAWA-3 38.401 141.504 BWR 0 2436 0.00 0.00 0.00 0.00 0.00 0.00 0.00 0.00 0.00 0.00 0.00 0.00
JP SENDAI-1 31.834 130.193 PWR 0 2660 109.09 109.12 109.01 108.93 108.53 107.97 89.74 0.00 0.00 83.67 108.57 108.76
JP SENDAI-2 31.834 130.193 PWR 0 2660 108.39 108.43 108.29 108.16 107.63 106.91 106.19 105.76 105.72 57.89 0.00 11.29
JP SHIKA-1 37.061 136.728 BWR 0 1593 0.00 0.00 0.00 0.00 0.00 0.00 0.00 0.00 0.00 0.00 0.00 0.00
JP SHIKA-2 37.061 136.729 BWR 0 3926 0.00 0.00 0.00 0.00 0.00 0.00 0.00 0.00 0.00 0.00 0.00 0.00
JP SHIMANE-2 35.537 133.000 BWR 0 2436 0.00 0.00 0.00 0.00 0.00 0.00 0.00 0.00 0.00 0.00 0.00 0.00
JP TAKAHAMA-1 35.520 135.503 PWR 0 2440 0.00 0.00 0.00 0.00 0.00 0.00 0.00 0.00 0.00 0.00 0.00 0.00
JP TAKAHAMA-2 35.520 135.503 PWR 0 2440 0.00 0.00 0.00 0.00 0.00 0.00 0.00 0.00 0.00 0.00 0.00 0.00
JP TAKAHAMA-3 35.521 135.503 PWR 0 2660 106.21 106.05 106.07 106.01 105.74 105.09 104.26 103.43 103.93 105.05 105.40 105.68
JP TAKAHAMA-4 35.521 135.503 PWR 0 2660 105.92 106.19 106.21 106.14 105.90 105.23 104.43 103.77 59.91 0.00 0.00 0.00
JP TOKAI-2 36.466 140.614 BWR 0 3293 0.00 0.00 0.00 0.00 0.00 0.00 0.00 0.00 0.00 0.00 0.00 0.00
JP TOMARI-1 43.038 140.515 PWR 0 1650 0.00 0.00 0.00 0.00 0.00 0.00 0.00 0.00 0.00 0.00 0.00 0.00
JP TOMARI-2 43.038 140.516 PWR 0 1650 0.00 0.00 0.00 0.00 0.00 0.00 0.00 0.00 0.00 0.00 0.00 0.00
JP TOMARI-3 43.034 140.517 PWR 0 2660 0.00 0.00 0.00 0.00 0.00 0.00 0.00 0.00 0.00 0.00 0.00 0.00
JP TSURUGA-2 35.673 136.080 PWR 0 3411 0.00 0.00 0.00 0.00 0.00 0.00 0.00 0.00 0.00 0.00 0.00 0.00
KR KORI-2 35.321 129.296 PWR 0 1882 100.55 100.57 100.58 100.56 100.42 100.14 100.01 99.56 99.75 100.10 100.44 100.29
KR KORI-3 35.321 129.297 PWR 0 2912 100.21 100.13 100.24 100.13 100.16 99.92 99.78 98.99 15.84 0.00 0.00 0.00
KR KORI-4 35.321 129.298 PWR 0 2912 100.11 89.59 100.13 100.11 100.06 99.76 25.94 0.00 0.00 0.00 0.00 0.00
KR SHIN-KORI-1 35.327 129.302 PWR 0 2825 99.85 100.09 100.13 100.09 100.03 99.60 2.56 0.00 0.29 95.21 99.08 99.56
KR SHIN-KORI-2 35.327 129.302 PWR 0 2825 99.44 99.63 99.68 99.64 99.62 99.30 98.95 98.28 9.19 0.00 43.66 100.05
KR SHIN-KORI-3 35.327 129.302 PWR 0 3983 100.22 100.25 100.09 100.14 100.11 100.07 99.99 99.61 99.75 99.88 59.54 0.00
KR SHIN-KORI-4 35.327 129.302 PWR 0 3983 0.00 0.00 0.00 8.18 51.82 63.12 0.00 68.74 100.09 100.04 100.56 100.66
KR SHIN-WOLSONG-1 35.7111 129.4750 PWR 0 2825 100.22 100.23 100.16 100.10 99.95 99.66 99.45 98.80 98.36 91.53 0.00 29.06
KR SHIN-WOLSONG-2 35.7111 129.4750 PWR 0 2825 100.73 100.82 100.87 100.79 100.60 100.26 31.83 0.00 0.35 68.86 100.16 100.09
KR HANUL-1 37.093 129.393 PWR 0 2775 0.00 0.00 94.50 100.50 100.45 100.34 99.87 99.38 99.72 99.84 100.31 100.43
KR HANUL-2 37.093 129.394 PWR 0 2775 100.17 100.19 100.25 100.32 100.13 100.26 99.78 99.25 99.50 41.00 0.00 0.00
KR HANUL-3 37.093 129.395 PWR 0 2825 100.16 100.08 100.00 99.99 100.07 100.04 99.84 99.55 2.66 0.00 5.76 100.20
KR HANUL-4 37.093 129.396 PWR 0 2825 99.95 99.90 99.90 99.98 100.06 100.01 99.81 99.38 99.40 99.52 99.67 47.66
KR HANUL-5 37.093 129.397 PWR 0 2825 99.59 99.63 99.57 99.71 99.66 99.58 99.19 98.74 77.85 0.00 0.00 16.12
KR HANUL-6 37.093 129.398 PWR 0 2825 0.00 0.00 24.83 100.36 100.18 100.07 99.66 96.80 99.65 99.85 100.05 100.00
KR WOLSONG-1 35.710 129.476 PHWR 0 2061 0.00 0.00 0.00 0.00 0.00 0.00 0.00 0.00 0.00 0.00 0.00 0.00
KR WOLSONG-2 35.710 129.477 PHWR 0 2061 102.37 102.72 102.55 102.33 101.99 52.86 32.77 98.96 99.39 100.03 99.73 99.38
KR WOLSONG-3 35.710 129.478 PHWR 0 2061 66.68 6.60 100.83 100.70 100.64 100.14 99.40 98.09 30.81 0.00 0.00 0.00
KR WOLSONG-4 35.710 129.479 PHWR 0 2061 100.30 100.77 100.72 70.89 0.00 29.32 99.36 98.11 98.27 98.53 99.21 99.50
KR HANBIT-1 35.404 126.419 PWR 0 2787 0.00 0.00 0.00 0.00 0.00 0.00 0.00 0.00 0.00 0.12 97.54 100.05
KR HANBIT-2 35.403 126.419 PWR 0 2787 0.04 43.32 100.37 100.24 99.51 98.90 98.14 96.70 97.57 98.50 99.99 100.37
KR HANBIT-3 35.403 126.419 PWR 0 2825 0.00 0.00 0.00 0.00 0.00 0.00 0.00 0.00 0.00 0.00 0.00 0.00
KR HANBIT-4 35.402 126.419 PWR 0 2825 0.00 0.00 0.00 0.00 0.00 0.00 0.00 0.00 0.00 0.00 0.00 0.00
KR HANBIT-5 35.402 126.419 PWR 0 2825 100.46 100.34 92.27 100.42 100.12 99.57 99.04 98.22 99.15 99.82 100.11 100.15
KR HANBIT-6 35.401 126.419 PWR 0 2825 100.19 100.22 100.27 100.21 92.97 0.00 0.00 0.00 85.51 100.34 100.55 100.54
MX LAGUNAVERDE-1 19.719 -96.405 BWR 0 2317 50.53 0.00 82.11 98.55 98.81 97.38 98.54 98.37 96.25 96.73 99.60 99.74
MX LAGUNAVERDE-2 19.719 -96.404 BWR 0 2317 100.28 86.87 89.47 52.11 0.00 57.72 74.14 77.64 97.55 85.20 97.95 79.78
NL BORSSELE 51.431 3.719 PWR 0 1366 100.60 76.45 100.35 100.01 91.93 9.15 86.07 88.56 97.03 98.65 100.14 100.46
PK CHASNUPP-1 32.392 71.463 PWR 0 999 98.88 95.65 96.56 94.29 99.21 99.54 82.82 97.03 99.99 89.48 101.52 13.28
PK CHASNUPP-2 32.392 71.463 PWR 0 999 101.88 91.52 98.89 97.27 42.89 14.50 87.19 95.72 102.57 101.18 97.71 101.52
PK CHASNUPP-3 32.392 71.463 PWR 0 999 97.64 82.68 89.43 97.41 96.62 94.95 92.83 0.00 39.79 97.89 94.50 93.81
PK CHASNUPP-4 32.392 71.463 PWR 0 999 98.20 91.12 99.55 49.03 0.00 34.06 98.61 96.52 98.29 98.02 94.86 96.03
PK KANUPP-1 24.845 66.790 PHWR 0 337 0.00 0.00 0.00 0.00 0.00 0.00 0.00 0.00 0.00 0.00 32.24 27.00
RO CERNAVODA-1 44.322 28.061 PHWR 0 2180 95.72 95.72 95.71 95.64 95.22 93.55 91.35 91.45 70.56 93.50 95.89 100.87
RO CERNAVODA-2 44.322 28.062 PHWR 0 2180 99.68 99.52 99.71 99.41 7.63 73.96 96.83 96.70 98.17 99.57 99.98 100.00
RU AKADEMIKLOMONOSOV-1 69.70975 170.309889 PWR 0 150 0.00 0.00 0.00 0.00 0.00 0.00 0.00 0.00 0.00 0.00 0.00 6.85
RU AKADEMIKLOMONOSOV-2 69.70975 170.309889 PWR 0 150 0.00 0.00 0.00 0.00 0.00 0.00 0.00 0.00 0.00 0.00 0.00 21.22
RU BALAKOVO-1 52.092 47.952 PWR 0 3000 106.22 107.57 107.99 107.51 105.93 104.85 105.04 106.31 107.29 92.42 107.79 107.98
RU BALAKOVO-2 52.092 47.954 PWR 0 3000 107.77 108.00 108.04 107.70 105.80 104.38 104.75 106.06 107.10 107.94 108.03 103.26
RU BALAKOVO-3 52.093 47.956 PWR 0 3000 108.02 107.88 108.01 107.70 106.42 104.55 79.77 0.00 0.00 0.00 0.00 0.00
RU BALAKOVO-4 52.093 47.958 PWR 0 3200 107.75 102.39 0.00 0.00 0.00 26.53 96.03 107.44 108.48 109.36 109.91 109.54
RU BELOYARSK-3 56.842 61.319 FBR 0 1470 103.80 102.74 33.63 10.83 105.39 99.06 95.64 100.88 57.73 104.65 104.48 104.19
RU BELOYARSK-4 56.842 61.319 FBR 0 2100 99.71 99.47 98.39 32.58 37.81 99.00 83.09 87.07 98.05 86.54 0.00 0.00
RU BILIBINO-1 68.059 166.492 LWGR 0 62 0.00 0.00 0.00 0.00 0.00 0.00 0.00 0.00 0.00 0.00 0.00 0.00
RU BILIBINO-2 68.059 166.493 LWGR 0 62 72.47 76.66 80.87 56.53 57.65 46.88 2.13 0.00 84.39 86.17 82.97 75.51
RU BILIBINO-3 68.059 166.494 LWGR 0 62 82.28 84.05 76.26 68.88 70.63 67.46 80.06 81.72 8.88 39.59 68.94 58.97
RU BILIBINO-4 68.059 166.495 LWGR 0 62 61.63 65.69 31.45 0.00 0.00 44.14 75.77 69.76 68.43 68.00 74.77 72.63
RU KALININ-1 57.903 35.057 PWR 0 3000 106.16 108.20 108.14 63.62 0.00 74.34 100.69 107.41 106.78 107.97 78.49 0.00
RU KALININ-2 57.904 35.059 PWR 0 3000 108.38 108.02 2.35 66.56 107.73 88.72 99.23 108.05 108.10 108.29 108.15 108.08
RU KALININ-3 57.905 35.061 PWR 0 3200 104.83 106.88 106.86 105.78 103.77 104.97 100.06 106.02 66.32 0.00 87.68 64.91
RU KALININ-4 57.905 35.061 PWR 0 3200 36.65 17.35 106.81 106.55 105.43 100.30 101.22 104.13 101.52 106.46 106.81 106.84
RU KOLA-1 67.467 32.491 PWR 0 1375 43.82 95.84 100.99 95.58 97.26 95.18 45.13 2.23 65.43 102.75 100.40 90.84
RU KOLA-2 67.467 32.492 PWR 0 1375 49.59 0.00 0.00 0.00 0.00 0.00 0.00 0.00 0.00 9.06 64.08 98.61
RU KOLA-3 67.467 32.493 PWR 0 1375 109.90 108.84 73.86 0.00 35.93 94.16 90.80 103.59 92.27 97.59 71.84 42.38
RU KOLA-4 67.467 32.494 PWR 0 1375 110.02 110.77 109.69 103.96 70.57 2.42 58.89 105.81 100.73 97.39 88.63 103.98
RU KURSK-1 51.674 35.607 LWGR 0 3200 2.55 0.00 0.00 0.00 87.90 93.97 95.98 95.00 97.83 99.73 102.93 103.81
RU KURSK-2 51.674 35.607 LWGR 0 3200 85.37 105.55 102.03 0.00 0.00 0.00 0.00 69.68 100.98 103.44 101.62 104.78
RU KURSK-3 51.673 35.607 LWGR 0 3200 104.89 105.46 104.21 102.63 83.67 94.50 97.12 34.03 0.00 0.00 0.00 15.19
RU KURSK-4 51.673 35.607 LWGR 0 3200 103.99 103.12 103.33 101.62 98.74 94.68 40.52 0.00 45.27 100.27 102.89 76.73
RU LENINGRAD-2 59.840 29.028 LWGR 0 3200 99.66 98.26 10.61 0.00 6.06 95.25 99.15 94.72 94.25 96.26 96.63 99.19
RU LENINGRAD-3 59.840 29.029 LWGR 0 3200 99.36 101.00 102.83 102.55 97.57 97.07 98.98 99.14 99.48 100.66 1.58 20.54
RU LENINGRAD-4 59.840 29.030 LWGR 0 3200 103.83 103.68 103.25 102.30 99.15 49.88 0.00 0.00 62.75 101.25 101.97 102.66
RU LENINGRAD2-1 59.847222 29.044 PWR 0 3200 69.32 89.19 100.90 98.27 61.64 93.35 98.41 98.56 51.41 0.00 28.26 99.37
RU NOVOVORONEZH2-1 51.274 39.206 PWR 0 3200 99.22 95.87 95.36 29.53 0.00 4.43 95.52 95.08 97.26 98.05 92.38 91.88
RU NOVOVORONEZH2-2 51.274 39.206 PWR 0 3200 0.00 0.00 0.00 0.00 9.33 31.23 37.24 73.99 95.70 23.45 95.33 72.00
RU NOVOVORONEZH-4 51.274 39.206 PWR 0 1375 96.36 104.48 82.63 104.21 101.53 97.97 100.56 100.16 0.00 67.94 105.16 104.59
RU NOVOVORONEZH-5 52.381 39.211 PWR 0 3000 99.62 100.17 99.64 92.83 95.54 42.53 0.00 10.15 49.17 96.11 100.64 94.46
RU ROSTOV-1 47.599 42.373 PWR 0 3200 107.67 104.84 107.43 106.24 101.02 101.18 97.35 100.85 102.56 103.28 105.33 105.42
RU ROSTOV-2 47.600 42.374 PWR 0 3200 107.54 107.54 107.59 106.92 104.65 102.75 102.03 102.23 103.65 89.54 107.49 107.59
RU ROSTOV-3 47.599 42.372 PWR 0 3000 80.37 107.09 105.91 104.11 91.91 87.36 90.12 91.42 99.24 99.78 104.47 2.74
RU ROSTOV-4 47.599 42.372 PWR 0 3000 101.86 101.88 101.19 99.44 95.16 94.50 93.84 10.70 46.20 98.26 97.99 99.89
RU SMOLENSK-1 54.169 33.245 LWGR 0 3200 106.28 103.32 106.66 14.21 0.00 0.00 95.67 101.93 100.58 103.67 105.05 105.86
RU SMOLENSK-2 54.168 33.245 LWGR 0 3200 70.07 105.93 105.61 104.57 103.26 50.28 0.00 0.00 37.40 90.64 106.12 106.00
RU SMOLENSK-3 54.168 33.245 LWGR 0 3200 0.00 0.00 19.44 89.19 86.62 99.59 101.88 101.28 100.15 104.74 105.65 106.27
SE FORSMARK-1 60.405 18.168 BWR 0 2927 100.76 100.48 100.73 69.15 0.00 87.67 79.87 97.31 99.31 99.50 96.60 100.71
SE FORSMARK-2 60.405 18.170 BWR 0 3253 99.80 100.70 73.24 100.57 99.02 97.24 80.91 53.84 98.85 92.24 68.24 75.23
SE FORSMARK-3 60.407 18.155 BWR 0 3300 101.47 101.76 94.37 101.05 98.85 90.83 42.22 96.42 97.67 80.51 101.18 101.70
SE OSKARSHAMN-3 57.416 16.671 BWR 0 3900 96.40 99.12 98.36 98.66 97.96 96.69 95.26 85.71 12.38 96.91 98.03 97.74
SE RINGHALS-1 57.259 12.111 BWR 0 2540 99.73 99.15 99.56 99.29 97.05 91.84 47.18 22.89 97.25 98.30 98.23 99.35
SE RINGHALS-2 57.259 12.112 PWR 0 2652 49.38 49.41 49.36 18.69 98.83 97.00 96.52 96.10 89.76 70.11 54.54 41.80
SE RINGHALS-3 57.259 12.113 PWR 0 3135 100.71 100.96 97.28 69.92 20.15 91.33 95.34 94.84 96.80 98.45 99.76 95.14
SE RINGHALS-4 57.259 12.114 PWR 0 3300 99.86 100.00 99.70 98.93 97.78 94.99 91.20 64.63 0.00 46.94 99.13 99.40
SI KRSKO 45.939 15.516 PWR 0 1994 100.53 101.10 101.11 100.94 100.79 99.68 98.40 98.16 98.53 4.19 99.79 100.49
SK BOHUNICE-3 48.492 17.687 PWR 0 1471 96.64 94.05 94.80 94.73 93.65 54.97 49.31 94.72 95.91 92.62 96.79 96.41
SK BOHUNICE-4 48.492 17.687 PWR 0 1471 97.77 97.71 96.23 96.41 65.48 44.38 95.45 94.36 96.50 98.09 97.87 99.08
SK MOCHOVCE-1 48.261 18.455 PWR 0 1471 101.59 101.34 98.92 18.78 100.13 95.97 97.15 97.01 98.95 100.46 101.19 101.97
SK MOCHOVCE-2 48.260 18.455 PWR 0 1471 101.55 100.70 75.64 100.27 98.80 95.07 82.09 97.13 62.63 52.12 101.26 101.92
TW CHINSHAN-2 25.292 121.568 BWR 0 1840 0.00 0.00 0.00 0.00 0.00 0.00 0.00 0.00 0.00 0.00 0.00 0.00
TW KUOSHENG-1 25.203 121.662 BWR 0 2894 100.17 100.67 99.09 99.96 98.58 99.10 98.31 96.26 99.11 99.46 98.78 99.63
TW KUOSHENG-2 25.203 121.662 BWR 0 2894 100.15 100.20 98.80 32.96 16.93 99.13 96.37 97.58 99.41 99.96 99.20 100.61
TW MAANSHAN-1 21.959 120.753 PWR 0 2822 100.27 100.64 100.43 93.66 99.74 99.50 99.49 100.01 100.29 44.62 2.53 100.33
TW MAANSHAN-2 21.959 120.754 PWR 0 2822 63.94 101.13 100.94 100.63 100.32 100.26 100.14 100.58 100.73 99.95 99.74 100.43
UA KHMELNITSKI-1 50.301 26.649 PWR 0 3000 0.00 0.00 0.00 0.00 0.00 0.00 0.00 0.00 0.00 0.00 0.00 0.00
UA KHMELNITSKI-2 50.301 26.647 PWR 0 3000 102.10 102.32 102.20 102.11 101.78 99.92 99.18 86.05 85.27 0.00 59.75 102.01
UA ROVNO-1 51.326 25.900 PWR 0 1375 0.00 8.42 103.42 101.62 98.20 96.81 98.18 96.37 99.35 101.11 103.12 104.97
UA ROVNO-2 51.326 25.901 PWR 0 1375 105.59 98.73 14.39 0.00 96.75 97.31 98.69 98.89 98.62 101.01 102.02 102.64
UA ROVNO-3 51.326 25.902 PWR 0 3000 96.90 97.47 96.36 89.84 71.78 0.00 0.00 0.00 91.18 96.50 97.94 96.10
UA ROVNO-4 51.326 25.903 PWR 0 3000 100.53 100.34 99.26 98.61 99.36 98.35 88.41 17.66 0.00 22.20 100.39 99.56
UA SOUTHUKRAINE-1 47.811 31.220 PWR 0 3000 102.77 101.69 100.11 100.16 95.89 74.37 70.22 61.87 0.00 65.86 101.42 101.30
UA SOUTHUKRAINE-2 47.811 31.220 PWR 0 3000 102.35 100.94 59.14 0.00 0.00 54.46 98.89 98.95 100.07 101.52 101.09 102.84
UA SOUTHUKRAINE-3 47.812 31.224 PWR 0 3000 101.11 96.96 96.61 99.59 46.66 0.00 0.00 0.00 0.00 0.00 3.56 95.94
UA ZAPOROZHYE-1 47.508 34.627 PWR 0 3000 92.90 97.41 98.99 96.66 94.81 91.53 78.95 92.19 61.34 0.00 0.00 32.03
UA ZAPOROZHYE-2 47.508 34.627 PWR 0 3000 98.29 97.64 33.56 0.00 0.00 0.00 0.00 44.59 98.53 101.40 102.54 103.11
UA ZAPOROZHYE-3 47.507 34.627 PWR 0 3000 26.57 87.01 62.67 99.50 96.28 96.41 97.25 97.31 98.46 99.80 96.59 46.58
UA ZAPOROZHYE-4 47.507 34.627 PWR 0 3000 102.07 101.19 18.44 0.00 0.00 91.84 96.81 96.50 97.78 99.18 100.74 98.63
UA ZAPOROZHYE-5 47.506 34.627 PWR 0 3000 91.63 66.66 98.90 97.76 96.06 2.94 0.00 0.00 12.66 98.54 99.27 90.22
UA ZAPOROZHYE-6 47.506 34.627 PWR 0 3000 23.00 70.27 103.64 103.35 100.97 98.83 98.90 98.69 100.26 101.40 102.40 58.96
US ANO-1 35.310 -93.230 PWR 0 2568 102.58 101.66 101.88 101.43 100.91 101.06 100.29 99.98 99.77 13.27 31.92 102.58
US ANO-2 35.310 -93.229 PWR 0 3026 102.24 101.33 99.46 101.52 78.25 0.00 6.89 99.44 99.73 101.38 101.97 101.95
US BEAVERVALLEY-1 40.624 -80.432 PWR 0 2900 104.04 103.81 103.19 100.51 101.53 99.60 99.64 100.56 92.18 28.29 82.76 103.96
US BEAVERVALLEY-2 40.624 -80.431 PWR 0 2900 102.55 102.40 101.78 101.85 101.05 100.61 99.68 100.13 100.43 101.55 102.48 102.50
US BRAIDWOOD-1 41.247 -88.230 PWR 0 3645 102.11 102.18 102.14 101.81 101.74 100.86 96.77 99.56 90.25 44.80 102.28 102.30
US BRAIDWOOD-2 41.247 -88.229 PWR 0 3645 102.16 102.22 102.12 101.80 101.03 100.40 98.93 98.68 99.93 101.20 101.87 101.97
US BROWNSFERRY-1 34.704 -87.119 BWR 0 3458 100.95 105.44 105.03 103.62 103.88 102.69 102.02 100.44 102.34 104.79 103.00 105.39
US BROWNSFERRY-2 34.703 -87.119 BWR 0 3458 100.69 88.00 2.15 59.12 101.19 96.46 100.53 98.61 66.19 72.11 106.16 101.32
US BROWNSFERRY-3 34.703 -87.119 BWR 0 3458 105.48 104.39 76.95 104.84 103.89 101.88 101.17 100.45 101.45 103.35 59.89 103.92
US BRUNSWICK-2 33.958 -78.007 BWR 0 2923 92.39 96.37 1.97 43.32 100.18 99.55 100.05 100.02 88.80 100.76 101.65 100.43
US BRUNSWICK-1 33.957 -78.007 BWR 0 2923 103.27 102.41 91.86 45.15 101.79 95.65 100.85 100.67 83.70 101.43 100.66 102.65
US BYRON-1 42.074 -89.277 PWR 0 3645 103.55 103.40 102.60 103.06 102.44 101.78 100.85 101.37 101.41 102.68 103.89 103.92
US BYRON-2 42.074 -89.276 PWR 0 3645 103.69 103.72 101.37 38.46 102.69 101.75 100.94 101.47 101.28 102.22 103.26 103.13
US CALLAWAY-1 38.763 -91.781 PWR 0 3565 101.85 99.65 101.05 0.00 36.72 99.05 98.31 99.78 98.78 101.05 101.92 101.96
US CALVERTCLIFFS-1 38.435 -76.439 PWR 0 2737 105.12 104.92 104.64 104.54 103.58 102.27 100.85 98.75 101.35 100.81 104.43 105.01
US CALVERTCLIFFS-2 38.434 -76.439 PWR 0 2737 104.86 58.79 47.13 104.46 103.49 101.82 101.00 100.56 101.47 102.91 104.19 104.29
US CATAWBA-1 35.053 -81.071 PWR 0 3411 102.12 101.90 101.81 101.18 100.72 100.27 99.83 99.80 99.51 100.24 101.61 101.49
US CATAWBA-2 35.053 -81.070 PWR 0 3411 101.66 101.59 101.64 100.89 100.01 99.40 98.70 97.52 37.86 70.64 101.37 101.60
US CLINTON-1 40.172 -88.834 BWR 0 3473 102.04 101.41 101.83 102.01 98.76 100.93 100.33 82.49 49.20 40.06 102.23 101.61
US COLUMBIA 46.471 -119.333 BWR 0 3486 100.96 102.59 102.50 100.26 28.98 30.05 99.63 100.82 101.05 102.40 102.92 102.24
US COMANCHEPEAK-1 32.301 -97.787 PWR 0 3612 102.58 102.20 100.38 55.33 9.77 101.26 100.36 100.08 100.38 101.41 102.25 102.11
US COMANCHEPEAK-2 32.301 -97.786 PWR 0 3612 37.12 102.03 96.42 101.54 101.44 100.82 100.15 99.82 100.06 101.12 101.47 101.76
US COOPER 40.361 -95.643 BWR 0 2419 104.82 103.70 103.97 103.27 102.88 101.57 100.90 101.12 102.59 104.72 103.97 104.82
US DAVISBESSE-1 41.597 -83.092 PWR 0 2817 93.02 102.74 102.38 102.17 101.88 101.45 100.88 101.21 89.01 101.85 102.36 102.36
US DIABLOCANYON-1 35.212 -120.854 PWR 0 3411 99.82 30.42 35.37 101.07 100.89 100.65 100.63 100.26 99.93 99.79 99.06 95.66
US DIABLOCANYON-2 35.212 -120.853 PWR 0 3411 100.80 100.89 100.92 90.22 101.12 100.72 100.74 99.99 68.91 0.00 0.00 37.62
US COOK-1 41.975 -86.564 PWR 0 3304 106.28 100.52 10.99 0.00 54.05 102.33 99.35 99.79 97.69 98.33 104.08 104.24
US COOK-2 41.975 -86.563 PWR 0 3468 104.50 104.15 104.18 103.51 102.74 101.65 84.50 99.54 88.48 2.47 35.51 104.16
US DRESDEN-2 41.386 -88.268 BWR 0 2957 104.77 105.39 104.18 103.44 82.95 102.48 101.31 99.16 89.58 68.38 50.86 82.29
US DRESDEN-3 41.385 -88.268 BWR 0 2957 103.39 106.63 105.77 104.70 103.28 103.84 102.89 103.11 88.81 104.03 106.52 104.92
US DUANEARNOLD-1 42.101 -91.776 BWR 0 1912 100.38 101.87 101.46 86.92 100.80 99.98 98.70 99.65 99.22 100.92 101.45 101.94
US FERMI-2 41.963 -83.257 BWR 0 3486 94.63 103.86 103.20 102.76 101.66 99.89 99.96 100.57 100.42 102.37 103.70 101.89
US FARLEY-1 31.223 -85.115 PWR 0 2775 102.41 74.05 101.92 101.05 100.79 100.32 100.36 100.31 94.12 16.04 102.87 102.76
US FARLEY-2 31.223 -85.114 PWR 0 2775 101.78 101.39 101.58 19.27 85.73 100.07 99.65 99.99 91.95 100.76 101.90 101.71
US FITZPATRICK 43.521 -76.403 BWR 0 2536 104.87 104.77 101.38 104.55 103.51 103.81 101.17 100.70 102.73 103.49 104.20 104.20
US GRANDGULF-1 32.007 -91.045 BWR 0 4408 100.66 85.36 98.78 94.24 68.78 100.56 99.62 100.32 93.49 101.16 51.28 83.47
US ROBINSON-2 34.402 -80.158 PWR 0 2339 106.79 106.84 106.68 106.23 103.63 103.63 103.02 32.64 92.61 105.04 106.50 106.49
US HATCH-1 31.935 -82.346 BWR 0 2804 101.42 102.04 101.44 100.38 79.29 99.44 100.22 99.79 100.02 100.80 100.61 97.02
US HATCH-2 31.934 -82.346 BWR 0 2804 95.19 8.01 12.06 101.53 100.66 97.88 99.39 98.84 70.91 91.84 102.20 102.10
US HOPECREEK-1 39.467 -75.535 BWR 0 3840 105.52 105.40 92.34 93.92 102.34 100.48 94.90 81.39 78.99 35.69 29.69 104.85
US INDIANPOINT-2 41.269 -73.950 PWR 0 3216 103.29 103.03 48.39 88.85 101.92 101.20 99.07 98.89 100.27 101.36 101.94 99.28
US INDIANPOINT-3 41.269 -73.950 PWR 0 3216 101.15 101.26 32.02 68.46 101.43 100.90 100.11 99.68 100.78 101.65 101.61 101.32
US LASALLE-1 41.246 -88.672 BWR 0 3546 103.38 103.31 102.87 102.82 102.02 100.64 99.20 99.46 100.32 102.22 102.89 89.29
US LASALLE-2 41.246 -88.672 BWR 0 3546 95.51 52.37 68.26 102.59 102.10 100.80 98.09 99.80 100.25 101.87 102.95 102.82
US LIMERICK-1 40.225 -75.584 BWR 0 3515 104.55 104.53 103.76 102.90 101.57 99.30 99.86 100.71 97.86 102.33 102.25 102.03
US LIMERICK-2 40.225 -75.584 BWR 0 3515 103.97 102.09 95.05 38.73 78.08 86.35 100.50 101.22 101.67 103.03 104.54 104.60
US MCGUIRE-1 35.433 -80.946 PWR 0 3411 103.47 103.35 69.63 12.99 94.69 101.84 100.77 100.92 100.92 101.90 102.75 103.18
US MCGUIRE-2 35.433 -80.946 PWR 0 3411 102.80 102.87 102.62 102.34 101.92 101.18 100.73 100.13 100.25 101.17 102.01 102.45
US MILLSTONE-2 41.312 -72.166 PWR 0 2700 99.45 99.55 99.50 75.15 87.99 99.17 97.74 98.14 98.19 98.16 99.25 91.89
US MILLSTONE-3 41.311 -72.166 PWR 0 3650 101.94 101.96 101.27 33.00 52.11 101.70 101.02 100.55 100.48 101.01 101.11 81.68
US MONTICELLO 45.334 -93.850 BWR 0 2004 100.49 93.00 82.97 29.33 56.47 101.88 100.42 101.34 102.55 104.66 104.89 104.46
US NINEMILEPOINT-1 43.522 -76.412 BWR 0 1850 100.55 93.61 46.20 3.60 82.66 99.89 97.50 96.69 99.14 99.94 99.16 102.71
US NINEMILEPOINT-2 43.521 -76.413 BWR 0 3988 101.55 101.65 98.93 99.07 82.11 100.43 99.37 99.73 99.67 96.28 101.00 100.11
US NORTHANNA-1 38.061 -77.792 PWR 0 2940 95.14 102.95 103.16 102.37 101.82 100.82 99.62 100.11 23.08 97.81 103.38 103.40
US NORTHANNA-2 38.061 -77.792 PWR 0 2940 103.35 101.07 5.67 68.62 102.49 93.36 99.52 100.37 101.42 102.69 103.59 103.51
US OCONEE-1 34.796 -82.894 PWR 0 2568 100.29 102.32 100.96 102.36 102.07 101.55 100.71 99.85 99.37 100.02 101.44 101.97
US OCONEE-2 34.796 -82.894 PWR 0 2568 102.69 103.23 103.18 103.05 102.91 102.43 101.69 100.67 100.30 94.19 21.27 62.60
US OCONEE-3 34.795 -82.894 PWR 0 2568 101.95 101.86 101.78 101.64 101.41 101.00 100.24 99.24 98.88 99.44 101.02 101.63
US PALISADES 42.323 -86.316 PWR 0 2565 81.94 101.49 101.69 101.36 100.80 99.63 84.50 96.16 98.75 100.23 101.04 101.29
US PALOVERDE-1 33.387 -112.863 PWR 0 3990 101.94 101.94 101.77 16.19 68.88 101.01 100.48 100.22 100.60 101.62 101.62 101.94
US PALOVERDE-2 33.387 -112.863 PWR 0 3990 102.06 101.92 101.44 101.28 101.35 100.97 100.65 85.30 100.31 94.15 101.43 101.67
US PALOVERDE-3 33.386 -112.863 PWR 0 3990 101.03 100.75 100.63 100.71 100.49 100.06 99.58 99.39 99.53 11.89 26.98 100.61
US PEACHBOTTOM-2 39.759 -76.270 BWR 0 3951 103.23 103.30 103.36 103.05 101.73 99.49 97.45 97.25 99.27 101.69 103.34 102.43
US PEACHBOTTOM-3 39.758 -76.270 BWR 0 3951 101.43 101.46 101.45 100.49 99.98 98.01 95.35 93.26 86.19 50.06 79.28 101.38
US PERRY-1 41.801 -81.147 BWR 0 3758 87.72 66.76 19.29 75.14 102.09 94.26 84.62 81.03 96.31 101.88 103.30 100.15
US PILGRIM-1 41.945 -70.578 BWR 0 2028 89.43 100.08 97.87 0.00 0.00 0.00 0.00 0.00 0.00 0.00 0.00 0.00
US POINTBEACH-1 44.282 -87.534 PWR 0 1800 100.94 100.64 69.15 32.17 97.56 101.57 101.51 100.51 101.46 101.39 102.08 101.56
US POINTBEACH-2 44.281 -87.534 PWR 0 1800 101.83 100.67 102.84 102.17 97.74 102.36 102.28 94.64 102.21 102.53 102.91 102.48
US PRAIRIEISLAND-1 44.622 -92.631 PWR 0 1677 106.82 106.78 106.34 99.25 102.91 102.42 102.50 102.91 103.07 106.05 106.62 106.80
US PRAIRIEISLAND-2 44.622 -92.631 PWR 0 1677 107.61 107.64 107.47 105.49 102.69 102.64 102.60 101.80 86.23 15.00 107.57 107.69
US QUADCITIES-1 41.727 -90.308 BWR 0 2957 103.50 101.69 49.73 76.55 102.64 101.31 99.79 78.73 99.09 101.51 102.90 103.09
US QUADCITIES-2 41.726 -90.308 BWR 0 2957 102.65 101.99 101.76 101.81 101.70 100.36 98.80 94.06 99.47 100.36 102.16 102.37
US GINNA 43.279 -77.311 PWR 0 1775 103.55 103.67 103.58 103.63 103.63 89.57 100.52 100.95 102.04 103.19 103.51 103.63
US RIVERBEND-1 30.727 -91.372 BWR 0 3091 82.14 73.49 68.99 0.00 39.76 82.81 99.66 100.17 100.90 80.03 100.63 101.52
US SALEM-1 39.463 -75.534 PWR 0 3459 100.33 98.82 79.41 26.30 0.00 35.90 97.56 97.76 99.05 99.85 100.50 101.21
US SALEM-2 39.463 -75.534 PWR 0 3459 98.19 98.31 101.11 100.72 100.24 99.47 98.08 86.85 98.87 100.03 100.46 100.66
US SEABROOK-1 42.897 -70.849 PWR 0 3648 100.10 100.07 100.14 100.22 100.18 100.10 100.00 99.91 99.68 99.95 98.57 100.11
US SEQUOYAH-1 35.228 -85.094 PWR 0 3455 100.69 100.64 100.58 88.53 99.44 98.68 97.73 86.86 70.80 22.12 7.10 100.76
US SEQUOYAH-2 35.227 -85.094 PWR 0 3455 101.19 101.30 101.27 100.43 100.35 99.71 98.84 98.17 98.42 97.70 101.29 89.33
US HARRIS-1 35.635 -78.955 PWR 0 2900 103.74 103.41 103.01 101.49 100.52 99.68 98.81 99.13 99.09 30.84 38.61 103.82
US SOUTHTEXAS-1 28.797 -96.044 PWR 0 3853 104.48 104.30 104.15 103.45 102.54 101.20 100.92 100.55 101.10 102.01 103.87 103.92
US SOUTHTEXAS-2 28.796 -96.044 PWR 0 3853 104.61 104.52 104.04 103.82 102.73 101.40 101.33 100.89 101.07 12.32 86.19 104.44
US ST.LUCIE-1 27.348 -80.244 PWR 0 3020 102.64 102.91 102.67 82.48 0.00 30.00 101.39 100.78 49.67 40.68 36.62 102.14
US ST.LUCIE-2 27.348 -80.244 PWR 0 3020 103.34 103.66 103.42 102.99 102.77 102.49 102.33 101.75 101.35 102.00 102.82 103.18
US SURRY-1 37.166 -76.700 PWR 0 2587 104.65 104.55 104.57 103.61 101.69 101.13 100.16 101.02 101.64 58.68 1.07 102.75
US SURRY-2 37.166 -76.700 PWR 0 2587 104.40 104.42 104.34 100.66 101.68 101.26 100.08 100.82 101.61 103.38 104.31 104.19
US SUSQUEHANNA-1 41.093 -76.143 PWR 0 3952 102.48 102.24 102.11 101.86 100.02 100.35 99.56 100.34 99.22 101.08 101.18 99.90
US SUSQUEHANNA-2 41.092 -76.143 BWR 0 3952 98.91 90.62 58.33 26.75 99.71 99.56 99.04 99.72 99.68 100.92 101.28 99.86
US THREEMILEISLAND-1 40.154 -76.727 BWR 0 2568 103.75 103.71 103.37 102.57 101.37 100.87 99.84 99.42 89.17 0.00 0.00 0.00
US TURKEYPOINT-3 25.435 -80.330 PWR 0 2644 103.88 104.46 104.57 104.10 96.82 102.60 102.33 102.55 100.18 103.29 104.00 104.37
US TURKEYPOINT-4 25.435 -80.329 PWR 0 2644 103.14 100.77 29.30 59.56 101.38 100.54 100.29 100.43 101.27 101.46 102.26 102.91
US SUMMER-1 34.299 -81.314 BWR 0 2900 101.90 102.05 101.03 101.98 101.66 101.27 100.94 100.87 100.94 101.53 44.34 102.11
US VOGTLE-1 33.143 -81.760 PWR 0 3626 103.73 103.51 103.14 102.58 101.39 103.61 100.40 99.99 100.47 101.54 103.28 103.10
US VOGTLE-2 33.142 -81.760 PWR 0 3626 103.75 102.87 27.09 93.41 102.09 106.01 84.43 100.90 101.24 102.04 103.67 98.79
US WATERFORD-3 29.994 -90.471 PWR 0 3716 13.13 0.00 36.62 101.44 55.13 100.25 99.61 77.73 100.60 101.35 101.42 101.67
US WATTSBAR-1 35.601 -84.789 PWR 0 3459 103.19 102.54 102.14 101.45 99.90 98.92 97.31 98.01 0.00 26.59 102.38 102.12
US WATTSBAR-2 35.601 -84.789 PWR 0 3411 102.61 81.36 102.29 39.08 32.19 98.51 97.72 97.34 96.84 99.42 102.15 102.11
US WOLFCREEK 38.239 -95.691 PWR 0 3565 102.13 102.18 102.25 102.03 101.53 100.72 99.70 100.03 66.01 0.00 79.04 102.19
ZA KOEBERG-1 -33.677 18.433 PWR 0 2775 98.64 98.88 98.71 98.84 62.10 98.63 98.49 98.36 61.75 0.00 0.00 0.00
ZA KOEBERG-2 -33.677 18.434 PWR 0 2775 99.26 99.65 99.60 99.88 99.66 99.58 95.51 99.45 99.94 99.94 99.80 99.71