AR ATUCHA-1 -33.967 -59.209 PHWR 0 1179 96.70 97.88 79.27 0.00 0.00 0.00 45.72 89.95 97.95 87.72 97.12 94.85
AR ATUCHA-2 -33.968 -59.205 PHWR 0 2160 59.03 80.62 81.46 70.14 64.71 78.02 88.37 71.66 27.47 4.11 71.69 81.04
AR EMBALSE -32.232 -64.442 PHWR 0 2015 0.00 0.00 0.00 0.00 0.00 6.35 65.70 0.00 0.00 0.00 4.57 67.40
AM ARMENIAN-2 40.181 44.147 PWR 0 1375 93.26 91.69 89.83 85.74 69.61 86.73 81.35 85.46 48.99 19.85 93.71 94.36
BE DOEL-1 51.323 4.259 PWR 0 1311 87.37 37.19 0.00 0.00 0.00 0.00 0.00 0.00 0.00 0.00 0.00 2.20
BE DOEL-2 51.323 4.259 PWR 0 1311 101.39 101.58 101.55 100.36 45.02 100.19 99.31 98.92 99.51 74.18 0.00 19.90
BE DOEL-3 51.325 4.257 PWR 1 3054 0.00 0.00 0.00 0.00 0.00 0.00 0.00 0.00 0.00 0.00 0.00 8.61
BE DOEL-4 51.325 4.257 PWR 0 2988 100.32 100.19 99.88 99.92 99.50 99.00 98.14 88.10 0.00 42.83 99.50 99.61
BE TIHANGE-1 50.533 5.271 PWR 0 2873 97.38 101.79 101.83 98.24 99.77 62.30 0.00 0.00 11.95 99.37 99.87 74.28
BE TIHANGE-2 50.533 5.271 PWR 1 3064 0.00 0.00 0.00 0.00 0.00 0.00 0.00 0.00 0.00 0.00 0.00 51.34
BE TIHANGE-3 50.532 5.271 PWR 0 3000 94.98 97.48 64.51 0.00 65.14 98.91 95.32 51.93 99.29 99.77 99.57 100.16
BR ANGRA-1 -23.008 -44.457 PWR 0 1882 93.69 54.67 63.58 98.98 21.05 0.00 70.62 89.10 96.31 80.15 100.16 100.15
BR ANGRA-2 -23.007 -44.458 PWR 0 3764 99.20 99.69 100.21 100.84 101.30 101.26 101.24 92.18 70.27 13.00 98.68 100.46
BG KOZLODUY-5 43.747 23.770 PWR 0 3000 101.61 99.93 101.57 31.76 34.16 97.22 98.22 99.16 99.90 101.10 101.39 101.46
BG KOZLODUY-6 43.746 23.771 PWR 0 3000 101.70 103.94 103.45 103.22 102.09 101.14 98.75 85.29 9.46 12.03 101.67 102.31
CA BRUCE-1 44.341 -81.572 PHWR 0 2575 97.37 0.00 71.22 99.45 98.75 101.66 97.91 85.16 98.55 99.64 91.27 100.39
CA BRUCE-2 44.341 -81.572 PHWR 0 2456 101.25 101.39 93.65 101.49 101.06 101.73 101.44 101.00 100.80 101.56 97.32 92.13
CA BRUCE-3 44.341 -81.572 PHWR 0 2832 90.57 99.76 101.28 102.28 55.54 95.59 99.63 101.62 40.65 82.23 98.17 99.98
CA BRUCE-4 44.342 -81.572 PHWR 0 2832 102.33 102.48 102.66 102.90 97.37 99.14 53.45 0.00 0.00 0.00 66.21 99.13
CA BRUCE-5 44.320 -81.588 PHWR 0 2832 99.40 98.86 81.44 47.40 53.30 95.58 94.95 93.89 98.06 99.12 90.46 84.63
CA BRUCE-6 44.319 -81.588 PHWR 0 2690 99.11 99.23 98.41 25.00 0.00 0.00 91.22 99.18 99.02 91.81 94.85 98.05
CA BRUCE-7 44.319 -81.588 PHWR 0 2832 84.38 100.33 96.76 45.87 60.54 96.42 98.45 97.38 98.81 99.59 89.26 92.99
CA BRUCE-8 44.318 -81.588 PHWR 0 2690 98.87 100.00 96.68 41.54 60.51 90.39 98.95 97.11 98.19 83.74 93.81 94.89
CA DARLINGTON-1 43.867 -78.724 PHWR 0 2776 98.41 98.03 97.78 97.55 97.44 12.21 97.87 97.27 37.63 0.00 97.32 24.92
CA DARLINGTON-2 43.867 -78.724 PHWR 0 2776 92.67 99.99 100.32 87.82 100.04 98.21 97.40 96.55 37.11 0.00 92.48 97.94
CA DARLINGTON-3 43.866 -78.724 PHWR 0 2776 99.60 99.71 99.55 99.57 99.47 99.38 56.01 97.19 30.22 0.00 0.00 0.56
CA DARLINGTON-4 43.866 -78.724 PHWR 0 2776 91.51 93.71 100.07 100.31 100.16 99.70 99.09 98.19 33.81 2.17 100.41 100.70
CA PICKERING-1 43.812 -79.070 PHWR 0 1744 13.00 98.57 100.08 92.42 0.00 0.00 0.00 14.59 95.15 91.02 98.37 94.08
CA PICKERING-4 43.811 -79.067 PHWR 0 1744 92.46 96.31 99.27 98.04 95.79 98.74 96.41 80.27 85.78 97.87 95.36 98.66
CA PICKERING-5 43.811 -79.065 PHWR 0 1744 33.00 0.00 0.00 0.00 55.38 96.78 98.16 98.43 96.47 97.58 99.06 98.38
CA PICKERING-6 43.811 -79.064 PHWR 0 1744 80.55 95.63 81.10 99.92 100.00 96.31 97.39 97.84 60.11 0.00 0.00 0.00
CA PICKERING-7 43.810 -79.063 PHWR 0 1744 56.05 86.75 77.43 99.55 100.01 98.76 94.58 98.43 97.06 98.71 100.12 100.17
CA PICKERING-8 43.810 -79.062 PHWR 0 1744 100.40 100.83 101.21 99.61 100.10 98.22 52.50 96.92 92.14 98.83 99.52 99.32
CA POINTLEPREAU 45.068 -66.455 PHWR 0 2180 100.35 100.87 57.78 33.70 86.89 58.76 77.19 16.74 76.10 81.95 99.35 99.72
CN CEFR 39.739 116.030 FBR 0 65 0.00 0.00 0.00 0.00 0.00 0.00 0.00 0.00 0.00 0.00 0.00 0.00
CN CHANGJIANG-1 19.461 108.900 PWR 0 1930 0.00 0.00 0.00 0.00 0.00 0.00 0.00 0.00 0.00 0.00 2.80 7.47
CN DAYABAY-1 22.599 114.544 PWR 0 2905 100.50 101.15 29.34 0.00 18.30 100.71 100.73 100.85 100.85 101.03 101.44 101.78
CN DAYABAY-2 22.599 114.544 PWR 0 2905 85.05 99.21 100.98 101.02 99.13 100.25 100.09 100.25 100.17 100.39 101.04 101.57
CN FANGCHENGGANG-1 21.669 108.560 PWR 0 2905 0.00 0.00 0.00 0.00 0.00 0.00 0.00 0.00 0.00 7.42 18.96 68.80
CN HONGYANHE-1 39.7958 121.4806 PWR 0 2905 92.70 84.45 46.22 2.85 86.98 95.93 93.75 94.22 86.20 90.22 83.48 93.44
CN HONGYANHE-2 39.7958 121.4806 PWR 0 2905 0.00 0.00 30.61 94.52 39.56 72.58 78.66 0.00 46.00 39.78 0.00 48.05
CN HONGYANHE-3 39.7958 121.4806 PWR 0 2905 0.00 0.00 6.65 13.02 14.66 0.00 11.49 83.54 90.96 53.12 29.81 0.00
CN LINGAO-1 22.606 114.550 PWR 0 2905 98.88 97.09 100.75 100.16 99.71 99.22 99.25 99.24 82.46 0.00 58.85 100.63
CN LINGAO-2 22.605 114.550 PWR 0 2905 97.68 73.00 100.77 56.76 66.18 99.70 98.73 99.83 96.82 95.83 100.13 100.96
CN LINGAO-3 22.609 114.552 PWR 0 2905 0.00 82.97 102.28 94.40 100.47 100.98 100.86 101.01 98.21 97.86 101.61 102.39
CN LINGAO-4 22.609 114.552 PWR 0 2905 98.22 58.06 23.54 101.85 98.53 100.58 100.43 100.86 95.81 93.57 101.33 102.38
CN NINGDE-1 27.0450 120.2800 PWR 0 2905 100.23 92.23 96.18 97.82 99.08 92.43 93.94 98.48 90.01 0.00 65.14 95.85
CN NINGDE-2 27.0444 120.2833 PWR 0 2905 99.84 54.15 0.00 13.05 94.74 89.22 89.35 86.78 80.97 92.03 85.87 89.86
CN NINGDE-3 27.0444 120.2833 PWR 0 2905 0.00 0.00 5.08 20.37 32.62 66.84 76.28 74.37 81.49 92.38 86.47 88.07
CN QINSHAN-1 30.440 120.950 PWR 0 966 104.24 90.06 103.92 104.39 103.77 103.12 100.31 89.87 0.92 99.04 104.28 103.31
CN QINSHAN2-1 30.421 120.945 PWR 0 1930 103.47 97.85 103.19 103.13 89.52 0.00 83.89 98.89 96.94 95.85 96.94 101.70
CN QINSHAN2-2 30.421 120.946 PWR 0 1930 103.28 97.64 102.94 66.85 84.13 97.20 99.18 99.37 98.63 43.50 100.72 101.47
CN QINSHAN2-3 30.419 120.942 PWR 0 1930 100.67 75.29 101.41 101.44 101.17 99.17 99.40 96.81 67.24 58.87 79.40 19.07
CN QINSHAN2-4 30.419 120.942 PWR 0 1930 13.31 70.03 103.01 102.99 102.58 100.64 99.34 98.35 96.96 99.62 99.71 99.03
CN QINSHAN3-1 30.436 120.961 PHWR 0 2064 100.25 94.63 96.41 0.00 1.18 92.42 95.02 94.83 94.45 95.67 98.51 99.70
CN QINSHAN3-2 30.435 120.961 PHWR 0 2064 99.63 94.32 99.53 99.10 96.04 95.59 95.89 94.75 96.23 98.16 68.76 99.27
CN TIANWAN-1 34.690 119.456 PWR 0 3000 62.88 23.94 100.96 100.91 100.20 98.94 99.55 98.84 99.27 100.06 100.72 100.72
CN TIANWAN-2 34.689 119.456 PWR 0 3000 100.56 99.83 100.80 100.81 43.71 54.05 98.87 99.01 82.20 84.55 100.72 96.31
CN YANGJIANG-1 21.708071 112.259 PWR 0 2905 82.74 0.00 0.00 67.20 101.32 101.99 101.84 101.88 97.40 95.63 102.80 103.39
CN YANGJIANG-2 21.708071 112.259 PWR 0 2905 0.00 0.00 29.65 0.00 37.32 103.46 101.90 101.97 101.09 100.04 103.45 103.62
CN YANGJIANG-3 21.708071 112.259 PWR 0 2905 0.00 0.00 0.00 0.00 0.00 0.00 0.00 0.00 0.00 28.11 5.07 46.74
CN FANGJIASHAN-1 30.441 120.942 PWR 0 2905 101.34 82.47 100.98 100.95 98.97 96.67 94.96 95.99 97.50 44.06 0.00 57.26
CN FANGJIASHAN-2 30.441 120.942 PWR 0 2905 20.83 86.53 101.56 101.21 99.17 96.65 94.90 96.30 95.44 94.01 98.92 25.79
CN FUQING-1 25.446 119.447 PWR 0 2905 81.78 94.47 99.77 100.02 95.91 93.83 89.90 88.61 81.48 0.00 0.00 3.06
CN FUQING-2 25.446 119.447 PWR 0 2905 0.00 0.00 0.00 0.00 0.00 0.00 0.00 15.58 16.76 69.19 87.57 87.92
TW CHINSHAN-1 25.292 121.567 BWR 0 1840 0.00 0.00 0.00 0.00 0.00 0.00 0.00 0.00 0.00 0.00 0.00 0.00
TW CHINSHAN-2 25.292 121.568 BWR 0 1840 104.66 102.71 103.84 103.58 93.35 101.28 101.80 95.39 96.35 103.04 99.70 0.00
TW KUOSHENG-1 25.203 121.662 BWR 0 2894 100.99 99.96 100.73 76.85 0.74 95.67 98.60 94.48 95.41 99.94 99.37 92.56
TW KUOSHENG-2 25.203 121.662 BWR 0 2894 100.20 101.29 101.26 99.82 100.14 99.79 97.33 96.77 97.06 98.48 100.25 99.81
TW MAANSHAN-1 21.959 120.753 PWR 0 2822 100.64 100.51 74.39 28.46 100.15 99.88 99.84 93.30 99.57 99.62 99.85 100.02
TW MAANSHAN-2 21.959 120.754 PWR 0 2822 101.14 101.09 100.90 86.67 53.60 100.20 100.18 100.27 100.16 100.22 26.51 0.00
CZ DUKOVANY-1 49.089 16.149 PWR 0 1444 100.26 100.38 100.52 99.93 98.41 98.00 96.55 84.89 0.00 0.00 0.00 0.00
CZ DUKOVANY-2 49.089 16.149 PWR 0 1444 99.60 99.53 84.36 -0.15 96.34 97.72 96.84 96.05 56.67 0.00 0.00 0.00
CZ DUKOVANY-3 49.089 16.149 PWR 0 1444 99.91 94.64 36.16 99.93 97.94 97.40 95.49 94.88 58.58 0.00 0.00 10.32
CZ DUKOVANY-4 49.088 16.149 PWR 0 1444 98.11 98.27 100.47 100.01 98.41 77.98 96.89 95.98 98.83 100.15 99.99 99.43
CZ TEMELIN-1 49.181 14.377 PWR 0 3120 100.02 100.43 101.19 100.72 99.59 99.39 28.03 16.14 66.06 101.03 100.97 101.13
CZ TEMELIN-2 49.181 14.377 PWR 0 3120 100.23 100.98 100.78 56.58 0.00 0.00 1.58 74.95 62.52 101.69 100.64 101.57
FI LOVIISA-1 60.372 26.342 PWR 0 1500 100.05 100.17 100.19 99.96 99.42 99.07 95.69 25.05 96.07 98.65 99.21 99.85
FI LOVIISA-2 60.371 26.343 PWR 0 1500 98.67 100.98 101.03 100.77 100.36 99.89 98.58 78.87 47.43 100.00 88.12 100.46
FI OLKILUOTO-1 61.235 21.444 BWR 0 2500 100.93 100.73 98.89 96.28 63.69 98.94 97.51 96.51 98.45 99.65 99.95 100.69
FI OLKILUOTO-2 61.235 21.445 BWR 0 2500 101.16 30.13 100.98 99.70 53.92 81.62 97.88 97.26 98.61 100.36 100.92 101.05
FR BELLEVILLE-1 47.511 2.871 PWR 0 3817 98.84 97.58 94.58 85.29 75.62 86.03 82.62 92.01 94.64 96.62 94.56 95.04
FR BELLEVILLE-2 47.510 2.871 PWR 0 3817 98.48 97.98 88.03 8.02 18.29 89.86 96.36 96.73 98.22 98.80 91.80 86.72
FR BLAYAIS-1 45.256 -0.691 PWR 1 2785 100.72 100.88 100.82 72.98 26.33 82.49 90.67 85.33 92.87 97.04 96.38 89.73
FR BLAYAIS-2 45.256 -0.691 PWR 1 2785 92.70 18.46 0.00 68.47 87.85 90.88 93.58 92.83 94.98 98.83 98.82 102.95
FR BLAYAIS-3 45.256 -0.690 PWR 0 2785 0.00 0.00 0.00 0.00 0.00 0.00 0.00 0.00 32.27 93.98 102.86 102.97
FR BLAYAIS-4 45.256 -0.690 PWR 0 2785 97.04 100.66 100.67 99.46 61.42 0.00 0.00 0.00 0.00 44.62 85.94 93.96
FR BUGEY-2 45.798 5.267 PWR 0 2785 98.19 99.14 98.33 91.87 79.22 91.11 58.50 88.83 97.09 99.37 99.56 99.99
FR BUGEY-3 45.798 5.268 PWR 0 2785 81.54 87.17 0.00 80.17 97.04 94.20 89.66 95.71 97.06 96.91 85.48 98.13
FR BUGEY-4 45.800 5.267 PWR 0 2785 102.84 102.29 100.60 75.70 93.93 0.00 66.62 94.27 81.36 87.52 98.26 82.39
FR BUGEY-5 45.800 5.268 PWR 0 2785 100.68 101.35 100.14 98.60 98.22 97.23 96.38 75.80 0.00 0.00 -0.61 -1.37
FR CATTENOM-1 49.416 6.217 PWR 0 3817 95.65 44.03 0.00 0.00 0.00 44.81 88.79 93.97 81.09 90.32 98.45 99.38
FR CATTENOM-2 49.416 6.217 PWR 0 3817 90.92 98.11 97.58 94.96 95.43 94.84 94.20 61.90 4.89 95.20 89.31 80.92
FR CATTENOM-3 49.415 6.217 PWR 0 3817 93.83 81.09 71.51 94.78 91.19 14.07 67.43 95.06 95.77 94.88 97.50 98.20
FR CATTENOM-4 49.415 6.217 PWR 0 3817 92.72 97.76 94.96 92.13 86.16 91.48 95.13 55.87 95.76 96.75 98.73 99.54
FR CHINONB-1 47.230 0.168 PWR 1 2785 83.55 92.61 97.75 92.18 95.12 37.87 0.00 13.34 96.85 88.97 98.60 91.11
FR CHINONB-2 47.229 0.168 PWR 1 2785 99.18 100.46 64.02 20.19 98.91 97.96 93.97 94.55 98.48 9.45 0.00 55.76
FR CHINONB-3 47.224 0.171 PWR 1 2785 99.74 99.83 99.03 97.94 97.83 98.20 97.65 66.11 0.00 0.00 17.75 94.45
FR CHINONB-4 47.224 0.171 PWR 1 2785 97.72 98.88 97.48 97.91 4.27 92.63 94.22 94.61 79.75 98.44 98.13 98.81
FR CHOOZB-1 50.089 4.791 PWR 0 4270 97.89 101.28 99.28 97.91 90.13 98.01 98.07 98.36 34.46 36.59 96.89 87.17
FR CHOOZB-2 50.089 4.791 PWR 0 4270 58.93 0.00 0.00 35.02 96.18 87.78 96.53 95.73 97.55 98.40 98.44 97.23
FR CIVAUX-1 46.457 0.654 PWR 0 4270 91.76 99.07 97.75 87.99 82.06 83.98 87.89 70.02 97.24 87.63 89.26 93.56
FR CIVAUX-2 46.457 0.655 PWR 0 4270 99.21 99.48 92.00 63.09 0.00 0.00 19.53 90.53 96.20 96.94 93.33 69.42
FR CRUAS-1 44.634 4.757 PWR 0 2785 98.78 98.58 85.25 0.00 0.00 0.00 0.00 0.00 3.22 75.53 93.81 96.37
FR CRUAS-2 44.633 4.757 PWR 0 2785 68.93 91.58 95.72 93.53 87.42 93.31 91.19 92.76 93.00 25.35 0.00 3.21
FR CRUAS-3 44.633 4.757 PWR 0 2785 99.73 58.20 54.43 100.59 98.75 92.04 95.61 83.59 0.00 72.05 88.44 96.40
FR CRUAS-4 44.632 4.757 PWR 0 2785 91.46 59.69 70.34 99.16 3.36 67.27 87.33 95.63 98.63 99.55 97.72 97.06
FR DAMPIERRE-1 47.732 2.513 PWR 1 2785 99.69 100.34 98.28 96.63 94.63 82.96 0.00 -0.20 78.50 96.68 94.74 90.32
FR DAMPIERRE-2 47.732 2.514 PWR 1 2785 101.41 95.01 97.60 70.02 22.29 34.24 91.83 93.72 97.64 94.35 90.70 96.70
FR DAMPIERRE-3 47.732 2.515 PWR 1 2785 99.84 101.99 101.42 99.93 98.35 96.90 94.97 96.80 82.42 0.00 7.23 102.72
FR DAMPIERRE-4 47.732 2.516 PWR 1 2785 101.44 100.93 99.05 99.40 97.71 97.41 9.26 41.64 97.82 99.18 100.05 98.00
FR FESSENHEIM-1 47.903 7.564 PWR 0 2785 97.17 97.76 77.09 97.76 91.79 96.79 94.50 77.52 97.17 98.13 98.93 96.35
FR FESSENHEIM-2 47.903 7.565 PWR 0 2785 98.69 90.23 0.00 33.58 86.22 81.36 66.12 66.94 79.38 97.65 85.24 98.18
FR FLAMANVILLE-1 49.537 -1.881 PWR 0 3817 97.01 97.86 97.56 32.46 0.00 0.00 58.09 96.98 95.53 95.69 97.50 97.87
FR FLAMANVILLE-2 49.537 -1.881 PWR 0 3817 96.88 97.31 95.60 98.27 99.15 98.88 97.74 66.34 0.00 0.00 1.85 59.23
FR GOLFECH-1 44.105 0.845 PWR 0 3817 95.37 96.72 90.71 82.76 78.49 89.39 75.27 75.31 84.48 94.67 91.37 98.97
FR GOLFECH-2 44.104 0.845 PWR 0 3817 93.29 97.69 96.30 92.19 90.65 91.70 92.75 0.00 2.13 94.26 85.73 79.49
FR GRAVELINES-1 51.014 2.138 PWR 1 2785 95.80 97.47 97.75 73.60 63.19 0.00 0.00 28.66 94.52 98.21 97.35 94.91
FR GRAVELINES-2 51.013 2.138 PWR 1 2785 100.47 100.31 61.70 96.51 89.93 95.94 96.51 61.47 0.00 0.00 0.08 82.88
FR GRAVELINES-3 51.013 2.138 PWR 1 2785 88.79 97.47 96.51 91.74 94.09 91.87 97.08 85.16 11.15 79.03 98.55 97.84
FR GRAVELINES-4 51.012 2.138 PWR 1 2785 100.92 103.49 66.58 0.00 22.10 95.15 92.65 92.48 99.87 100.29 100.97 101.65
FR GRAVELINES-5 51.012 2.138 PWR 0 2785 99.53 99.93 94.45 32.84 29.06 95.15 92.42 94.58 90.90 95.42 95.82 93.41
FR GRAVELINES-6 51.011 2.138 PWR 0 2785 89.64 102.50 99.69 86.90 85.84 87.61 96.50 1.39 100.21 98.05 83.70 97.44
FR NOGENT-1 48.517 3.520 PWR 0 3817 98.22 98.75 97.92 9.65 0.00 21.46 94.70 95.95 97.35 98.00 97.66 97.66
FR NOGENT-2 48.516 3.520 PWR 0 3817 85.72 93.48 19.29 12.18 91.10 95.92 90.82 95.48 35.41 0.00 42.56 86.54
FR PALUEL-1 49.857 0.635 PWR 0 3817 97.87 98.40 97.81 93.74 89.42 76.86 79.97 39.54 68.97 91.02 95.06 97.20
FR PALUEL-2 49.856 0.635 PWR 0 3817 96.17 92.54 94.85 96.03 43.35 0.00 0.00 0.00 0.00 0.00 0.00 0.00
FR PALUEL-3 49.856 0.635 PWR 0 3817 94.84 0.00 0.00 0.00 33.21 80.08 79.93 64.64 78.08 84.09 88.77 54.68
FR PALUEL-4 49.856 0.635 PWR 0 3817 89.16 95.90 89.07 71.93 59.96 75.74 27.42 33.80 79.57 95.57 95.54 96.08
FR PENLY-1 49.975 1.215 PWR 0 3817 86.10 93.93 90.08 87.32 79.54 83.29 85.19 79.30 83.00 92.89 92.72 93.92
FR PENLY-2 49.975 1.215 PWR 0 3817 98.82 98.76 99.41 99.09 86.38 0.00 55.82 69.95 79.42 91.51 87.20 81.99
FR ST.ALBAN-1 45.404 4.754 PWR 0 3817 95.87 96.70 94.82 92.06 91.35 95.38 84.78 89.48 49.16 9.13 77.48 54.32
FR ST.ALBAN-2 45.404 4.755 PWR 0 3817 98.02 97.54 94.27 28.59 44.38 89.95 71.29 81.83 85.65 93.04 93.27 90.32
FR ST.LAURENTB-1 47.721 1.581 PWR 1 2785 97.74 98.32 97.45 32.38 0.00 0.00 0.00 0.00 79.82 86.73 84.38 97.16
FR ST.LAURENTB-2 47.720 1.581 PWR 1 2785 97.69 98.30 96.14 95.69 92.12 92.43 91.27 89.94 32.19 0.00 37.11 95.97
FR TRICASTIN-1 44.330 4.733 PWR 1 2785 97.24 99.25 98.79 98.18 92.09 94.98 30.38 0.00 0.00 79.94 88.47 84.24
FR TRICASTIN-2 44.330 4.733 PWR 1 2785 99.04 99.36 41.82 0.00 0.00 88.82 96.17 99.47 100.06 102.81 102.29 103.43
FR TRICASTIN-3 44.331 4.733 PWR 1 2785 99.95 102.01 102.05 100.29 100.31 16.71 61.79 91.61 99.18 101.05 100.57 100.17
FR TRICASTIN-4 44.331 4.733 PWR 1 2785 103.21 104.71 100.90 102.49 90.06 97.23 99.02 98.91 84.67 0.00 0.24 98.51
DE BROKDORF 53.850 9.345 PWR 1 3900 90.58 95.49 95.03 95.62 88.96 25.00 89.99 92.06 93.92 94.28 85.94 84.87
DE EMSLAND 52.471 7.322 PWR 0 3850 98.22 100.87 99.14 75.87 5.91 99.07 97.75 98.32 98.46 100.13 96.85 97.81
DE GRAFENRHEINFELD 49.984 10.186 PWR 1 3765 96.68 93.85 27.58 95.04 80.08 57.60 0.00 0.00 0.00 0.00 0.00 0.00
DE GROHNDE 52.033 9.412 PWR 1 3900 95.51 97.66 95.07 30.42 84.34 91.36 89.44 90.40 93.15 38.97 93.49 94.57
DE GUNDREMMINGEN-B 48.515 10.404 BWR 1 3840 99.68 94.50 58.72 57.92 98.45 99.21 97.91 98.61 98.11 101.05 100.27 97.82
DE GUNDREMMINGEN-C 48.515 10.404 BWR 1 3840 99.37 100.88 96.24 98.24 92.96 83.51 5.23 74.24 99.37 100.31 98.57 100.10
DE ISAR-2 48.607 12.296 PWR 1 3950 95.01 97.51 95.68 95.75 95.24 92.79 7.58 57.06 95.28 98.31 96.94 95.97
DE NECKARWESTHEIM-2 49.039 9.176 PWR 0 3850 98.99 100.71 100.61 99.92 98.21 98.77 97.96 97.57 74.92 35.38 99.79 99.74
DE PHILIPPSBURG-2 49.253 8.433 PWR 1 3950 97.46 97.71 97.08 97.34 95.33 53.65 23.14 95.40 95.44 97.22 95.54 93.44
HU PAKS-1 46.574 18.855 PWR 0 1485 103.55 103.68 103.53 9.53 0.00 72.99 98.59 98.39 100.10 101.81 102.32 102.22
HU PAKS-2 46.574 18.856 PWR 0 1485 103.31 103.17 101.86 101.95 101.97 100.64 98.83 21.36 90.62 98.10 102.36 103.69
HU PAKS-3 46.574 18.857 PWR 0 1485 102.82 102.55 99.85 97.74 101.10 99.41 97.19 97.09 99.51 101.53 19.97 82.16
HU PAKS-4 46.574 18.858 PWR 0 1485 101.64 101.64 101.45 100.36 100.25 99.04 16.75 95.92 98.09 100.14 100.44 100.77
IN KAIGA-1 14.865 74.438 PHWR 0 801 91.91 97.52 101.99 87.84 101.87 104.02 105.00 105.16 104.05 103.67 72.64 103.75
IN KAIGA-2 14.865 74.438 PHWR 0 801 93.54 100.36 61.41 94.91 103.78 104.84 80.06 73.89 96.14 65.16 103.75 104.24
IN KAIGA-3 14.865 74.442 PHWR 0 800 99.81 106.43 74.59 107.68 106.92 105.83 105.88 106.34 106.53 105.68 105.03 105.60
IN KAIGA-4 14.865 74.442 PHWR 0 800 104.21 107.02 107.77 107.04 106.36 105.12 94.63 0.00 101.08 84.07 105.93 106.69
IN KAKRAPAR-1 21.236 73.351 PHWR 0 801 102.97 101.79 99.73 12.31 45.42 97.89 98.45 98.92 97.22 98.83 89.94 101.52
IN KAKRAPAR-2 21.235 73.351 PHWR 0 801 94.27 94.26 92.03 90.21 74.76 88.80 0.00 0.00 0.00 0.00 0.00 0.00
IN KUDANKULAM-1 8.1689 77.7125 PWR 0 3000 87.06 101.79 101.43 97.58 56.09 41.30 0.00 0.00 0.00 0.00 0.00 0.00
IN MADRAS-1 12.557 80.177 PHWR 0 801 58.93 89.56 96.19 98.34 97.57 99.45 101.27 101.03 69.19 96.18 84.52 97.31
IN MADRAS-2 12.557 80.177 PHWR 0 801 69.86 77.29 78.16 78.48 80.54 82.66 82.89 80.65 79.89 76.16 52.69 0.00
IN NARORA-1 28.156 78.409 PHWR 0 801 89.18 92.76 92.90 78.08 90.97 89.99 86.95 88.52 79.61 77.61 97.80 99.32
IN NARORA-2 28.155 78.409 PHWR 0 801 96.52 98.43 99.21 99.38 96.00 95.69 95.29 94.11 84.30 62.61 45.09 18.06
IN RAJASTHAN-1 24.876 75.608 PHWR 0 346 0.00 0.00 0.00 0.00 0.00 0.00 0.00 0.00 0.00 0.00 0.00 0.00
IN RAJASTHAN-2 24.876 75.609 PHWR 0 693 73.77 90.90 84.31 31.28 71.91 75.51 79.21 91.83 89.84 89.13 88.35 89.84
IN RAJASTHAN-3 24.872 75.619 PHWR 0 801 88.74 99.33 97.85 82.21 77.92 83.84 80.10 93.27 92.94 95.05 87.61 97.14
IN RAJASTHAN-4 24.872 75.619 PHWR 0 801 101.36 104.01 95.03 92.79 83.83 99.10 76.97 61.22 0.00 92.56 99.70 100.44
IN RAJASTHAN-5 24.872 75.625 PHWR 0 801 87.74 103.34 91.33 85.53 91.06 98.15 97.03 96.65 97.65 101.01 102.52 104.11
IN RAJASTHAN-6 24.872 75.625 PHWR 0 801 -1.93 38.31 96.90 95.91 86.09 94.61 90.27 78.48 93.51 31.56 99.69 100.10
IN TARAPUR-1 19.834 72.657 BWR 0 530 0.00 0.00 0.00 0.00 0.00 0.00 0.00 0.00 82.39 102.32 101.87 102.48
IN TARAPUR-2 19.834 72.657 BWR 0 530 54.95 89.24 101.41 101.08 92.89 68.55 80.33 72.12 17.95 0.00 0.00 0.00
IN TARAPUR-3 19.830 72.663 PHWR 0 1730 100.85 100.88 74.44 75.46 89.25 100.63 99.92 99.62 98.26 97.53 96.70 98.05
IN TARAPUR-4 19.830 72.664 PHWR 0 1730 -1.59 72.24 98.94 99.56 92.82 99.77 100.38 99.21 97.99 97.11 97.28 98.00
IR BUSHEHR-1 28.8296 50.8860 PWR 0 3000 69.40 72.89 3.10 0.00 56.62 91.97 96.49 89.34 0.00 0.00 0.00 0.00
JP FUKUSHIMA-DAINI-1 37.315 141.024 BWR 0 3293 0.00 0.00 0.00 0.00 0.00 0.00 0.00 0.00 0.00 0.00 0.00 0.00
JP FUKUSHIMA-DAINI-2 37.315 141.025 BWR 0 3293 0.00 0.00 0.00 0.00 0.00 0.00 0.00 0.00 0.00 0.00 0.00 0.00
JP FUKUSHIMA-DAINI-3 37.315 141.026 BWR 0 3293 0.00 0.00 0.00 0.00 0.00 0.00 0.00 0.00 0.00 0.00 0.00 0.00
JP FUKUSHIMA-DAINI-4 37.315 141.027 BWR 0 3293 0.00 0.00 0.00 0.00 0.00 0.00 0.00 0.00 0.00 0.00 0.00 0.00
JP GENKAI-1 33.518 129.837 PWR 0 1650 0.00 0.00 0.00 0.00 0.00 0.00 0.00 0.00 0.00 0.00 0.00 0.00
JP GENKAI-2 33.517 129.837 PWR 0 1650 0.00 0.00 0.00 0.00 0.00 0.00 0.00 0.00 0.00 0.00 0.00 0.00
JP GENKAI-3 33.517 129.837 PWR 0 3423 0.00 0.00 0.00 0.00 0.00 0.00 0.00 0.00 0.00 0.00 0.00 0.00
JP GENKAI-4 33.516 129.837 PWR 0 3423 0.00 0.00 0.00 0.00 0.00 0.00 0.00 0.00 0.00 0.00 0.00 0.00
JP HAMAOKA-3 34.620 138.141 BWR 0 3293 0.00 0.00 0.00 0.00 0.00 0.00 0.00 0.00 0.00 0.00 0.00 0.00
JP HAMAOKA-4 34.620 138.141 BWR 0 3293 0.00 0.00 0.00 0.00 0.00 0.00 0.00 0.00 0.00 0.00 0.00 0.00
JP HAMAOKA-5 34.619 138.141 BWR 0 3926 0.00 0.00 0.00 0.00 0.00 0.00 0.00 0.00 0.00 0.00 0.00 0.00
JP HIGASHIDORI-1(TOHOKU) 41.188 141.393 BWR 0 3293 0.00 0.00 0.00 0.00 0.00 0.00 0.00 0.00 0.00 0.00 0.00 0.00
JP IKATA-1 33.491 132.309 PWR 0 1650 0.00 0.00 0.00 0.00 0.00 0.00 0.00 0.00 0.00 0.00 0.00 0.00
JP IKATA-2 33.491 132.310 PWR 0 1650 0.00 0.00 0.00 0.00 0.00 0.00 0.00 0.00 0.00 0.00 0.00 0.00
JP IKATA-3 33.491 132.312 PWR 0 2660 0.00 0.00 0.00 0.00 0.00 0.00 0.00 0.00 0.00 0.00 0.00 0.00
JP KASHIWAZAKIKARIWA-1 37.434 138.598 BWR 0 3293 0.00 0.00 0.00 0.00 0.00 0.00 0.00 0.00 0.00 0.00 0.00 0.00
JP KASHIWAZAKIKARIWA-2 37.434 138.598 BWR 0 3293 0.00 0.00 0.00 0.00 0.00 0.00 0.00 0.00 0.00 0.00 0.00 0.00
JP KASHIWAZAKIKARIWA-3 37.433 138.598 BWR 0 3293 0.00 0.00 0.00 0.00 0.00 0.00 0.00 0.00 0.00 0.00 0.00 0.00
JP KASHIWAZAKIKARIWA-4 37.433 138.598 BWR 0 3293 0.00 0.00 0.00 0.00 0.00 0.00 0.00 0.00 0.00 0.00 0.00 0.00
JP KASHIWAZAKIKARIWA-5 37.432 138.598 BWR 0 3293 0.00 0.00 0.00 0.00 0.00 0.00 0.00 0.00 0.00 0.00 0.00 0.00
JP KASHIWAZAKIKARIWA-6 37.432 138.598 BWR 0 3926 0.00 0.00 0.00 0.00 0.00 0.00 0.00 0.00 0.00 0.00 0.00 0.00
JP KASHIWAZAKIKARIWA-7 37.431 138.598 BWR 0 3926 0.00 0.00 0.00 0.00 0.00 0.00 0.00 0.00 0.00 0.00 0.00 0.00
JP MIHAMA-1 35.701 135.962 PWR 0 1031 0.00 0.00 0.00 0.00 0.00 0.00 0.00 0.00 0.00 0.00 0.00 0.00
JP MIHAMA-2 35.701 135.962 PWR 0 1456 0.00 0.00 0.00 0.00 0.00 0.00 0.00 0.00 0.00 0.00 0.00 0.00
JP MIHAMA-3 35.703 135.961 PWR 0 2440 0.00 0.00 0.00 0.00 0.00 0.00 0.00 0.00 0.00 0.00 0.00 0.00
JP OHI-1 35.544 135.652 PWR 0 3423 0.00 0.00 0.00 0.00 0.00 0.00 0.00 0.00 0.00 0.00 0.00 0.00
JP OHI-2 35.543 135.652 PWR 0 3423 0.00 0.00 0.00 0.00 0.00 0.00 0.00 0.00 0.00 0.00 0.00 0.00
JP OHI-3 35.542 135.652 PWR 0 3423 0.00 0.00 0.00 0.00 0.00 0.00 0.00 0.00 0.00 0.00 0.00 0.00
JP OHI-4 35.542 135.652 PWR 0 3423 0.00 0.00 0.00 0.00 0.00 0.00 0.00 0.00 0.00 0.00 0.00 0.00
JP ONAGAWA-1 38.400 141.504 BWR 0 1593 0.00 0.00 0.00 0.00 0.00 0.00 0.00 0.00 0.00 0.00 0.00 0.00
JP ONAGAWA-2 38.401 141.504 BWR 0 2436 0.00 0.00 0.00 0.00 0.00 0.00 0.00 0.00 0.00 0.00 0.00 0.00
JP ONAGAWA-3 38.401 141.504 BWR 0 2436 0.00 0.00 0.00 0.00 0.00 0.00 0.00 0.00 0.00 0.00 0.00 0.00
JP SENDAI-1 31.834 130.193 PWR 0 2660 0.00 0.00 0.00 0.00 0.00 0.00 0.00 40.07 106.07 106.02 106.85 107.61
JP SENDAI-2 31.834 130.193 PWR 0 2660 0.00 0.00 0.00 0.00 0.00 0.00 0.00 0.00 0.00 22.24 106.00 105.97
JP SHIKA-1 37.061 136.728 BWR 0 1593 0.00 0.00 0.00 0.00 0.00 0.00 0.00 0.00 0.00 0.00 0.00 0.00
JP SHIKA-2 37.061 136.729 BWR 0 3926 0.00 0.00 0.00 0.00 0.00 0.00 0.00 0.00 0.00 0.00 0.00 0.00
JP SHIMANE-1 35.537 132.999 BWR 0 1380 0.00 0.00 0.00 0.00 0.00 0.00 0.00 0.00 0.00 0.00 0.00 0.00
JP SHIMANE-2 35.537 133.000 BWR 0 2436 0.00 0.00 0.00 0.00 0.00 0.00 0.00 0.00 0.00 0.00 0.00 0.00
JP TAKAHAMA-1 35.520 135.503 PWR 0 2440 0.00 0.00 0.00 0.00 0.00 0.00 0.00 0.00 0.00 0.00 0.00 0.00
JP TAKAHAMA-2 35.520 135.503 PWR 0 2440 0.00 0.00 0.00 0.00 0.00 0.00 0.00 0.00 0.00 0.00 0.00 0.00
JP TAKAHAMA-3 35.521 135.503 PWR 0 2660 0.00 0.00 0.00 0.00 0.00 0.00 0.00 0.00 0.00 0.00 0.00 0.00
JP TAKAHAMA-4 35.521 135.503 PWR 0 2660 0.00 0.00 0.00 0.00 0.00 0.00 0.00 0.00 0.00 0.00 0.00 0.00
JP TOKAI-2 36.466 140.614 BWR 0 3293 0.00 0.00 0.00 0.00 0.00 0.00 0.00 0.00 0.00 0.00 0.00 0.00
JP TOMARI-1 43.038 140.515 PWR 0 1650 0.00 0.00 0.00 0.00 0.00 0.00 0.00 0.00 0.00 0.00 0.00 0.00
JP TOMARI-2 43.038 140.516 PWR 0 1650 0.00 0.00 0.00 0.00 0.00 0.00 0.00 0.00 0.00 0.00 0.00 0.00
JP TOMARI-3 43.034 140.517 PWR 0 2660 0.00 0.00 0.00 0.00 0.00 0.00 0.00 0.00 0.00 0.00 0.00 0.00
JP TSURUGA-1 35.672 136.079 BWR 0 1070 0.00 0.00 0.00 0.00 0.00 0.00 0.00 0.00 0.00 0.00 0.00 0.00
JP TSURUGA-2 35.673 136.080 PWR 0 3411 0.00 0.00 0.00 0.00 0.00 0.00 0.00 0.00 0.00 0.00 0.00 0.00
KR KORI-1 35.321 129.295 PWR 0 1729 100.19 100.22 100.23 80.51 0.00 10.37 100.15 99.55 99.69 100.07 100.38 100.46
KR KORI-2 35.321 129.296 PWR 0 1882 3.05 0.00 36.39 100.92 100.99 100.91 100.81 100.39 100.50 100.90 101.03 100.87
KR KORI-3 35.321 129.297 PWR 0 2912 100.21 100.16 100.20 97.32 100.15 100.07 38.95 0.00 34.56 99.88 100.09 100.11
KR KORI-4 35.321 129.298 PWR 0 2912 100.07 100.06 99.96 100.08 100.12 99.99 99.76 99.33 59.95 99.75 100.01 100.02
KR SHIN-KORI-1 35.327 129.302 PWR 0 2825 100.02 99.88 99.82 99.51 99.74 99.58 66.28 0.00 75.48 99.50 99.88 99.96
KR SHIN-KORI-2 35.327 129.302 PWR 0 2825 99.07 66.96 0.00 55.48 99.29 99.87 99.64 98.66 98.75 99.57 99.95 100.01
KR SHIN-WOLSONG-1 35.7111 129.4750 PWR 0 2825 99.50 99.68 99.13 2.18 0.00 0.00 60.05 98.77 98.12 98.73 98.96 99.19
KR SHIN-WOLSONG-2 35.7111 129.4750 PWR 0 2825 0.00 8.00 44.35 64.44 0.00 0.22 98.30 100.13 99.43 100.10 100.18 100.29
KR HANUL-1 37.093 129.393 PWR 0 2785 100.46 100.53 100.54 94.14 0.00 63.16 100.04 99.42 99.66 100.23 100.43 100.35
KR HANUL-2 37.093 129.394 PWR 0 2775 100.54 100.62 100.64 100.63 100.51 100.33 100.30 99.78 99.87 100.37 100.49 93.11
KR HANUL-3 37.093 129.395 PWR 0 2825 99.95 99.81 99.71 99.89 100.07 100.00 99.88 99.56 99.44 99.78 99.82 99.87
KR HANUL-4 37.093 129.396 PWR 0 2825 80.27 0.00 18.55 100.05 100.13 100.07 99.99 99.61 99.53 99.87 99.98 100.02
KR HANUL-5 37.093 129.397 PWR 0 2815 93.04 100.68 100.53 100.45 100.44 100.26 100.10 97.68 99.61 100.06 99.87 99.97
KR HANUL-6 37.093 129.398 PWR 0 2825 100.05 100.03 100.10 100.05 100.03 99.85 99.65 99.28 25.64 0.00 0.00 63.95
KR WOLSONG-1 35.710 129.476 PHWR 0 2061 0.00 0.00 0.00 0.00 0.00 31.08 100.72 100.14 99.89 100.49 100.62 100.52
KR WOLSONG-2 35.710 129.477 PHWR 0 2061 99.83 99.36 99.19 99.98 101.28 100.62 100.21 99.07 98.95 1.91 82.61 100.42
KR WOLSONG-3 35.710 129.478 PHWR 0 2061 101.37 101.19 101.26 101.10 101.00 100.35 99.98 98.76 98.13 98.66 99.13 39.24
KR WOLSONG-4 35.710 129.479 PHWR 0 2061 101.70 101.61 101.34 101.08 100.98 100.32 99.62 55.38 0.00 87.49 99.16 99.05
KR HANBIT-1 35.404 126.419 PWR 0 2787 100.75 100.85 37.71 0.00 56.67 99.06 98.59 95.49 98.26 99.53 100.26 100.70
KR HANBIT-2 35.403 126.419 PWR 0 2787 101.63 101.49 101.37 101.28 100.56 69.33 98.91 30.89 98.96 100.26 101.02 101.31
KR HANBIT-3 35.403 126.419 PWR 0 2825 0.00 0.00 0.00 8.05 0.00 80.63 99.61 98.95 99.52 100.17 99.57 100.52
KR HANBIT-4 35.402 126.419 PWR 0 2825 99.96 99.93 99.81 100.00 100.03 99.46 98.83 14.70 0.00 0.00 0.00 44.01
KR HANBIT-5 35.402 126.419 PWR 0 2825 100.60 100.59 100.63 100.65 100.40 99.85 97.45 24.43 0.00 41.57 100.25 100.18
KR HANBIT-6 35.401 126.419 PWR 0 2825 100.33 100.31 100.36 100.31 100.00 99.41 98.28 98.29 98.84 99.29 99.36 11.53
MX LAGUNAVERDE-1 19.719 -96.405 BWR 0 2317 104.15 104.05 104.05 102.26 101.88 94.79 97.14 99.34 99.69 70.83 0.00 0.00
MX LAGUNAVERDE-2 19.719 -96.404 BWR 0 2317 96.96 98.13 98.78 96.90 70.73 95.25 97.88 97.40 96.19 97.19 97.46 96.61
NL BORSSELE 51.431 3.719 PWR 0 1366 101.50 101.63 101.28 99.54 36.81 66.00 91.70 98.44 99.46 100.48 100.58 101.18
PK CHASNUPP-1 32.392 71.463 PWR 0 999 65.19 100.67 100.39 98.49 99.15 98.23 92.26 66.84 24.85 0.00 0.00 0.00
PK CHASNUPP-2 32.392 71.463 PWR 0 999 91.43 102.45 102.10 101.50 100.33 101.30 100.00 14.56 61.63 101.53 101.46 101.42
PK KANUPP 24.845 66.790 PHWR 0 337 36.95 56.70 63.05 53.83 66.23 27.53 54.15 71.09 26.11 3.23 45.56 19.28
RO CERNAVODA-1 44.322 28.061 PHWR 0 2180 101.05 100.84 93.09 94.02 99.12 89.56 95.00 94.25 96.02 98.97 99.01 99.35
RO CERNAVODA-2 44.322 28.062 PHWR 0 2180 98.63 98.53 98.73 98.82 25.16 92.35 96.52 96.51 96.77 98.67 98.83 98.74
RU BALAKOVO-1 52.092 47.952 PWR 0 3000 106.26 107.50 107.88 106.80 102.26 103.43 104.14 104.33 104.23 49.20 0.00 70.35
RU BALAKOVO-2 52.092 47.954 PWR 0 3000 107.78 107.73 107.70 107.33 98.57 102.65 41.41 0.00 0.00 100.83 107.98 107.89
RU BALAKOVO-3 52.093 47.956 PWR 0 3000 53.98 107.23 105.75 107.09 97.33 101.93 102.73 103.28 102.51 98.44 107.68 103.22
RU BALAKOVO-4 52.093 47.958 PWR 0 3200 106.97 107.52 107.93 108.15 99.40 103.74 105.30 106.12 106.99 101.04 108.09 107.98
RU BELOYARSK-3 56.842 61.319 FBR 0 1470 102.72 99.37 102.98 19.77 33.64 102.82 102.73 102.72 102.07 56.30 104.38 103.65
RU BELOYARSK-4 56.842 61.319 FBR 0 2100 0.00 0.00 0.00 0.00 0.00 0.00 0.00 0.00 0.00 0.00 0.00 8.29
RU BILIBINO-1 68.059 166.492 LWGR 0 62 27.22 61.08 63.20 54.49 36.94 42.92 42.28 17.72 0.00 34.14 60.73 56.88
RU BILIBINO-2 68.059 166.493 LWGR 0 62 60.84 70.81 72.93 47.89 0.00 0.00 0.00 38.58 55.90 57.07 43.42 50.22
RU BILIBINO-3 68.059 166.494 LWGR 0 62 59.02 82.74 87.13 58.86 47.51 61.91 54.75 64.05 63.94 30.25 0.00 34.85
RU BILIBINO-4 68.059 166.495 LWGR 0 62 58.04 0.00 0.00 0.00 48.48 63.51 52.64 58.72 62.54 61.31 58.50 38.14
RU KALININ-1 57.903 35.057 PWR 0 3000 108.16 108.12 105.86 34.34 55.45 107.74 107.96 107.43 108.04 108.05 100.03 107.64
RU KALININ-2 57.904 35.059 PWR 0 3000 106.17 108.32 104.55 107.78 103.59 107.20 108.10 107.30 107.87 108.15 45.16 23.48
RU KALININ-3 57.905 35.061 PWR 0 3200 61.20 55.94 103.15 103.92 93.94 100.32 101.93 90.12 99.34 99.67 99.31 94.05
RU KALININ-4 57.905 35.061 PWR 0 3200 102.00 104.39 100.66 96.46 52.12 99.90 100.43 100.64 102.81 98.90 104.25 104.68
RU KOLA-1 67.467 32.491 PWR 0 1375 65.83 97.06 97.43 70.84 15.11 0.00 67.95 69.67 69.83 66.25 43.77 42.36
RU KOLA-2 67.467 32.492 PWR 0 1375 74.64 46.66 71.11 54.89 50.21 0.00 0.00 0.00 0.00 49.85 71.11 68.82
RU KOLA-3 67.467 32.493 PWR 0 1375 99.60 102.56 33.96 0.00 46.71 56.47 85.61 88.67 92.98 81.66 88.30 85.45
RU KOLA-4 67.467 32.494 PWR 0 1375 94.38 88.15 101.46 105.29 87.53 89.75 1.73 12.46 59.34 36.45 82.64 79.97
RU KURSK-1 51.674 35.607 LWGR 0 3200 105.51 105.97 103.97 101.70 46.26 23.63 96.69 91.18 97.94 102.27 98.03 42.72
RU KURSK-2 51.674 35.607 LWGR 0 3200 105.83 105.49 43.30 0.00 47.86 73.73 98.36 92.25 98.81 101.47 103.25 101.42
RU KURSK-3 51.673 35.607 LWGR 0 3200 94.86 102.40 102.15 100.11 100.51 70.64 14.13 94.38 100.03 102.73 102.73 103.60
RU KURSK-4 51.673 35.607 LWGR 0 3200 104.48 105.01 104.64 103.81 98.69 97.04 95.44 85.05 0.00 0.34 99.73 105.77
RU LENINGRAD-1 59.840 29.027 LWGR 0 3200 87.14 100.95 99.54 8.15 0.00 0.00 19.17 91.84 90.89 102.83 103.34 96.68
RU LENINGRAD-2 59.840 29.028 LWGR 0 3200 101.54 96.79 101.92 96.89 102.69 100.32 88.91 90.93 42.03 0.00 78.27 72.32
RU LENINGRAD-3 59.840 29.029 LWGR 0 3200 93.91 103.11 96.48 102.84 102.27 99.36 74.15 0.00 48.55 90.86 102.14 98.26
RU LENINGRAD-4 59.840 29.030 LWGR 0 3200 102.84 101.80 84.08 100.88 102.73 10.56 12.62 80.74 99.87 100.57 103.21 81.62
RU NOVOVORONEZH-3 51.274 39.206 PWR 0 1375 103.48 102.64 19.73 68.42 99.30 96.64 96.73 97.47 98.75 101.66 100.91 101.39
RU NOVOVORONEZH-4 51.274 39.206 PWR 0 1375 104.48 104.91 99.59 98.78 97.88 96.00 95.66 96.20 64.88 0.00 0.00 104.27
RU NOVOVORONEZH-5 52.381 39.211 PWR 0 3000 101.91 67.59 101.17 82.33 73.82 89.13 31.28 0.00 44.92 100.55 100.98 101.68
RU ROSTOV-1 47.599 42.373 PWR 0 3200 107.52 107.85 107.90 107.79 98.65 69.57 99.16 88.17 27.64 0.00 46.25 107.88
RU ROSTOV-2 47.600 42.374 PWR 0 3200 107.88 92.41 107.85 107.65 35.83 16.21 95.21 95.41 103.56 106.81 107.49 108.20
RU ROSTOV-3 47.599 42.372 PWR 0 3000 14.63 19.21 6.81 41.68 29.12 43.62 61.18 90.69 91.33 96.48 98.29 99.99
RU SMOLENSK-1 54.169 33.245 LWGR 0 3200 107.11 107.48 106.98 37.84 0.00 87.43 78.49 99.26 102.11 105.22 106.63 107.20
RU SMOLENSK-2 54.168 33.245 LWGR 0 3200 107.33 107.49 107.26 103.44 104.64 100.64 99.96 100.10 102.92 25.73 35.82 102.05
RU SMOLENSK-3 54.168 33.245 LWGR 0 3200 107.29 107.64 103.52 106.96 105.35 59.80 84.15 100.96 103.13 104.86 106.52 106.43
SK BOHUNICE-3 48.492 17.687 PWR 0 1471 96.67 96.74 94.01 95.42 88.14 0.00 45.87 93.17 92.83 92.28 93.78 96.68
SK BOHUNICE-4 48.492 17.687 PWR 0 1471 95.04 95.89 98.11 72.47 51.87 94.77 92.73 90.51 95.06 97.04 96.28 96.14
SK MOCHOVCE-1 48.261 18.455 PWR 0 1471 100.38 94.83 64.07 41.84 99.30 95.41 95.52 95.56 98.87 100.01 95.93 97.46
SK MOCHOVCE-2 48.260 18.455 PWR 0 1471 100.72 100.80 100.30 98.47 97.00 97.26 97.28 96.85 79.51 50.27 100.34 100.99
SI KRSKO 45.939 15.516 PWR 0 1994 101.25 101.23 101.23 34.06 43.07 99.51 88.18 98.55 100.24 100.88 101.14 100.70
ZA KOEBERG-1 -33.677 18.433 PWR 0 2775 99.57 1.40 0.00 0.00 0.00 79.39 99.61 100.12 99.53 99.62 99.73 99.27
ZA KOEBERG-2 -33.677 18.434 PWR 0 2775 99.61 99.34 100.04 97.80 99.99 99.55 97.44 79.23 0.00 0.00 0.00 58.60
ES ALMARAZ-1 39.807 -5.698 PWR 0 2947 99.89 100.08 90.67 97.43 97.64 98.67 97.07 97.08 97.46 74.90 97.77 95.55
ES ALMARAZ-2 39.807 -5.697 PWR 0 2947 100.19 100.47 100.15 99.93 99.33 0.00 59.67 98.12 98.36 83.92 99.42 99.99
ES ASCO-1 41.202 0.571 PWR 0 2954 101.35 101.64 101.55 101.25 99.73 98.69 92.91 87.36 98.98 89.18 0.00 46.21
ES ASCO-2 41.202 0.572 PWR 0 2941 93.39 101.24 101.19 89.73 99.24 97.75 94.01 85.64 98.27 99.27 100.63 100.03
ES COFRENTES 39.216 -1.051 BWR 0 3237 99.95 97.01 97.70 81.57 74.34 96.65 95.71 92.27 76.97 0.00 46.79 99.99
ES TRILLO-1 40.699 -2.622 PWR 0 3010 98.64 98.71 98.66 94.12 1.95 97.71 98.01 98.85 99.30 99.39 99.44 99.65
ES VANDELLOS-2 40.949 0.867 PWR 0 2941 99.02 91.94 99.09 77.52 0.00 26.05 96.59 96.57 97.26 98.27 98.89 99.25
SE FORSMARK-1 60.405 18.168 BWR 0 2928 100.34 100.58 19.24 98.85 6.01 44.56 75.55 83.48 90.76 99.97 100.49 98.16
SE FORSMARK-2 60.405 18.170 BWR 0 3253 100.75 100.77 100.30 100.33 100.03 96.57 9.08 90.47 98.38 98.90 100.14 98.90
SE FORSMARK-3 60.407 18.155 BWR 0 3300 101.22 101.23 100.12 100.40 75.60 93.05 73.99 1.79 0.00 0.00 0.00 20.77
SE OSKARSHAMN-1 57.415 16.666 BWR 0 1375 91.16 92.62 67.37 0.00 0.00 52.17 98.36 48.63 1.93 73.54 97.58 97.78
SE OSKARSHAMN-2 57.415 16.667 BWR 0 1800 0.00 0.00 0.00 0.00 0.00 0.00 0.00 0.00 0.00 0.00 0.00 0.00
SE OSKARSHAMN-3 57.416 16.671 BWR 0 3900 64.95 99.10 98.47 98.47 72.11 16.58 80.87 85.84 93.01 96.15 67.93 73.24
SE RINGHALS-1 57.259 12.111 BWR 0 2540 90.03 96.90 97.60 34.46 0.00 28.65 75.58 83.89 97.75 98.25 98.67 96.90
SE RINGHALS-2 57.259 12.112 PWR 0 2500 0.00 0.00 0.00 0.00 0.00 0.00 0.00 0.00 0.00 0.00 0.00 0.00
SE RINGHALS-3 57.259 12.113 PWR 0 3135 100.51 100.71 100.46 99.82 58.05 10.59 80.37 82.56 97.23 98.59 70.01 100.15
SE RINGHALS-4 57.259 12.114 PWR 0 3300 97.72 30.57 74.97 88.25 98.40 95.01 93.63 31.03 38.90 98.70 98.53 99.84
CH BEZNAU-1 47.552 8.229 PWR 1 1130 100.69 100.76 39.81 0.00 0.00 0.00 0.00 0.00 0.00 0.00 0.00 0.00
CH BEZNAU-2 47.552 8.230 PWR 1 1130 100.35 100.33 100.29 100.25 99.67 98.55 95.56 41.29 0.00 0.00 0.00 25.05
CH GOESGEN 47.366 7.969 PWR 1 3002 100.79 100.84 100.27 99.80 98.87 15.80 73.45 92.08 99.07 99.57 99.81 100.34
CH LEIBSTADT 47.601 8.183 BWR 0 3600 94.70 100.07 99.20 85.60 97.83 96.09 92.84 24.01 33.56 50.62 92.60 99.74
CH MUEHLEBERG 46.969 7.266 BWR 0 1097 99.87 99.97 99.54 99.86 99.82 99.42 89.95 6.45 88.94 99.89 99.82 96.11
GB DUNGENESSB-1 50.913 0.962 GCR 0 1500 70.52 100.88 101.88 89.54 44.71 52.19 99.68 101.08 59.78 87.69 100.63 101.91
GB DUNGENESSB-2 50.912 0.962 GCR 0 1500 93.99 59.55 102.16 102.79 -0.88 -1.42 -0.93 9.55 53.79 102.75 103.82 101.18
GB HARTLEPOOLA-1 54.634 -1.180 GCR 0 1500 73.15 76.47 76.92 76.61 71.60 46.30 75.99 75.31 75.77 56.28 -0.65 -2.50
GB HARTLEPOOLA-2 54.634 -1.180 GCR 0 1500 79.73 79.60 39.32 70.89 77.95 77.90 78.00 0.24 -0.70 76.57 79.06 74.38
GB HEYSHAMA-1 54.029 -2.912 GCR 0 1500 35.72 55.26 55.01 54.21 53.69 53.51 45.80 52.86 26.05 -0.45 27.26 53.88
GB HEYSHAMA-2 54.028 -2.912 GCR 0 1500 65.86 72.88 76.24 29.61 0.00 -0.41 -0.97 20.08 76.74 76.63 77.54 93.04
GB HEYSHAMB-1 54.028 -2.912 GCR 0 1550 95.64 94.28 -0.85 -1.63 76.20 96.54 89.16 93.76 96.62 101.80 95.51 97.19
GB HEYSHAMB-2 54.027 -2.912 GCR 0 1550 101.93 92.04 101.60 95.50 101.92 96.31 94.21 100.36 92.84 101.18 94.02 96.41
GB HINKLEYPOINTB-1 51.208 -3.131 GCR 0 1494 92.25 102.94 100.45 95.75 90.70 94.54 99.93 75.29 91.43 93.53 100.14 102.35
GB HINKLEYPOINTB-2 51.208 -3.131 GCR 0 1494 73.44 -0.41 -1.84 27.50 98.01 102.16 95.01 100.96 95.16 101.80 97.15 102.32
GB HUNTERSTONB-1 55.721 -4.893 GCR 0 1496 102.71 97.76 102.57 95.62 102.50 71.06 101.98 97.17 102.24 4.11 -1.51 75.55
GB HUNTERSTONB-2 55.721 -4.893 GCR 0 1496 96.30 102.70 97.58 102.95 77.91 101.21 96.70 101.27 95.03 97.92 101.35 97.66
GB SIZEWELLB 52.215 1.623 PWR 0 3425 100.26 100.31 100.35 100.24 99.87 99.97 99.80 99.66 100.06 99.95 100.51 100.52
GB TORNESS-1 55.966 -2.399 GCR 0 1623 96.60 100.43 93.42 100.13 93.89 92.84 94.96 99.65 91.52 89.95 100.83 96.60
GB TORNESS-2 55.966 -2.399 GCR 0 1623 93.19 100.94 85.99 93.08 89.53 93.01 29.02 -0.66 -1.92 90.29 94.31 90.41
GB WYLFA-1 53.416 -4.480 GCR 0 1650 89.09 90.30 20.33 57.04 88.55 87.10 80.88 83.95 82.64 81.34 80.00 75.68
UA KHMELNITSKI-1 50.301 26.649 PWR 0 3000 102.30 102.25 102.16 101.56 99.46 99.24 83.40 13.99 0.00 75.69 101.42 93.76
UA KHMELNITSKI-2 50.301 26.647 PWR 0 3000 101.59 100.76 61.03 77.85 91.96 98.59 98.52 97.27 84.44 14.43 0.85 45.83
UA ROVNO-1 51.326 25.900 PWR 0 1375 0.00 6.87 101.97 97.03 95.84 98.04 97.35 88.87 97.39 103.32 103.91 80.22
UA ROVNO-2 51.326 25.901 PWR 0 1375 104.03 102.80 76.86 0.00 29.06 99.46 98.67 96.48 100.34 91.95 96.91 92.23
UA ROVNO-3 51.326 25.902 PWR 0 3000 96.82 95.09 83.46 75.68 39.86 0.00 33.77 94.13 83.50 83.36 43.15 78.04
UA ROVNO-4 51.326 25.903 PWR 0 3000 99.91 99.90 93.79 86.47 94.23 90.81 44.42 0.00 52.17 87.82 91.89 98.82
UA SOUTHUKRAINE-1 47.811 31.220 PWR 0 3000 98.65 96.23 96.99 95.41 85.45 64.29 30.33 19.35 93.63 97.00 97.64 97.63
UA SOUTHUKRAINE-2 47.811 31.220 PWR 0 3000 100.17 101.06 97.66 92.37 20.97 0.00 0.00 0.00 0.00 0.00 0.00 57.40
UA SOUTHUKRAINE-3 47.812 31.224 PWR 0 3000 0.00 0.00 0.00 79.62 97.12 75.30 80.44 87.58 57.94 77.40 87.16 73.48
UA ZAPOROZHYE-1 47.508 34.627 PWR 0 3000 92.98 99.55 99.09 98.30 96.22 90.99 73.18 94.32 95.23 70.45 53.87 23.47
UA ZAPOROZHYE-2 47.508 34.627 PWR 0 3000 78.13 19.40 0.00 0.00 0.00 81.49 95.01 94.48 95.41 97.22 98.46 88.15
UA ZAPOROZHYE-3 47.507 34.627 PWR 0 3000 100.80 101.57 101.23 55.12 0.00 75.74 94.80 96.06 96.79 96.92 91.66 97.42
UA ZAPOROZHYE-4 47.507 34.627 PWR 0 3000 99.09 99.92 98.79 99.75 83.52 11.79 0.00 27.22 96.83 99.05 99.24 100.62
UA ZAPOROZHYE-5 47.506 34.627 PWR 0 3000 53.19 46.27 0.00 0.00 11.66 96.43 83.51 96.10 97.33 70.75 75.43 77.16
UA ZAPOROZHYE-6 47.506 34.627 PWR 0 3000 103.26 102.16 103.54 103.49 101.30 78.60 77.08 50.79 0.00 73.33 99.23 97.32
US ANO-1 35.310 -93.230 PWR 0 2568 73.93 0.00 96.56 100.39 101.23 100.53 99.15 98.93 99.15 101.09 101.30 90.35
US ANO-2 35.310 -93.229 PWR 0 3026 101.48 101.52 101.17 100.83 100.45 99.63 98.41 96.66 62.40 0.00 48.20 101.29
US BEAVERVALLEY-1 40.624 -80.432 PWR 0 2900 102.48 102.21 101.92 58.22 21.02 92.09 99.81 99.98 100.32 101.73 102.05 102.17
US BEAVERVALLEY-2 40.624 -80.431 PWR 0 2900 103.49 103.55 103.34 100.11 101.88 101.28 101.12 101.31 78.31 0.97 102.61 103.15
US BRAIDWOOD-1 41.247 -88.230 PWR 0 3645 102.26 102.26 93.35 39.81 101.36 100.80 99.47 100.44 100.60 101.85 101.91 101.92
US BRAIDWOOD-2 41.247 -88.229 PWR 0 3645 102.16 102.08 101.97 101.65 101.39 100.58 99.92 100.16 99.35 35.17 102.09 102.12
US BROWNSFERRY-1 34.704 -87.119 BWR 0 3458 104.23 104.17 103.07 94.32 95.29 99.28 98.27 96.48 94.05 102.78 81.18 103.18
US BROWNSFERRY-2 34.703 -87.119 BWR 0 3458 100.60 99.64 38.08 63.55 99.65 98.77 97.34 97.17 93.29 100.53 101.16 77.26
US BROWNSFERRY-3 34.703 -87.119 BWR 0 3458 102.49 103.16 100.46 100.24 99.71 98.19 97.06 97.54 99.87 101.10 101.30 92.27
US BRUNSWICK-1 33.958 -78.007 BWR 0 2923 103.28 101.46 102.73 102.30 100.02 99.61 100.68 99.80 101.00 101.73 82.88 100.74
US BRUNSWICK-2 33.957 -78.007 BWR 0 2923 100.04 69.71 0.00 80.60 101.83 99.09 100.46 100.73 99.29 101.88 101.37 100.93
US BYRON-1 42.074 -89.277 PWR 0 3645 103.42 102.70 76.19 102.37 101.87 101.44 101.08 101.19 39.99 88.21 91.15 103.08
US BYRON-2 42.074 -89.276 PWR 0 3645 103.42 103.49 103.21 101.30 100.50 101.54 101.18 101.44 101.37 96.29 91.67 102.40
US CALLAWAY-1 38.763 -91.781 PWR 0 3565 100.80 92.17 101.42 100.73 99.92 98.71 86.96 92.94 99.53 100.95 101.30 101.70
US CALVERTCLIFFS-1 38.435 -76.439 PWR 0 2737 104.77 104.65 104.59 96.73 101.73 102.27 100.63 101.16 101.23 103.57 103.95 104.25
US CALVERTCLIFFS-2 38.434 -76.439 PWR 0 2737 103.19 54.35 57.98 95.34 102.23 100.89 99.88 99.71 100.30 102.73 103.09 85.95
US CATAWBA-1 35.053 -81.071 PWR 0 3411 101.59 101.75 101.05 100.72 100.37 99.54 99.17 99.34 99.47 100.43 66.62 40.45
US CATAWBA-2 35.053 -81.070 PWR 0 3411 102.02 98.24 0.00 83.36 101.22 100.55 100.22 98.42 100.85 101.54 101.48 101.28
US CLINTON-1 40.172 -88.834 BWR 0 3473 83.97 100.99 100.65 8.42 40.79 100.60 100.62 100.22 99.96 101.03 101.36 101.51
US COLUMBIA 46.471 -119.333 BWR 0 3486 101.52 101.45 100.03 98.25 22.58 2.52 70.54 101.58 103.34 103.61 100.72 104.37
US COMANCHEPEAK-1 32.301 -97.787 PWR 0 3612 101.58 101.48 101.46 101.09 100.85 94.17 99.79 99.44 99.82 100.59 102.61 101.29
US COMANCHEPEAK-2 32.301 -97.786 PWR 0 3612 101.72 101.67 101.56 101.17 101.00 99.01 100.01 99.77 100.06 6.70 53.01 101.67
US COOPER 40.361 -95.643 BWR 0 2419 102.72 103.43 103.34 102.09 93.14 97.42 100.49 100.48 101.82 103.32 102.50 102.11
US DAVISBESSE-1 41.597 -83.092 PWR 0 2817 102.56 102.48 102.32 102.09 89.01 101.57 101.42 101.51 99.88 102.18 102.14 102.66
US DIABLOCANYON-1 35.212 -120.854 PWR 0 3411 86.00 100.30 100.80 101.24 100.97 100.87 100.37 99.95 99.26 8.88 68.27 93.39
US DIABLOCANYON-2 35.212 -120.853 PWR 0 3411 101.35 101.36 101.38 101.67 101.46 101.36 100.35 98.88 89.78 100.47 100.92 95.60
US COOK-1 41.975 -86.564 PWR 0 3304 103.80 104.59 104.89 104.11 99.21 0.09 5.34 95.69 98.55 102.29 103.20 104.37
US COOK-2 41.975 -86.563 PWR 0 3468 101.63 101.76 74.72 5.21 100.63 99.91 98.88 96.28 97.22 100.64 97.21 101.31
US DRESDEN-2 41.386 -88.268 BWR 0 2957 94.43 81.18 103.91 103.02 100.95 101.34 102.38 101.86 101.87 95.63 34.99 104.06
US DRESDEN-3 41.385 -88.268 BWR 0 2957 103.18 103.87 105.19 104.37 101.45 103.05 104.00 103.61 103.52 103.98 102.18 82.72
US DUANEARNOLD-1 42.101 -91.776 BWR 0 1912 93.60 102.69 101.63 101.40 97.17 99.72 97.24 99.38 99.55 99.79 101.36 102.03
US FERMI-2 41.963 -83.257 BWR 0 3486 102.83 102.61 59.18 89.01 100.48 99.09 99.13 98.80 39.41 0.00 5.40 101.60
US FARLEY-1 31.223 -85.115 PWR 0 2775 102.52 102.74 84.18 0.00 50.12 100.27 99.99 100.30 100.81 101.71 102.07 102.38
US FARLEY-2 31.223 -85.114 PWR 0 2775 102.09 101.94 101.51 101.13 96.25 100.02 99.12 99.63 100.34 100.96 75.61 101.39
US FITZPATRICK 43.521 -76.403 BWR 0 2536 104.05 104.88 104.90 104.52 104.80 104.49 101.71 100.92 101.11 103.67 104.38 104.56
US FORTCALHOUN-1 41.520 -96.076 PWR 0 1500 105.57 105.62 103.56 35.11 0.00 63.58 69.39 102.02 102.67 104.42 105.43 106.03
US GRANDGULF-1 32.007 -91.045 BWR 0 4408 97.54 61.90 100.31 95.39 99.25 95.08 97.61 95.10 94.69 99.37 96.47 95.61
US ROBINSON-2 34.402 -80.158 PWR 0 2339 108.10 108.15 107.37 105.41 37.09 13.23 100.94 100.93 102.65 105.38 61.61 107.01
US HATCH-1 31.935 -82.346 BWR 0 2804 91.34 102.11 96.30 96.80 100.68 99.63 99.31 99.90 96.18 101.16 101.44 99.33
US HATCH-2 31.934 -82.346 BWR 0 2804 93.85 24.36 51.33 101.21 100.76 99.82 99.78 95.78 99.91 101.07 101.29 100.48
US HOPECREEK-1 39.467 -75.535 BWR 0 3840 105.52 105.62 105.15 32.97 57.06 101.79 102.01 102.17 93.34 96.57 98.65 103.77
US INDIANPOINT-2 41.269 -73.950 PWR 0 3216 101.17 100.93 101.07 101.03 100.01 98.25 97.18 96.72 97.50 99.64 99.91 87.93
US INDIANPOINT-3 41.269 -73.950 PWR 0 3216 99.75 100.01 15.52 100.46 42.66 97.04 93.57 98.98 62.12 99.97 100.18 91.71
US LASALLE-1 41.246 -88.672 BWR 0 3546 103.40 103.47 102.97 102.85 101.54 100.92 99.86 100.43 100.04 102.40 102.43 103.08
US LASALLE-2 41.246 -88.672 BWR 0 3546 102.77 3.06 45.24 102.61 96.00 96.93 98.92 68.74 97.39 102.16 102.72 102.35
US LIMERICK-1 40.225 -75.584 BWR 0 3515 104.79 92.41 104.63 103.27 99.73 100.97 100.30 100.64 99.90 103.01 103.31 103.08
US LIMERICK-2 40.225 -75.584 BWR 0 3515 103.67 100.09 88.69 31.02 71.36 101.36 100.70 101.05 100.34 102.12 103.81 75.12
US MCGUIRE-1 35.433 -80.946 PWR 0 3411 103.16 76.71 103.27 103.01 102.87 101.90 100.87 100.55 100.65 102.12 102.93 103.15
US MCGUIRE-2 35.433 -80.946 PWR 0 3411 102.92 102.87 102.74 102.83 102.46 101.40 94.38 91.38 34.61 64.46 102.80 103.04
US MILLSTONE-2 41.312 -72.166 PWR 0 2700 100.84 100.65 100.53 96.86 100.33 100.48 100.18 99.84 99.47 7.90 62.73 99.59
US MILLSTONE-3 41.311 -72.166 PWR 0 3650 100.74 100.79 100.88 88.64 100.53 100.22 99.66 99.16 98.98 99.98 100.24 100.22
US MONTICELLO 45.334 -93.850 BWR 0 2004 96.11 96.64 96.82 33.56 0.51 89.91 97.79 99.30 99.35 102.29 76.58 98.98
US NINEMILEPOINT-1 43.522 -76.412 BWR 0 1850 101.30 100.06 44.53 59.91 101.88 101.36 99.44 97.79 86.41 100.70 101.33 101.24
US NINEMILEPOINT-2 43.521 -76.413 BWR 0 3988 101.81 82.75 101.70 101.43 100.12 100.24 99.59 98.41 97.91 101.02 101.13 100.26
US NORTHANNA-1 38.061 -77.792 PWR 0 2940 100.33 94.63 26.62 92.45 102.06 100.70 99.97 100.15 100.77 102.38 102.90 103.38
US NORTHANNA-2 38.061 -77.792 PWR 0 2940 103.15 103.54 104.05 103.33 102.89 101.38 100.72 100.93 101.47 103.27 103.51 103.77
US OCONEE-1 34.796 -82.894 PWR 0 2568 100.97 101.36 101.84 101.63 101.17 100.65 99.72 98.73 98.74 100.09 98.63 100.72
US OCONEE-2 34.796 -82.894 PWR 0 2568 102.76 102.76 103.14 102.99 102.63 101.87 91.65 99.25 99.97 51.27 62.04 103.01
US OCONEE-3 34.795 -82.894 PWR 0 2568 100.73 93.52 102.26 102.17 101.93 101.33 100.28 99.10 99.12 100.40 101.46 101.67
US OYSTERCREEK 39.815 -74.208 BWR 0 1930 102.88 102.70 84.19 102.19 75.31 99.58 98.00 97.91 102.75 101.73 98.89 102.38
US PALISADES 42.323 -86.316 PWR 0 2565 101.60 101.44 101.73 100.96 98.98 98.35 97.80 96.56 42.39 34.62 100.55 100.88
US PALOVERDE-1 33.387 -112.863 PWR 0 3990 101.70 101.40 101.34 101.35 101.20 100.48 100.24 100.01 100.28 100.80 101.58 101.80
US PALOVERDE-2 33.387 -112.863 PWR 0 3990 101.97 101.93 101.69 101.63 101.46 100.77 100.41 100.21 100.43 28.69 44.58 102.22
US PALOVERDE-3 33.386 -112.863 PWR 0 3990 100.88 100.87 100.92 9.37 80.44 100.27 100.06 99.73 99.88 100.52 101.29 101.54
US PEACHBOTTOM-2 39.759 -76.270 BWR 0 3951 103.46 103.10 103.46 110.41 110.77 94.83 95.02 94.35 97.00 99.95 100.89 88.09
US PEACHBOTTOM-3 39.758 -76.270 BWR 0 3951 103.10 97.08 101.95 103.30 100.53 99.22 97.85 90.45 53.56 27.48 104.91 101.40
US PERRY-1 41.801 -81.147 BWR 0 3758 99.88 93.53 21.44 14.76 100.96 99.85 100.03 100.17 98.68 101.50 101.83 101.29
US PILGRIM-1 41.945 -70.578 BWR 0 2028 85.25 55.64 100.54 62.10 21.00 97.63 99.87 87.77 99.62 98.86 100.53 99.54
US POINTBEACH-1 44.282 -87.534 PWR 0 1800 101.77 101.72 101.53 101.46 101.50 101.38 101.30 100.86 101.09 101.02 94.06 95.68
US POINTBEACH-2 44.281 -87.534 PWR 0 1800 101.61 101.63 101.13 101.87 101.88 101.37 101.29 100.85 98.24 6.76 100.00 102.33
US PRAIRIEISLAND-1 44.622 -92.631 PWR 0 1677 87.25 58.51 101.41 19.18 66.23 90.88 101.31 101.75 102.38 104.13 105.41 105.18
US PRAIRIEISLAND-2 44.622 -92.631 PWR 0 1677 106.92 106.81 27.43 93.62 102.71 77.73 102.08 102.64 103.40 53.37 0.00 21.32
US QUADCITIES-1 41.727 -90.308 BWR 0 2957 101.64 103.62 28.25 90.58 101.93 101.58 100.67 100.75 99.06 102.15 102.24 103.26
US QUADCITIES-2 41.726 -90.308 BWR 0 2957 102.16 102.45 102.48 101.74 101.39 99.99 99.78 99.82 93.36 101.63 101.94 102.57
US GINNA 43.279 -77.311 PWR 0 1775 100.19 100.18 100.21 100.27 100.02 99.72 98.10 97.20 98.12 55.76 77.50 99.81
US RIVERBEND-1 30.727 -91.372 BWR 0 3091 90.55 77.63 3.42 98.88 96.59 59.46 92.12 99.75 98.36 100.98 78.60 85.79
US SALEM-1 39.463 -75.534 PWR 0 3459 101.59 100.62 56.89 96.09 100.04 99.34 96.99 98.69 99.26 99.93 95.86 101.23
US SALEM-2 39.463 -75.534 PWR 0 3459 101.98 97.74 101.93 101.88 100.72 100.08 98.96 84.93 99.65 70.44 0.00 93.10
US SEABROOK-1 42.897 -70.849 PWR 0 3648 100.04 100.05 100.11 100.14 100.11 99.99 99.90 99.90 91.71 0.02 51.67 100.21
US SEQUOYAH-1 35.228 -85.094 PWR 0 3455 101.01 101.00 73.00 23.91 44.58 99.13 75.45 72.26 76.95 99.81 93.46 65.40
US SEQUOYAH-2 35.227 -85.094 PWR 0 3455 101.54 102.88 76.20 101.73 101.72 100.22 99.75 99.76 98.71 97.25 35.91 49.35
US HARRIS-1 35.635 -78.955 PWR 0 2900 103.81 104.28 103.28 2.26 48.35 100.52 100.66 100.89 101.34 102.40 103.50 102.00
US SOUTHTEXAS-1 28.797 -96.044 PWR 0 3853 104.82 104.54 104.31 103.24 102.79 101.76 101.20 101.05 101.53 54.52 0.00 20.29
US SOUTHTEXAS-2 28.796 -96.044 PWR 0 3853 104.99 104.73 93.57 0.00 69.92 101.78 101.13 100.95 101.67 101.98 102.87 102.75
US ST.LUCIE-1 27.348 -80.244 PWR 0 3020 102.46 102.76 70.53 15.84 101.10 101.23 101.94 92.39 100.68 101.08 101.10 101.23
US ST.LUCIE-2 27.348 -80.244 PWR 0 3020 103.21 84.36 100.56 67.68 101.69 101.98 102.72 101.51 21.92 14.91 100.63 102.60
US SURRY-1 37.166 -76.700 PWR 0 2587 104.47 104.40 104.05 56.77 6.99 100.61 63.05 100.28 101.59 42.36 40.69 103.91
US SURRY-2 37.166 -76.700 PWR 0 2587 100.43 104.59 104.20 103.73 103.19 101.07 65.50 100.93 101.54 56.41 0.00 60.22
US SUSQUEHANNA-1 41.093 -76.143 PWR 0 3952 103.28 103.22 103.76 101.14 99.98 100.00 100.75 100.87 99.12 102.53 71.79 102.07
US SUSQUEHANNA-2 41.092 -76.143 BWR 0 3952 103.40 102.72 102.79 33.91 14.80 100.13 99.68 99.36 99.91 99.43 101.65 101.73
US THREEMILEISLAND-1 40.154 -76.727 BWR 0 2568 103.65 103.41 103.44 103.10 80.50 100.76 94.82 100.65 100.72 94.63 14.30 103.26
US TURKEYPOINT-3 25.435 -80.330 PWR 0 2644 102.22 102.85 94.02 96.29 88.23 99.92 99.89 99.36 101.17 56.78 0.00 84.88
US TURKEYPOINT-4 25.435 -80.329 PWR 0 2644 103.47 103.88 102.02 100.82 79.28 100.38 100.36 100.69 101.68 103.46 104.21 104.09
US SUMMER-1 34.299 -81.314 BWR 0 2900 98.61 101.78 101.83 101.56 101.53 100.91 100.47 100.21 100.43 5.45 0.00 91.92
US VOGTLE-1 33.143 -81.760 PWR 0 3626 102.87 103.02 102.41 101.82 101.07 100.23 99.78 100.11 63.36 19.54 102.39 102.35
US VOGTLE-2 33.142 -81.760 PWR 0 3626 103.53 103.54 89.53 102.20 97.40 100.86 100.56 100.75 101.17 102.05 102.58 102.52
US WATERFORD-3 29.994 -90.471 PWR 0 3716 100.81 100.09 100.94 97.45 99.26 77.88 99.62 99.08 98.84 67.76 0.00 44.17
US WATTSBAR-1 35.601 -84.789 PWR 0 3459 104.15 75.12 93.95 101.72 100.93 98.25 96.08 98.40 60.45 22.33 75.09 102.90
US WOLFCREEK 38.239 -95.691 PWR 0 3565 101.92 97.55 0.00 0.00 85.33 99.88 99.21 99.37 100.07 101.29 101.76 101.92
