AM ARMENIAN-2 40.181 44.147 PWR 0 1375 92.80 91.94 82.12 69.64 50.23 0.69 0.94 43.70 50.27 50.96 66.01 95.92
AR ATUCHA-1 -33.967 -59.209 PHWR 0 1179 62.18 62.08 4.28 60.73 99.46 100.25 75.64 87.76 90.91 90.76 98.17 84.06
AR ATUCHA-2 -33.968 -59.205 PHWR 0 2160 93.35 92.38 95.86 85.47 97.15 99.41 99.90 85.89 17.92 32.24 27.29 0.00
AR EMBALSE -32.232 -64.442 PHWR 0 2015 0.00 0.00 0.00 0.00 0.00 0.00 0.00 0.00 0.00 0.00 0.00 0.00
BE DOEL-1 51.323 4.259 PWR 0 1311 100.21 100.36 100.59 75.06 0.00 0.00 0.00 0.00 0.00 0.00 0.00 0.00
BE DOEL-2 51.323 4.259 PWR 0 1311 100.49 100.58 99.79 100.44 69.72 0.00 0.00 0.00 0.00 0.00 0.00 0.00
BE DOEL-3 51.325 4.257 PWR 1 3054 0.00 0.00 0.00 0.00 0.00 0.00 14.55 88.35 100.48 101.17 101.79 101.82
BE DOEL-4 51.325 4.257 PWR 0 2988 99.95 100.59 100.48 99.90 99.01 92.30 97.78 17.88 0.00 0.00 0.00 22.26
BE TIHANGE-1 50.533 5.271 PWR 0 2873 101.82 102.21 99.17 101.25 99.24 98.50 95.54 97.06 96.84 35.32 59.48 101.61
BE TIHANGE-2 50.533 5.271 PWR 1 3064 100.36 102.06 101.96 99.80 100.51 99.75 87.39 55.07 0.00 0.00 0.00 0.00
BE TIHANGE-3 50.532 5.271 PWR 0 3000 100.36 100.30 96.84 0.00 0.00 0.00 0.00 0.00 0.00 0.00 0.00 0.00
BG KOZLODUY-5 43.747 23.770 PWR 0 3000 103.22 103.22 103.05 56.99 0.65 99.46 100.25 100.02 100.44 102.54 103.53 103.59
BG KOZLODUY-6 43.746 23.771 PWR 0 3000 106.53 106.52 102.12 101.58 100.43 99.11 98.85 98.63 43.30 29.23 99.64 100.07
BR ANGRA-1 -23.008 -44.457 PWR 0 1882 99.34 99.30 98.90 96.86 99.76 99.72 99.43 100.55 100.27 81.44 0.00 79.76
BR ANGRA-2 -23.007 -44.458 PWR 0 3764 91.54 42.74 37.81 100.03 101.10 101.13 101.18 101.78 101.10 101.13 101.19 100.33
CA BRUCE-1 44.341 -81.572 PHWR 0 2620 26.53 0.23 101.54 102.72 101.51 102.75 81.03 50.01 100.08 100.44 102.79 102.89
CA BRUCE-2 44.341 -81.572 PHWR 0 2620 101.18 58.37 60.46 102.54 102.26 102.26 102.87 61.83 87.33 100.99 93.81 103.48
CA BRUCE-3 44.341 -81.572 PHWR 0 2550 103.95 104.10 104.14 104.29 103.28 104.05 81.55 100.71 102.71 103.88 104.27 30.00
CA BRUCE-4 44.342 -81.572 PHWR 0 2550 103.50 102.22 10.22 0.00 0.00 48.93 104.29 102.23 101.95 81.09 97.84 96.96
CA BRUCE-5 44.320 -81.588 PHWR 0 2832 100.12 100.03 100.07 100.18 95.64 98.63 99.36 98.62 99.41 98.81 100.13 95.75
CA BRUCE-6 44.319 -81.588 PHWR 0 2690 92.26 100.16 100.09 100.02 97.36 99.08 99.53 99.17 99.54 97.66 99.44 99.62
CA BRUCE-7 44.319 -81.588 PHWR 0 2832 100.50 101.25 101.31 101.21 98.53 100.38 100.60 99.40 100.33 99.90 89.15 100.67
CA BRUCE-8 44.318 -81.588 PHWR 0 2690 100.66 91.41 100.70 100.85 90.09 96.25 99.66 98.42 0.00 0.00 0.00 29.60
CA DARLINGTON-1 43.867 -78.724 PHWR 0 2776 79.01 100.74 100.51 100.31 100.23 98.57 98.03 96.05 95.51 99.39 100.79 98.11
CA DARLINGTON-2 43.867 -78.724 PHWR 0 2776 0.00 0.00 0.00 0.00 0.00 0.00 0.00 0.00 0.00 0.00 0.00 0.00
CA DARLINGTON-3 43.866 -78.724 PHWR 0 2776 100.72 99.44 92.68 0.00 0.00 33.48 95.64 94.87 95.40 99.31 90.26 99.99
CA DARLINGTON-4 43.866 -78.724 PHWR 0 2776 98.76 99.70 99.55 100.20 100.22 72.40 42.00 85.78 94.32 98.15 100.53 100.47
CA PICKERING-1 43.812 -79.070 PHWR 0 1744 83.25 65.85 99.73 99.09 99.23 98.45 95.26 94.76 90.71 95.79 97.03 97.41
CA PICKERING-4 43.811 -79.067 PHWR 0 1744 95.09 89.26 21.73 0.00 0.00 1.60 94.70 63.15 84.57 98.65 98.38 96.21
CA PICKERING-5 43.811 -79.065 PHWR 0 1744 98.29 82.12 96.63 95.04 98.51 97.85 84.77 95.19 90.36 97.66 94.20 97.95
CA PICKERING-6 43.811 -79.064 PHWR 0 1744 13.73 0.00 0.00 0.00 59.01 99.41 68.35 71.67 90.63 100.05 97.72 99.67
CA PICKERING-7 43.810 -79.063 PHWR 0 1744 92.33 99.97 100.48 100.74 100.18 99.63 87.45 96.12 95.14 99.45 90.22 100.58
CA PICKERING-8 43.810 -79.062 PHWR 0 1744 98.52 94.86 100.04 100.70 96.90 27.41 70.91 91.98 0.00 0.00 0.00 16.26
CA POINTLEPREAU 45.068 -66.455 PHWR 0 2180 100.17 100.47 100.68 19.77 1.81 100.10 98.95 97.71 98.94 98.81 99.03 100.22
CH BEZNAU-1 47.552 8.229 PWR 1 1130 0.00 0.00 37.85 101.19 100.57 99.27 97.71 89.13 98.88 100.19 101.23 101.43
CH BEZNAU-2 47.552 8.230 PWR 1 1130 101.05 101.09 101.14 100.72 100.02 83.32 68.56 92.51 98.39 99.74 100.62 100.84
CH GOESGEN 47.366 7.969 PWR 1 3002 99.92 99.93 99.63 98.47 97.42 23.13 96.97 96.71 97.86 98.62 99.32 99.50
CH LEIBSTADT 47.601 8.183 BWR 0 3600 84.01 84.75 84.27 83.55 82.85 81.94 81.64 81.56 41.89 0.00 83.25 88.75
CH MUEHLEBERG 46.969 7.266 BWR 0 1097 99.85 99.95 95.86 99.75 99.67 99.89 97.25 48.40 52.68 99.94 99.39 98.75
CN CHANGJIANG-1 19.461 108.900 PWR 0 1930 5.19 49.19 84.79 87.58 81.30 85.20 87.57 80.97 74.50 85.60 83.56 84.26
CN CHANGJIANG-2 19.461 108.900 PWR 0 1930 0.00 14.37 84.29 75.24 77.44 84.30 86.10 84.44 83.92 84.82 60.87 0.00
CN DAYABAY-1 22.599 114.544 PWR 0 2905 101.38 99.98 101.29 13.42 61.87 95.89 100.40 100.44 100.08 101.28 101.63 102.00
CN DAYABAY-2 22.599 114.544 PWR 0 2905 101.35 99.93 98.20 100.82 100.09 100.22 100.21 100.30 99.84 100.92 101.59 101.94
CN FANGCHENGGANG-1 21.669 108.560 PWR 0 2905 102.56 49.30 101.10 97.90 99.91 98.83 91.45 100.20 13.20 65.46 96.35 96.49
CN FANGCHENGGANG-2 21.669 108.560 PWR 0 2905 102.78 96.77 103.34 97.25 100.41 48.88 80.26 101.01 97.64 39.74 77.19 103.45
CN FANGJIASHAN-1 30.441 120.942 PWR 0 2905 100.83 96.35 101.57 101.27 100.22 98.41 92.62 96.67 97.65 98.24 100.64 101.30
CN FANGJIASHAN-2 30.441 120.942 PWR 0 2905 84.07 70.87 101.19 98.29 98.45 98.52 97.75 97.32 98.29 97.79 100.91 101.46
CN FUQING-1 25.446 119.447 PWR 0 2905 98.26 0.40 34.39 100.07 99.50 99.08 96.75 96.94 93.36 97.85 92.00 98.35
CN FUQING-2 25.446 119.447 PWR 0 2905 69.76 87.47 100.08 96.76 98.84 93.68 97.11 97.97 96.07 0.92 56.37 99.74
CN FUQING-3 25.446 119.447 PWR 0 2905 53.04 50.54 99.97 95.96 98.44 92.85 96.16 92.46 91.59 96.04 92.54 0.00
CN FUQING-4 25.446 119.447 PWR 0 2905 90.93 93.13 99.62 99.92 99.46 96.27 54.59 0.00 0.00 89.83 93.20 99.52
CN HAIYANG-1 36.708333 121.383333 PWR 0 3415 0.00 0.00 0.00 0.00 0.00 0.00 0.00 18.85 70.29 53.54 99.33 88.66
CN HAIYANG-2 36.708333 121.383333 PWR 0 3415 0.00 0.00 0.00 0.00 0.00 0.00 0.00 0.00 0.00 2.58 48.88 43.10
CN HONGYANHE-1 39.7958 121.4806 PWR 0 2905 96.26 89.96 81.99 93.41 97.31 96.96 95.36 94.43 95.45 97.67 99.43 97.44
CN HONGYANHE-2 39.7958 121.4806 PWR 0 2905 89.96 36.88 9.30 94.00 93.86 91.15 95.67 94.37 95.28 97.37 98.97 99.24
CN HONGYANHE-3 39.7958 121.4806 PWR 0 2905 0.00 18.63 73.62 0.00 76.45 88.40 95.96 94.35 95.31 97.31 99.18 99.72
CN HONGYANHE-4 39.7958 121.4806 PWR 0 2905 88.49 35.25 60.19 0.00 0.00 78.19 95.71 54.38 0.00 59.60 99.18 96.71
CN LINGAO-1 22.606 114.550 PWR 0 2905 99.90 92.60 99.81 87.24 0.00 66.69 97.76 94.61 86.15 96.56 86.29 100.95
CN LINGAO-2 22.605 114.550 PWR 0 2905 100.49 46.82 55.39 99.63 97.06 95.72 96.76 95.99 95.63 88.87 71.39 101.02
CN LINGAO-3 22.609 114.552 PWR 0 2905 101.27 92.51 101.30 101.09 100.16 100.64 100.55 100.59 90.76 0.00 84.70 102.46
CN LINGAO-4 22.609 114.552 PWR 0 2905 101.31 69.56 80.71 100.87 97.62 96.33 97.16 95.80 93.44 88.05 91.66 102.09
CN NINGDE-1 27.0450 120.2800 PWR 0 2905 107.32 100.00 101.88 102.88 105.41 99.87 102.37 103.93 99.28 106.36 63.82 0.00
CN NINGDE-2 27.0444 120.2833 PWR 0 2905 99.99 46.70 33.75 99.96 99.99 99.94 99.99 99.99 100.00 99.99 86.85 100.00
CN NINGDE-3 27.0444 120.2833 PWR 0 2905 14.29 100.00 99.98 100.13 99.99 99.99 99.45 99.99 100.00 99.99 99.99 99.92
CN NINGDE-4 27.0444 120.2833 PWR 0 2905 99.99 100.00 100.00 100.00 100.00 99.99 99.99 99.98 99.99 100.00 99.99 100.00
CN QINSHAN2-1 30.421 120.945 PWR 0 1930 103.36 98.70 103.44 31.26 18.86 101.80 98.76 99.19 101.03 98.95 102.79 103.55
CN QINSHAN2-2 30.421 120.946 PWR 0 1930 103.47 98.02 102.21 102.58 102.18 101.48 100.51 99.19 100.87 100.61 76.21 103.64
CN QINSHAN2-3 30.419 120.942 PWR 0 1930 101.41 96.77 100.63 101.33 101.58 100.19 98.11 97.26 99.05 101.39 10.34 46.50
CN QINSHAN2-4 30.419 120.942 PWR 0 1930 101.80 50.55 5.92 101.85 100.93 100.41 99.21 97.93 99.58 97.57 101.23 100.32
CN QINSHAN3-1 30.436 120.961 PHWR 0 2064 99.87 83.24 100.06 99.14 97.63 96.01 95.19 94.69 95.86 96.56 99.83 99.99
CN QINSHAN3-2 30.435 120.961 PHWR 0 2064 90.58 94.50 99.59 12.99 0.00 84.82 94.33 94.11 95.50 83.20 99.42 99.72
CN QINSHAN-1 30.440 120.950 PWR 0 966 103.27 86.67 0.00 0.00 0.00 0.00 2.83 79.98 102.64 101.27 109.53 109.71
CN SANMEN-1 29.101111 121.641944 PWR 0 3400 0.00 0.00 0.00 0.00 0.00 2.84 17.78 20.02 55.86 96.88 100.46 100.86
CN SANMEN-2 30.101111 121.641945 PWR 0 3400 0.00 0.00 0.00 0.00 0.00 0.00 0.00 6.41 51.61 41.19 100.59 71.57
CN TAISHAN-1 21.918 112.982 PWR 0 4590 0.00 0.00 0.00 0.00 0.00 0.20 9.17 14.74 29.72 62.56 50.33 83.51
CN TIANWAN-1 34.690 119.456 PWR 0 3000 98.91 68.50 92.29 54.73 95.56 59.14 98.55 97.44 95.12 96.11 99.43 21.27
CN TIANWAN-2 34.689 119.456 PWR 0 3000 83.70 98.50 34.59 61.93 95.68 99.28 98.57 97.46 97.77 96.29 99.47 97.99
CN TIANWAN-3 34.689 119.456 PWR 0 3000 41.08 35.86 72.79 70.91 95.17 97.74 98.26 97.63 93.88 92.10 63.15 45.78
CN TIANWAN-4 34.689 119.456 PWR 0 3000 0.00 0.00 0.00 0.00 0.00 0.00 0.00 0.00 0.00 12.82 23.14 69.77
CN YANGJIANG-1 21.708071 112.259 PWR 0 2905 86.85 0.00 70.16 102.67 99.60 99.32 99.41 99.12 101.21 94.65 93.11 103.75
CN YANGJIANG-2 21.708071 112.259 PWR 0 2905 101.92 103.04 103.02 102.97 101.90 101.13 101.15 101.30 100.76 99.06 101.99 102.46
CN YANGJIANG-3 21.708071 112.259 PWR 0 2905 102.34 94.58 103.67 103.61 82.68 19.12 100.86 99.80 91.23 87.74 95.30 103.60
CN YANGJIANG-4 21.708071 112.259 PWR 0 2905 102.19 47.98 0.00 52.86 98.86 98.63 98.89 95.14 97.44 32.71 73.01 103.35
CN YANGJIANG-5 21.708071 112.259 PWR 0 2905 0.00 0.00 0.00 0.00 4.94 26.10 85.56 100.88 94.02 87.03 95.90 102.79
CZ DUKOVANY-1 49.089 16.149 PWR 0 1444 100.67 101.08 100.30 99.32 31.80 0.00 81.94 96.70 98.03 99.30 80.04 97.65
CZ DUKOVANY-2 49.089 16.149 PWR 0 1444 82.41 100.41 27.37 0.00 92.05 97.97 96.20 95.74 96.66 97.99 99.03 99.23
CZ DUKOVANY-3 49.089 16.149 PWR 0 1444 99.56 100.09 99.86 72.08 91.14 96.76 96.07 95.37 98.96 99.18 96.32 18.77
CZ DUKOVANY-4 49.088 16.149 PWR 0 1444 100.08 100.43 100.26 66.32 98.19 97.65 67.86 95.20 0.00 0.00 39.84 100.80
CZ TEMELIN-1 49.181 14.377 PWR 0 3120 0.00 0.00 96.11 100.02 99.06 99.31 98.86 98.93 99.61 99.24 100.78 100.91
CZ TEMELIN-2 49.181 14.377 PWR 0 3120 100.88 101.24 101.69 101.04 100.32 91.89 0.00 4.14 91.89 95.19 101.68 101.81
DE BROKDORF 53.850 9.345 PWR 1 3900 86.59 89.88 90.74 0.29 76.74 89.06 90.59 86.10 85.87 83.69 89.42 86.08
DE EMSLAND 52.471 7.322 PWR 0 3850 96.55 100.88 100.02 99.39 74.19 55.92 98.35 98.62 99.45 99.88 100.69 96.21
DE GROHNDE 52.033 9.412 PWR 1 3900 91.28 77.60 30.46 93.51 93.53 92.61 92.24 93.68 94.45 92.50 94.91 94.60
DE GUNDREMMINGEN-C 48.515 10.404 BWR 1 3840 97.58 100.04 94.89 55.76 15.18 98.33 97.11 97.24 98.30 99.21 97.81 99.93
DE ISAR-2 48.607 12.296 PWR 1 3950 97.72 100.08 99.43 96.97 96.24 96.71 43.51 93.38 96.58 97.87 99.94 97.90
DE NECKARWESTHEIM-2 49.039 9.176 PWR 0 3850 96.80 101.03 98.86 97.86 97.29 98.08 95.73 91.80 0.00 0.00 76.04 98.80
DE PHILIPPSBURG-2 49.253 8.433 PWR 1 3950 96.06 98.08 96.76 86.41 26.80 52.21 93.58 84.51 94.98 91.98 91.97 96.33
ES ALMARAZ-1 39.807 -5.698 PWR 0 2947 99.49 99.56 98.14 99.45 98.96 98.08 97.19 96.98 97.17 87.84 0.00 89.13
ES ALMARAZ-2 39.807 -5.697 PWR 0 2947 100.68 100.66 100.62 25.21 57.87 98.61 97.18 95.76 96.00 97.50 99.68 99.76
ES ASCO-1 41.202 0.571 PWR 0 2954 100.86 101.45 98.38 101.19 101.02 100.64 99.21 98.59 98.88 99.35 24.60 21.82
ES ASCO-2 41.202 0.572 PWR 0 2941 100.40 101.06 98.41 100.53 86.25 87.88 98.58 97.82 98.13 100.27 100.23 100.59
ES COFRENTES 39.216 -1.051 BWR 0 3237 74.77 72.45 99.74 99.88 97.62 99.51 97.02 94.82 99.29 99.69 98.81 99.90
ES TRILLO-1 40.699 -2.622 PWR 0 3010 99.19 99.11 97.56 98.85 54.87 14.13 98.13 98.21 98.52 98.97 99.04 99.16
ES VANDELLOS-2 40.949 0.867 PWR 0 2941 99.71 99.64 5.18 0.00 0.00 0.00 8.69 96.74 96.62 97.64 99.24 56.68
FI LOVIISA-1 60.372 26.342 PWR 0 1500 99.74 99.74 99.89 99.50 98.80 98.68 94.27 95.84 64.98 37.45 98.86 99.65
FI LOVIISA-2 60.371 26.343 PWR 0 1500 100.26 100.13 100.47 100.02 99.41 99.19 93.29 12.07 24.91 98.34 99.66 100.04
FI OLKILUOTO-1 61.235 21.444 BWR 0 2500 100.61 100.90 98.87 99.12 40.85 21.24 93.86 98.59 99.91 96.30 101.29 100.39
FI OLKILUOTO-2 61.235 21.445 BWR 0 2500 100.40 100.21 100.31 72.41 75.57 98.90 88.38 97.11 98.47 99.66 97.57 100.11
FR BELLEVILLE-1 47.511 2.871 PWR 0 3817 98.46 99.42 92.07 90.57 97.07 96.00 96.42 96.29 92.84 92.86 29.55 0.00
FR BELLEVILLE-2 47.510 2.871 PWR 0 3817 0.00 0.00 0.00 47.42 92.96 91.85 88.77 95.88 96.65 70.26 98.44 98.88
FR BLAYAIS-1 45.256 -0.691 PWR 1 2785 94.16 101.22 98.89 99.99 98.98 87.93 0.00 0.00 82.95 99.73 100.74 94.44
FR BLAYAIS-2 45.256 -0.691 PWR 1 2785 102.55 93.91 25.23 39.98 99.38 95.88 98.04 98.36 99.09 101.39 102.45 98.07
FR BLAYAIS-3 45.256 -0.690 PWR 0 2785 98.84 104.63 104.66 66.20 0.00 4.29 99.85 97.04 99.04 98.86 98.51 96.26
FR BLAYAIS-4 45.256 -0.690 PWR 0 2785 91.75 94.76 95.65 96.11 100.00 98.31 91.55 87.42 21.19 43.39 99.51 87.92
FR BUGEY-2 45.798 5.267 PWR 0 2785 100.32 99.51 100.10 99.71 99.87 98.59 95.54 78.84 87.01 0.00 0.00 62.72
FR BUGEY-3 45.798 5.268 PWR 0 2785 92.18 100.65 96.79 93.10 93.66 87.09 70.38 61.85 57.61 99.26 100.31 100.67
FR BUGEY-4 45.800 5.267 PWR 0 2785 86.79 102.61 71.90 0.00 0.00 32.09 97.84 97.05 90.08 98.04 100.48 99.90
FR BUGEY-5 45.800 5.268 PWR 0 2785 101.11 101.31 100.49 98.41 98.73 97.88 84.68 0.00 0.00 0.13 13.39 99.31
FR CATTENOM-1 49.416 6.217 PWR 0 3817 99.42 56.83 0.00 22.23 96.48 96.17 87.83 16.50 92.33 97.90 98.38 98.91
FR CATTENOM-2 49.416 6.217 PWR 0 3817 98.36 99.42 73.66 0.00 70.07 0.00 0.00 0.00 0.00 48.84 98.85 91.02
FR CATTENOM-3 49.415 6.217 PWR 0 3817 86.34 92.57 81.39 14.65 10.04 43.68 93.43 95.65 86.01 97.37 99.10 98.67
FR CATTENOM-4 49.415 6.217 PWR 0 3817 78.83 92.22 97.52 81.46 57.24 90.45 78.90 3.14 82.08 93.07 94.56 94.26
FR CHINONB-1 47.230 0.168 PWR 1 2785 97.81 99.60 97.90 94.12 94.33 93.50 0.00 83.92 94.72 96.18 96.04 96.75
FR CHINONB-2 47.229 0.168 PWR 1 2785 94.23 99.43 93.93 91.75 91.44 94.65 95.91 30.14 0.00 0.00 21.89 98.06
FR CHINONB-3 47.224 0.171 PWR 1 2785 94.45 99.43 71.43 94.37 95.38 94.74 93.26 96.20 96.99 59.08 3.72 99.20
FR CHINONB-4 47.224 0.171 PWR 1 2785 92.66 89.89 98.52 19.57 0.00 0.00 55.32 94.76 96.67 95.11 98.06 96.38
FR CHOOZB-1 50.089 4.791 PWR 0 4270 100.13 100.76 93.49 99.47 97.16 93.30 0.00 0.00 52.28 46.44 99.92 91.60
FR CHOOZB-2 50.089 4.791 PWR 0 4270 83.02 98.97 99.89 95.07 85.85 85.18 79.96 95.47 89.04 87.79 99.28 100.08
FR CIVAUX-1 46.457 0.654 PWR 0 4270 96.38 100.17 99.71 98.35 96.94 95.92 83.37 60.04 67.92 0.00 80.27 98.05
FR CIVAUX-2 46.457 0.655 PWR 0 4270 95.83 91.55 50.81 0.00 0.00 0.00 79.43 98.63 98.33 98.88 99.90 99.08
FR CRUAS-1 44.634 4.757 PWR 0 2785 98.97 97.45 95.50 88.52 95.01 96.47 69.27 73.37 0.00 57.48 96.35 100.75
FR CRUAS-2 44.633 4.757 PWR 0 2785 0.00 0.00 0.00 2.53 92.82 85.58 92.34 91.77 88.44 93.65 94.79 98.95
FR CRUAS-3 44.633 4.757 PWR 0 2785 71.82 101.47 100.84 96.10 96.68 93.95 96.05 87.19 68.06 0.00 0.00 39.41
FR CRUAS-4 44.632 4.757 PWR 0 2785 95.80 97.31 95.28 93.72 11.96 0.00 0.00 0.00 77.80 98.53 96.27 99.68
FR DAMPIERRE-1 47.732 2.513 PWR 1 2785 90.94 98.44 95.65 92.54 82.08 94.95 91.06 45.46 23.44 95.33 97.18 97.18
FR DAMPIERRE-2 47.732 2.514 PWR 1 2785 102.25 103.71 99.71 0.00 0.00 24.44 100.60 90.91 88.43 91.02 100.75 95.85
FR DAMPIERRE-3 47.732 2.515 PWR 1 2785 96.68 104.29 101.67 98.04 97.15 97.47 99.60 29.66 101.50 16.51 18.16 103.87
FR DAMPIERRE-4 47.732 2.516 PWR 1 2785 98.43 99.32 93.19 97.24 88.81 21.47 0.00 0.00 0.00 0.00 0.00 34.39
FR FESSENHEIM-1 47.903 7.564 PWR 0 2785 91.85 83.56 98.59 95.46 94.40 95.91 94.75 72.76 95.84 91.06 98.17 83.11
FR FESSENHEIM-2 47.903 7.565 PWR 0 2785 0.00 0.00 0.00 62.31 66.20 95.39 84.93 89.75 81.30 91.29 90.73 98.41
FR FLAMANVILLE-1 49.537 -1.881 PWR 0 3817 99.32 99.47 38.21 7.02 0.00 0.00 0.00 0.00 0.00 0.00 0.00 0.00
FR FLAMANVILLE-2 49.537 -1.881 PWR 0 3817 98.01 97.64 99.38 98.21 50.38 87.83 89.10 86.50 98.38 81.32 96.62 84.43
FR GOLFECH-1 44.105 0.845 PWR 0 3817 78.97 94.64 89.11 71.49 48.31 71.68 85.15 65.99 84.64 93.28 93.80 83.81
FR GOLFECH-2 44.104 0.845 PWR 0 3817 98.56 99.40 98.72 97.83 75.28 0.00 0.00 0.00 83.08 96.00 98.35 97.80
FR GRAVELINES-1 51.014 2.138 PWR 1 2785 97.21 82.86 99.29 97.24 93.04 89.51 94.01 30.29 14.62 97.09 93.41 96.89
FR GRAVELINES-2 51.013 2.138 PWR 1 2785 90.66 97.21 94.68 89.66 23.03 68.70 87.66 62.10 57.88 88.46 87.69 95.84
FR GRAVELINES-3 51.013 2.138 PWR 1 2785 89.35 98.13 96.30 92.30 90.36 89.05 92.39 83.52 0.00 0.00 3.27 88.30
FR GRAVELINES-4 51.012 2.138 PWR 1 2785 101.51 103.71 100.76 0.00 66.01 93.86 101.46 95.55 102.20 88.17 80.88 101.81
FR GRAVELINES-5 51.012 2.138 PWR 0 2785 99.14 99.76 98.30 97.03 96.78 3.17 0.00 62.05 95.92 95.44 97.96 97.20
FR GRAVELINES-6 51.011 2.138 PWR 0 2785 102.53 96.51 5.94 0.00 0.00 0.00 0.00 0.00 4.24 90.90 101.35 101.59
FR NOGENT-1 48.517 3.520 PWR 0 3817 94.95 98.13 98.30 90.74 64.38 88.05 94.05 46.72 0.00 0.00 50.57 98.13
FR NOGENT-2 48.516 3.520 PWR 0 3817 92.74 100.72 100.06 98.16 96.42 77.72 4.76 0.00 61.30 97.01 96.27 79.63
FR PALUEL-1 49.857 0.635 PWR 0 3817 92.91 53.22 2.83 95.98 73.19 84.08 83.82 90.64 86.41 87.09 87.71 87.47
FR PALUEL-2 49.856 0.635 PWR 0 3817 0.00 0.00 0.00 0.00 0.00 0.00 4.01 4.83 51.33 84.65 96.06 96.22
FR PALUEL-3 49.856 0.635 PWR 0 3817 98.93 98.50 96.83 97.11 95.20 95.79 96.07 89.60 90.00 0.00 0.00 9.58
FR PALUEL-4 49.856 0.635 PWR 0 3817 86.96 98.00 95.50 77.63 77.17 78.39 82.21 95.55 75.52 87.10 92.38 88.34
FR PENLY-1 49.975 1.215 PWR 0 3817 90.21 97.39 94.65 82.08 93.80 96.80 96.61 83.39 90.97 81.24 0.00 0.00
FR PENLY-2 49.975 1.215 PWR 0 3817 96.39 88.45 92.37 74.42 0.00 0.00 81.33 94.10 89.52 92.14 89.12 90.73
FR ST.ALBAN-1 45.404 4.754 PWR 0 3817 91.82 55.58 83.72 92.88 94.13 81.51 82.55 68.40 88.83 0.00 0.00 82.84
FR ST.ALBAN-2 45.404 4.755 PWR 0 3817 99.36 6.71 0.00 0.00 0.00 0.00 31.62 79.22 68.66 92.65 97.96 86.54
FR ST.LAURENTB-1 47.721 1.581 PWR 1 2785 97.27 99.43 97.95 97.23 95.95 3.09 48.96 64.89 92.44 94.13 95.04 89.73
FR ST.LAURENTB-2 47.720 1.581 PWR 1 2785 93.00 96.18 93.27 75.36 92.95 89.46 79.63 93.45 0.14 0.00 0.00 75.25
FR TRICASTIN-1 44.330 4.733 PWR 1 2785 66.76 98.29 98.43 95.08 50.39 0.00 0.00 60.15 85.39 88.89 97.05 98.69
FR TRICASTIN-2 44.330 4.733 PWR 1 2785 72.63 95.50 95.69 73.18 51.29 44.55 0.00 0.00 0.00 54.81 69.29 99.73
FR TRICASTIN-3 44.331 4.733 PWR 1 2785 101.06 101.76 98.61 98.72 96.31 96.85 19.90 3.37 98.51 98.94 6.55 0.00
FR TRICASTIN-4 44.331 4.733 PWR 1 2785 99.40 87.65 6.04 0.00 25.73 94.06 100.10 99.73 86.08 93.10 100.17 94.49
GB DUNGENESSB-1 50.913 0.962 GCR 0 1500 75.45 49.25 98.47 99.82 63.21 99.10 87.41 98.90 62.43 -1.51 -1.67 -1.70
GB DUNGENESSB-2 50.912 0.962 GCR 0 1500 100.50 100.46 64.82 100.54 100.13 77.37 99.28 77.63 -1.41 -1.51 -1.67 -1.70
GB HARTLEPOOLA-1 54.634 -1.180 GCR 0 1500 61.75 0.00 -2.47 -2.13 94.25 100.35 99.61 61.97 100.35 100.28 100.68 101.08
GB HARTLEPOOLA-2 54.634 -1.180 GCR 0 1500 71.55 82.92 93.27 99.81 55.93 98.81 97.68 98.51 98.92 56.63 99.16 99.97
GB HEYSHAMA-1 54.029 -2.912 GCR 0 1500 102.03 102.06 101.57 41.97 101.65 99.46 85.07 96.03 100.72 83.84 74.22 100.53
GB HEYSHAMA-2 54.028 -2.912 GCR 0 1500 89.94 89.52 79.42 89.32 87.64 45.23 -0.01 4.14 86.98 88.95 87.90 86.13
GB HEYSHAMB-1 54.028 -2.912 GCR 0 1550 91.53 99.52 91.97 97.84 9.78 -0.84 14.11 97.33 97.65 77.49 75.88 91.03
GB HEYSHAMB-2 54.027 -2.912 GCR 0 1550 95.25 100.07 80.57 90.55 98.94 89.56 97.69 89.46 98.37 91.04 99.83 99.66
GB HINKLEYPOINTB-1 51.208 -3.131 GCR 0 1494 94.44 37.02 98.37 100.83 100.50 79.84 94.82 91.89 98.94 94.39 100.20 95.34
GB HINKLEYPOINTB-2 51.208 -3.131 GCR 0 1494 97.11 99.49 84.19 -0.27 0.63 99.88 92.96 98.44 95.86 99.73 100.65 96.93
GB HUNTERSTONB-1 55.721 -4.893 GCR 0 1496 74.44 97.34 24.20 -3.65 -2.73 -1.44 -0.86 -0.54 -0.53 -0.92 -1.25 -1.65
GB HUNTERSTONB-2 55.721 -4.893 GCR 0 1496 98.02 95.82 100.13 95.21 100.14 93.56 99.24 94.13 99.45 2.99 -4.84 -2.14
GB SIZEWELLB 52.215 1.623 PWR 0 3425 1.02 82.96 92.99 100.54 100.26 99.83 99.39 96.78 99.70 100.04 100.35 100.37
GB TORNESS-1 55.966 -2.399 GCR 0 1623 93.88 101.92 71.61 101.33 82.25 101.51 97.27 96.88 93.79 95.89 101.73 93.42
GB TORNESS-2 55.966 -2.399 GCR 0 1623 87.03 89.21 78.62 100.58 92.38 101.10 81.53 102.77 22.41 -0.75 13.76 65.56
HU PAKS-1 46.574 18.855 PWR 0 1485 100.68 101.40 100.27 100.16 99.20 93.96 98.13 94.27 98.78 99.71 29.10 77.19
HU PAKS-2 46.574 18.856 PWR 0 1485 100.96 82.89 29.55 100.89 99.40 97.52 97.32 94.03 98.53 63.10 88.67 101.77
HU PAKS-3 46.574 18.857 PWR 0 1485 69.84 101.82 101.49 101.84 0.23 14.54 100.26 61.05 99.81 101.86 103.39 103.93
HU PAKS-4 46.574 18.858 PWR 0 1485 100.48 94.13 100.64 99.54 97.70 96.37 96.07 92.09 97.72 99.55 99.61 100.62
IN KAIGA-1 14.865 74.438 PHWR 0 801 100.32 99.85 100.15 99.75 99.07 100.27 102.20 102.08 100.87 96.78 92.61 91.94
IN KAIGA-2 14.865 74.438 PHWR 0 801 100.07 99.66 99.64 99.23 98.98 100.26 100.57 101.57 101.15 100.60 101.50 102.20
IN KAIGA-3 14.865 74.442 PHWR 0 800 96.69 96.51 95.90 95.37 93.94 94.81 96.38 96.22 0.00 85.38 96.72 97.13
IN KAIGA-4 14.865 74.442 PHWR 0 800 84.85 106.65 106.35 106.23 105.54 106.08 72.70 107.38 106.38 105.81 106.49 106.60
IN KAKRAPAR-1 21.236 73.351 PHWR 0 801 0.00 0.00 0.00 0.00 0.00 0.00 0.00 0.00 0.00 0.00 0.00 0.00
IN KAKRAPAR-2 21.235 73.351 PHWR 0 801 0.00 0.00 0.00 0.00 0.00 0.00 0.00 0.00 13.05 97.46 96.04 100.95
IN KUDANKULAM-1 8.1689 77.7125 PWR 0 3000 83.52 100.00 84.42 91.79 92.81 99.31 94.64 0.00 0.00 0.00 0.00 0.00
IN KUDANKULAM-2 8.1689 77.7125 PWR 0 3000 100.00 65.03 0.00 0.00 0.00 0.00 17.99 0.00 19.93 53.99 75.97 74.68
IN MADRAS-1 12.557 80.177 PHWR 0 801 40.91 0.00 0.00 0.00 0.00 0.00 0.00 0.00 0.00 0.00 0.00 0.00
IN MADRAS-2 12.557 80.177 PHWR 0 801 100.00 100.00 100.00 98.65 96.10 99.24 95.00 100.00 97.95 85.18 55.85 0.00
IN NARORA-1 28.156 78.409 PHWR 0 801 102.37 100.15 96.62 92.86 89.81 65.78 91.78 92.30 85.82 95.66 98.25 90.46
IN NARORA-2 28.155 78.409 PHWR 0 801 102.12 101.23 90.07 20.37 31.14 93.05 93.90 84.41 94.50 97.46 99.89 101.96
IN RAJASTHAN-1 24.876 75.608 PHWR 0 346 0.00 0.00 0.00 0.00 0.00 0.00 0.00 0.00 0.00 0.00 0.00 0.00
IN RAJASTHAN-2 24.876 75.609 PHWR 0 693 99.88 99.50 97.73 40.87 78.61 84.45 0.00 0.00 91.15 94.67 94.59 91.58
IN RAJASTHAN-3 24.872 75.619 PHWR 0 801 96.39 96.18 94.67 92.90 81.39 80.66 80.20 80.61 89.18 39.37 0.00 74.56
IN RAJASTHAN-4 24.872 75.619 PHWR 0 801 0.00 71.21 99.23 81.75 95.82 95.17 96.08 96.05 96.81 96.94 98.04 56.62
IN RAJASTHAN-5 24.872 75.625 PHWR 0 801 105.67 104.00 72.46 100.08 98.75 97.81 97.75 98.12 11.52 61.91 105.12 105.97
IN RAJASTHAN-6 24.872 75.625 PHWR 0 801 101.55 16.27 0.15 102.73 102.11 100.51 100.99 102.01 102.30 102.81 105.15 105.54
IN TARAPUR-1 19.834 72.657 BWR 0 530 0.00 0.00 0.00 82.25 101.76 102.11 99.59 102.73 97.06 81.75 95.91 98.29
IN TARAPUR-2 19.834 72.657 BWR 0 530 0.00 0.00 3.93 90.07 83.65 74.12 55.58 0.00 0.00 8.18 83.22 102.85
IN TARAPUR-3 19.830 72.663 PHWR 0 1730 101.80 100.86 101.30 101.12 18.44 100.92 100.71 101.55 101.78 75.03 101.64 102.33
IN TARAPUR-4 19.830 72.664 PHWR 0 1730 100.72 73.73 93.90 100.89 100.06 99.47 101.60 101.77 101.83 100.12 56.21 0.00
IR BUSHEHR-1 28.8296 50.8860 PWR 0 3000 102.76 36.28 0.00 0.00 99.16 100.92 94.59 99.41 99.13 100.46 102.71 103.29
JP FUKUSHIMA-DAINI-1 37.315 141.024 BWR 0 3293 0.00 0.00 0.00 0.00 0.00 0.00 0.00 0.00 0.00 0.00 0.00 0.00
JP FUKUSHIMA-DAINI-2 37.315 141.025 BWR 0 3293 0.00 0.00 0.00 0.00 0.00 0.00 0.00 0.00 0.00 0.00 0.00 0.00
JP FUKUSHIMA-DAINI-3 37.315 141.026 BWR 0 3293 0.00 0.00 0.00 0.00 0.00 0.00 0.00 0.00 0.00 0.00 0.00 0.00
JP FUKUSHIMA-DAINI-4 37.315 141.027 BWR 0 3293 0.00 0.00 0.00 0.00 0.00 0.00 0.00 0.00 0.00 0.00 0.00 0.00
JP GENKAI-2 33.517 129.837 PWR 0 1650 0.00 0.00 0.00 0.00 0.00 0.00 0.00 0.00 0.00 0.00 0.00 0.00
JP GENKAI-3 33.517 129.837 PWR 0 3423 0.00 0.00 7.56 37.13 102.02 102.25 102.44 102.10 101.99 102.50 102.51 102.52
JP GENKAI-4 33.516 129.837 PWR 0 3423 0.00 0.00 0.00 0.00 0.00 25.81 101.41 101.41 101.44 101.87 101.93 101.93
JP HAMAOKA-3 34.620 138.141 BWR 0 3293 0.00 0.00 0.00 0.00 0.00 0.00 0.00 0.00 0.00 0.00 0.00 0.00
JP HAMAOKA-4 34.620 138.141 BWR 0 3293 0.00 0.00 0.00 0.00 0.00 0.00 0.00 0.00 0.00 0.00 0.00 0.00
JP HAMAOKA-5 34.619 138.141 BWR 0 3926 0.00 0.00 0.00 0.00 0.00 0.00 0.00 0.00 0.00 0.00 0.00 0.00
JP HIGASHIDORI-1(TOHOKU) 41.188 141.393 BWR   0 3293 0.00 0.00 0.00 0.00 0.00 0.00 0.00 0.00 0.00 0.00 0.00 0.00
JP IKATA-2 33.491 132.310 PWR 0 1650 0.00 0.00 0.00 0.00 0.00 0.00 0.00 0.00 0.00 0.00 0.00 0.00
JP IKATA-3 33.491 132.312 PWR 0 2660 0.00 0.00 0.00 0.00 0.00 0.00 0.00 0.00 0.00 3.24 103.45 104.19
JP KASHIWAZAKIKARIWA-1 37.434 138.598 BWR 0 3293 0.00 0.00 0.00 0.00 0.00 0.00 0.00 0.00 0.00 0.00 0.00 0.00
JP KASHIWAZAKIKARIWA-2 37.434 138.598 BWR 0 3293 0.00 0.00 0.00 0.00 0.00 0.00 0.00 0.00 0.00 0.00 0.00 0.00
JP KASHIWAZAKIKARIWA-3 37.433 138.598 BWR 0 3293 0.00 0.00 0.00 0.00 0.00 0.00 0.00 0.00 0.00 0.00 0.00 0.00
JP KASHIWAZAKIKARIWA-4 37.433 138.598 BWR 0 3293 0.00 0.00 0.00 0.00 0.00 0.00 0.00 0.00 0.00 0.00 0.00 0.00
JP KASHIWAZAKIKARIWA-5 37.432 138.598 BWR 0 3293 0.00 0.00 0.00 0.00 0.00 0.00 0.00 0.00 0.00 0.00 0.00 0.00
JP KASHIWAZAKIKARIWA-6 37.432 138.598 BWR 0 3926 0.00 0.00 0.00 0.00 0.00 0.00 0.00 0.00 0.00 0.00 0.00 0.00
JP KASHIWAZAKIKARIWA-7 37.431 138.598 BWR 0 3926 0.00 0.00 0.00 0.00 0.00 0.00 0.00 0.00 0.00 0.00 0.00 0.00
JP MIHAMA-3 35.703 135.961 PWR 0 2440 0.00 0.00 0.00 0.00 0.00 0.00 0.00 0.00 0.00 0.00 0.00 0.00
JP OHI-1 35.544 135.652 PWR 0 3423 0.00 0.00 0.00 0.00 0.00 0.00 0.00 0.00 0.00 0.00 0.00 0.00
JP OHI-2 35.543 135.652 PWR 0 3423 0.00 0.00 0.00 0.00 0.00 0.00 0.00 0.00 0.00 0.00 0.00 0.00
JP OHI-3 35.542 135.652 PWR 0 3423 0.00 0.00 45.90 103.16 103.22 102.82 101.71 101.66 101.53 102.27 102.89 103.35
JP OHI-4 35.542 135.652 PWR 0 3423 0.00 0.00 0.00 0.00 62.29 102.39 101.67 101.31 101.00 102.07 102.70 103.10
JP ONAGAWA-1 38.400 141.504 BWR 0 1593 0.00 0.00 0.00 0.00 0.00 0.00 0.00 0.00 0.00 0.00 0.00 0.00
JP ONAGAWA-2 38.401 141.504 BWR 0 2436 0.00 0.00 0.00 0.00 0.00 0.00 0.00 0.00 0.00 0.00 0.00 0.00
JP ONAGAWA-3 38.401 141.504 BWR 0 2436 0.00 0.00 0.00 0.00 0.00 0.00 0.00 0.00 0.00 0.00 0.00 0.00
JP SENDAI-1 31.834 130.193 PWR 0 2660 97.99 0.00 0.00 0.00 0.00 89.82 107.39 106.41 106.88 108.11 108.61 108.67
JP SENDAI-2 31.834 130.193 PWR 0 2660 106.77 106.65 106.59 77.55 0.00 0.00 0.00 0.00 96.93 107.08 107.39 107.51
JP SHIKA-1 37.061 136.728 BWR 0 1593 0.00 0.00 0.00 0.00 0.00 0.00 0.00 0.00 0.00 0.00 0.00 0.00
JP SHIKA-2 37.061 136.729 BWR 0 3926 0.00 0.00 0.00 0.00 0.00 0.00 0.00 0.00 0.00 0.00 0.00 0.00
JP SHIMANE-2 35.537 133.000 BWR 0 2436 0.00 0.00 0.00 0.00 0.00 0.00 0.00 0.00 0.00 0.00 0.00 0.00
JP TAKAHAMA-1 35.520 135.503 PWR 0 2440 0.00 0.00 0.00 0.00 0.00 0.00 0.00 0.00 0.00 0.00 0.00 0.00
JP TAKAHAMA-2 35.520 135.503 PWR 0 2440 0.00 0.00 0.00 0.00 0.00 0.00 0.00 0.00 0.00 0.00 0.00 0.00
JP TAKAHAMA-3 35.521 135.503 PWR 0 2660 106.28 106.32 106.38 106.27 105.93 105.40 104.02 7.70 0.00 0.00 71.21 105.97
JP TAKAHAMA-4 35.521 135.503 PWR 0 2660 106.27 106.27 106.23 106.05 59.09 0.00 0.00 0.00 91.11 104.51 105.04 105.80
JP TOKAI-2 36.466 140.614 BWR 0 3293 0.00 0.00 0.00 0.00 0.00 0.00 0.00 0.00 0.00 0.00 0.00 0.00
JP TOMARI-1 43.038 140.515 PWR 0 1650 0.00 0.00 0.00 0.00 0.00 0.00 0.00 0.00 0.00 0.00 0.00 0.00
JP TOMARI-2 43.038 140.516 PWR 0 1650 0.00 0.00 0.00 0.00 0.00 0.00 0.00 0.00 0.00 0.00 0.00 0.00
JP TOMARI-3 43.034 140.517 PWR 0 2660 0.00 0.00 0.00 0.00 0.00 0.00 0.00 0.00 0.00 0.00 0.00 0.00
JP TSURUGA-2 35.673 136.080 PWR 0 3411 0.00 0.00 0.00 0.00 0.00 0.00 0.00 0.00 0.00 0.00 0.00 0.00
KR HANBIT-1 35.404 126.419 PWR 0 2787 100.56 100.54 100.41 100.24 99.64 98.63 97.32 50.88 0.00 0.00 0.00 0.00
KR HANBIT-2 35.403 126.419 PWR 0 2787 100.70 100.76 100.70 100.53 100.09 99.16 46.01 0.00 0.00 0.00 0.00 0.00
KR HANBIT-3 35.403 126.419 PWR 0 2825 100.23 100.21 100.40 100.28 31.44 0.00 0.00 0.00 0.00 0.00 0.00 0.00
KR HANBIT-4 35.402 126.419 PWR 0 2825 0.00 0.00 0.00 0.00 0.00 0.00 0.00 0.00 0.00 0.00 0.00 0.00
KR HANBIT-5 35.402 126.419 PWR 0 2825 99.94 100.38 100.48 100.33 100.16 99.88 99.21 98.25 84.85 0.00 19.83 100.60
KR HANBIT-6 35.401 126.419 PWR 0 2825 0.65 98.55 100.57 100.47 100.22 99.84 99.06 97.87 99.18 99.93 99.96 100.16
KR HANUL-1 37.093 129.393 PWR 0 2775 99.68 99.61 99.80 99.92 99.87 100.05 99.40 89.66 0.00 0.00 0.00 0.00
KR HANUL-2 37.093 129.394 PWR 0 2775 0.00 0.00 0.00 0.00 65.44 100.04 47.18 99.26 99.28 99.74 100.01 100.12
KR HANUL-3 37.093 129.395 PWR 0 2825 0.00 0.00 0.00 2.65 99.87 100.18 99.88 99.69 98.20 99.90 100.22 100.20
KR HANUL-4 37.093 129.396 PWR 0 2825 99.83 99.81 99.95 99.85 54.18 0.00 28.73 95.00 41.39 99.87 100.04 100.02
KR HANUL-5 37.093 129.397 PWR 0 2825 100.07 99.22 21.01 0.00 41.11 99.81 99.40 99.04 99.02 99.28 99.46 99.48
KR HANUL-6 37.093 129.398 PWR 0 2825 99.96 99.91 99.26 99.99 99.72 14.29 99.50 99.24 99.25 99.41 98.91 0.37
KR KORI-2 35.321 129.296 PWR 0 1882 100.09 100.20 100.17 36.75 0.00 0.00 0.00 0.00 0.00 41.53 100.64 100.54
KR KORI-3 35.321 129.297 PWR 0 2912 0.00 0.00 0.00 0.00 56.56 99.76 99.47 99.18 99.71 99.93 100.15 100.23
KR KORI-4 35.321 129.298 PWR 0 2912 0.00 0.00 0.00 52.42 100.09 100.01 99.78 98.93 99.63 99.77 100.07 100.12
KR SHIN-KORI-1 35.327 129.302 PWR 0 2825 0.00 0.00 62.27 100.06 98.51 99.89 99.51 98.84 99.26 99.42 99.70 99.75
KR SHIN-KORI-2 35.327 129.302 PWR 0 2825 99.86 63.01 0.00 0.00 83.54 99.43 99.06 98.38 98.85 98.98 99.30 99.37
KR SHIN-KORI-3 35.327 129.302 PWR 0 3983 34.84 0.00 0.00 0.00 0.00 24.57 99.94 65.61 52.90 99.79 100.03 100.14
KR SHIN-WOLSONG-1 35.7111 129.4750 PWR 0 2825 100.28 100.29 100.03 48.51 0.00 14.96 99.68 99.39 99.24 99.58 100.09 100.11
KR SHIN-WOLSONG-2 35.7111 129.4750 PWR 0 2825 0.00 0.00 18.22 100.73 100.67 100.32 100.22 100.17 99.87 100.17 100.60 100.61
KR WOLSONG-1 35.710 129.476 PHWR 0 2061 0.00 0.00 0.00 0.00 0.00 0.00 0.00 0.00 0.00 0.00 0.00 0.00
KR WOLSONG-2 35.710 129.477 PHWR 0 2061 102.33 102.28 71.15 0.00 15.41 102.32 100.70 98.89 100.52 101.22 101.87 101.93
KR WOLSONG-3 35.710 129.478 PHWR 0 2061 64.52 101.14 101.30 100.08 100.57 34.63 0.00 0.00 82.43 99.07 99.73 99.65
KR WOLSONG-4 35.710 129.479 PHWR 0 2061 75.92 0.00 24.94 99.80 99.30 98.79 97.65 96.05 97.21 97.48 98.28 98.62
MX LAGUNAVERDE-1 19.719 -96.405 BWR 0 2317 99.83 98.90 92.80 90.18 99.59 73.71 99.10 98.83 97.59 99.27 99.89 95.32
MX LAGUNAVERDE-2 19.719 -96.404 BWR 0 2317 100.82 100.81 100.05 99.57 98.83 92.77 98.13 97.99 97.47 98.50 99.72 100.28
NL BORSSELE 51.431 3.719 PWR 0 1366 100.89 100.97 101.01 98.45 26.23 64.04 96.98 14.78 48.70 98.89 100.08 100.44
PK CHASNUPP-1 32.392 71.463 PWR 0 999 99.21 98.32 65.36 77.29 88.96 99.13 80.20 0.00 28.73 95.30 92.78 97.53
PK CHASNUPP-2 32.392 71.463 PWR 0 999 72.71 0.00 87.80 102.17 91.67 101.80 101.71 94.52 92.29 101.96 94.78 100.04
PK CHASNUPP-3 32.392 71.463 PWR 0 999 100.04 98.21 94.50 98.45 21.31 0.00 60.59 86.82 92.15 92.48 92.24 97.18
PK CHASNUPP-4 32.392 71.463 PWR 0 999 87.08 96.57 95.70 99.86 87.20 98.52 80.56 91.82 93.85 99.04 91.73 97.85
PK KANUPP-1 24.845 66.790 PHWR 0 337 52.21 45.85 41.04 35.63 52.27 58.33 56.94 47.48 27.75 0.00 0.00 0.00
RO CERNAVODA-1 44.322 28.061 PHWR 0 2180 97.67 97.46 90.90 97.25 4.37 83.47 93.10 93.48 94.57 96.39 95.87 95.98
RO CERNAVODA-2 44.322 28.062 PHWR 0 2180 99.19 99.89 96.02 99.98 98.75 96.84 97.10 95.34 85.15 98.48 99.44 99.47
RU BALAKOVO-1 52.092 47.952 PWR 0 3000 108.07 108.06 96.07 106.62 105.45 104.41 102.38 104.70 95.38 0.00 0.00 30.92
RU BALAKOVO-2 52.092 47.954 PWR 0 3000 106.99 106.94 105.19 106.26 105.42 104.82 102.42 57.19 14.93 107.14 107.79 107.94
RU BALAKOVO-3 52.093 47.956 PWR 0 3000 4.18 0.00 69.53 106.44 105.36 105.35 103.60 103.61 106.19 107.68 107.96 107.96
RU BALAKOVO-4 52.093 47.958 PWR 0 3200 107.98 108.03 99.60 105.19 101.45 102.18 105.03 105.82 106.91 107.60 108.07 108.03
RU BELOYARSK-3 56.842 61.319 FBR 0 1470 102.40 55.06 0.00 16.80 98.33 103.82 83.80 104.15 55.74 105.10 104.71 98.84
RU BELOYARSK-4 56.842 61.319 FBR 0 2100 0.00 0.00 62.98 93.93 99.93 77.93 94.95 62.04 0.00 45.70 93.89 99.90
RU BILIBINO-1 68.059 166.492 LWGR 0 62 55.73 77.48 51.93 0.00 0.00 0.00 0.00 0.00 0.00 0.00 0.00 0.00
RU BILIBINO-2 68.059 166.493 LWGR 0 62 52.98 78.10 76.74 43.86 10.50 0.00 50.32 69.50 73.40 74.68 67.16 78.01
RU BILIBINO-3 68.059 166.494 LWGR 0 62 58.15 69.68 65.37 49.92 65.05 67.97 47.63 0.00 0.00 17.02 83.52 80.41
RU BILIBINO-4 68.059 166.495 LWGR 0 62 28.13 0.00 24.87 51.59 62.73 64.92 71.48 81.40 82.27 80.69 65.67 64.03
RU KALININ-1 57.903 35.057 PWR 0 3000 107.65 88.16 108.41 108.20 108.07 102.46 106.27 106.79 107.10 108.25 108.14 108.23
RU KALININ-2 57.904 35.059 PWR 0 3000 27.18 104.84 108.57 108.61 107.53 107.83 106.41 107.51 107.90 108.43 108.05 108.37
RU KALININ-3 57.905 35.061 PWR 0 3200 106.98 104.66 102.38 0.00 52.21 82.62 103.48 104.54 105.34 105.89 106.44 106.83
RU KALININ-4 57.905 35.061 PWR 0 3200 106.62 106.65 106.75 106.18 104.73 104.21 102.56 103.35 100.12 105.52 106.47 106.67
RU KOLA-1 67.467 32.491 PWR 0 1375 44.45 50.49 94.95 30.56 0.00 0.00 0.00 0.00 0.00 0.00 0.00 10.43
RU KOLA-2 67.467 32.492 PWR 0 1375 79.91 84.39 96.65 92.25 14.68 0.00 73.02 94.36 94.82 93.94 100.91 96.92
RU KOLA-3 67.467 32.493 PWR 0 1375 101.88 97.58 1.97 15.21 89.02 100.23 104.40 107.31 74.71 102.95 106.61 110.19
RU KOLA-4 67.467 32.494 PWR 0 1375 103.41 102.67 106.76 100.87 93.99 96.61 19.31 0.00 84.41 97.47 106.11 111.20
RU KURSK-1 51.674 35.607 LWGR 0 3200 0.52 0.00 0.00 0.00 24.56 69.74 94.77 95.22 97.10 99.80 103.27 104.55
RU KURSK-2 51.674 35.607 LWGR 0 3200 105.07 106.22 99.28 0.00 0.00 0.00 0.00 65.39 100.20 103.57 68.82 50.56
RU KURSK-3 51.673 35.607 LWGR 0 3200 105.79 104.71 98.28 103.17 99.45 95.51 89.06 78.43 0.00 0.00 68.69 97.88
RU KURSK-4 51.673 35.607 LWGR 0 3200 105.02 65.61 104.11 103.10 98.88 97.44 40.04 30.53 99.81 100.84 103.63 104.56
RU LENINGRAD2-1 59.847222 29.044 PWR 0 3200 0.00 0.00 0.55 20.83 41.19 79.70 46.74 65.00 0.00 0.00 7.19 32.92
RU LENINGRAD-1 59.840 29.027 LWGR 0 3200 99.87 100.39 70.49 0.00 0.00 35.71 96.85 96.93 100.94 102.12 72.29 96.10
RU LENINGRAD-2 59.840 29.028 LWGR 0 3200 99.45 108.28 91.98 0.00 0.00 0.00 49.25 91.74 99.30 100.14 99.53 100.85
RU LENINGRAD-3 59.840 29.029 LWGR 0 3200 86.92 103.95 102.55 102.31 99.93 99.09 29.55 0.00 0.00 36.17 100.50 101.83
RU LENINGRAD-4 59.840 29.030 LWGR 0 3200 72.63 104.27 102.57 103.14 83.29 98.72 100.44 97.95 75.10 0.00 90.85 103.05
RU NOVOVORONEZH2-1 51.274 39.206 PWR 0 3200 99.55 99.71 49.95 0.00 83.87 90.66 93.48 92.08 85.03 74.73 97.96 86.15
RU NOVOVORONEZH-4 51.274 39.206 PWR 0 1375 0.00 0.00 0.00 0.00 0.00 0.00 0.00 0.00 0.00 0.00 0.00 3.11
RU NOVOVORONEZH-5 52.381 39.211 PWR 0 3000 100.19 100.35 100.35 99.70 96.02 43.72 6.42 94.32 94.93 96.99 98.89 98.17
RU ROSTOV-1 47.599 42.373 PWR 0 3200 104.25 104.83 105.87 105.67 103.01 100.21 98.89 98.98 2.39 61.53 103.86 107.39
RU ROSTOV-2 47.600 42.374 PWR 0 3200 73.85 106.83 103.14 106.11 103.00 96.57 38.63 21.88 105.46 47.80 54.47 107.50
RU ROSTOV-3 47.599 42.372 PWR 0 3000 104.54 105.41 101.95 103.60 95.28 39.42 48.58 98.99 98.98 102.60 106.67 106.20
RU ROSTOV-4 47.599 42.372 PWR 0 3000 0.00 1.39 53.61 64.75 26.37 95.60 73.81 89.05 99.96 101.80 104.79 104.72
RU SMOLENSK-1 54.169 33.245 LWGR 0 3200 88.59 106.63 83.46 0.00 36.59 103.17 100.44 99.60 68.91 105.04 106.43 106.79
RU SMOLENSK-2 54.168 33.245 LWGR 0 3200 0.00 93.87 107.64 71.42 97.84 101.79 100.92 99.89 101.25 103.59 105.53 106.03
RU SMOLENSK-3 54.168 33.245 LWGR 0 3200 105.74 106.62 106.34 105.59 97.23 0.00 0.00 0.00 0.00 0.00 0.00 0.00
SE FORSMARK-1 60.405 18.168 BWR 0 2928 101.10 100.60 100.85 92.64 99.49 88.13 52.11 97.18 98.71 99.25 94.20 100.78
SE FORSMARK-2 60.405 18.170 BWR 0 3253 82.87 100.48 100.27 98.67 99.39 97.23 93.61 48.95 27.30 99.96 100.50 100.83
SE FORSMARK-3 60.407 18.155 BWR 0 3300 92.75 101.13 101.01 38.90 0.84 89.92 87.10 96.85 72.58 100.52 102.17 102.81
SE OSKARSHAMN-3 57.416 16.671 BWR 0 3900 98.82 98.87 97.76 98.90 95.99 96.59 92.66 68.88 29.50 71.27 98.24 98.74
SE RINGHALS-1 57.259 12.111 BWR 0 2540 99.91 97.39 92.74 99.58 96.35 91.07 63.09 1.03 90.85 95.44 99.27 99.62
SE RINGHALS-2 57.259 12.112 PWR 0 2652 99.76 99.84 99.87 99.45 97.60 90.52 90.80 86.05 95.05 74.88 6.40 79.13
SE RINGHALS-3 57.259 12.113 PWR 0 3135 100.53 100.60 100.92 100.27 25.69 39.09 94.26 94.89 96.60 98.26 99.66 100.57
SE RINGHALS-4 57.259 12.114 PWR 0 3300 99.98 99.71 99.81 93.39 96.52 94.37 92.82 75.26 41.96 97.69 96.63 92.59
SI KRSKO 45.939 15.516 PWR 0 1994 101.15 101.11 101.08 0.08 92.43 99.90 97.24 97.33 99.91 99.74 100.89 101.12
SK BOHUNICE-3 48.492 17.687 PWR 0 1471 92.52 93.90 93.83 91.06 92.26 69.70 52.86 90.96 92.98 91.51 92.58 96.28
SK BOHUNICE-4 48.492 17.687 PWR 0 1471 97.34 97.42 96.42 94.97 30.11 31.05 93.77 90.54 59.73 95.18 95.56 97.51
SK MOCHOVCE-1 48.261 18.455 PWR 0 1471 100.47 100.65 100.40 52.24 78.87 94.06 94.26 96.25 97.43 99.85 96.73 100.77
SK MOCHOVCE-2 48.260 18.455 PWR 0 1471 100.60 98.65 100.78 99.34 97.27 97.45 96.90 96.28 44.80 0.00 98.36 98.64
TW CHINSHAN-1 25.292 121.567 BWR 0 1840 0.00 0.00 0.00 0.00 0.00 0.00 0.00 0.00 0.00 0.00 0.00 0.00
TW CHINSHAN-2 25.292 121.568 BWR 0 1840 0.00 0.00 0.00 0.00 0.00 0.00 0.00 0.00 0.00 0.00 0.00 0.00
TW KUOSHENG-1 25.203 121.662 BWR 0 2894 100.21 99.33 100.44 99.93 98.29 99.41 95.74 97.03 99.00 31.31 0.00 85.98
TW KUOSHENG-2 25.203 121.662 BWR 0 2894 0.00 0.00 0.25 0.00 0.00 58.83 91.65 98.22 97.31 99.60 98.85 99.61
TW MAANSHAN-1 21.959 120.753 PWR 0 2822 101.15 101.21 100.78 6.34 46.83 100.21 100.46 100.50 100.31 100.18 100.72 95.22
TW MAANSHAN-2 21.959 120.754 PWR 0 2822 101.05 101.06 100.84 100.36 99.92 99.52 99.53 99.45 98.59 100.10 99.29 5.68
UA KHMELNITSKI-1 50.301 26.649 PWR 0 3000 0.00 75.70 102.08 7.05 29.24 99.19 100.19 98.79 100.64 100.97 81.08 0.00
UA KHMELNITSKI-2 50.301 26.647 PWR 0 3000 82.91 102.20 102.28 101.53 100.94 96.29 99.20 98.28 2.43 0.00 51.21 99.53
UA ROVNO-1 51.326 25.900 PWR 0 1375 0.00 80.89 105.34 100.96 100.19 98.62 97.57 98.23 101.62 102.16 106.41 82.66
UA ROVNO-2 51.326 25.901 PWR 0 1375 101.53 106.49 51.46 12.38 101.44 101.19 93.88 99.28 102.86 101.45 107.01 107.41
UA ROVNO-3 51.326 25.902 PWR 0 3000 0.00 0.00 0.00 0.00 0.00 0.00 21.89 90.54 93.95 98.24 98.99 98.80
UA ROVNO-4 51.326 25.903 PWR 0 3000 99.11 99.42 99.41 98.53 97.90 97.54 20.22 0.00 76.23 99.18 99.24 99.64
UA SOUTHUKRAINE-1 47.811 31.220 PWR 0 3000 102.92 102.14 103.31 99.87 98.27 91.73 43.64 0.00 0.00 91.89 100.71 102.65
UA SOUTHUKRAINE-2 47.811 31.220 PWR 0 3000 64.01 18.29 0.00 0.00 0.00 59.51 89.58 78.43 96.81 99.55 100.12 101.93
UA SOUTHUKRAINE-3 47.812 31.224 PWR 0 3000 98.28 100.39 100.98 20.34 0.00 0.00 44.45 95.95 96.23 87.11 99.44 101.08
UA ZAPOROZHYE-1 47.508 34.627 PWR 0 3000 94.63 95.56 96.08 94.48 91.82 91.12 89.52 88.63 17.56 0.00 52.22 99.41
UA ZAPOROZHYE-2 47.508 34.627 PWR 0 3000 30.50 0.00 0.00 0.00 49.26 94.65 93.75 93.63 75.69 97.25 97.79 98.25
UA ZAPOROZHYE-3 47.507 34.627 PWR 0 3000 102.31 102.25 102.09 100.61 99.01 98.41 97.30 97.00 87.37 5.41 0.00 0.00
UA ZAPOROZHYE-4 47.507 34.627 PWR 0 3000 97.30 100.52 31.19 0.00 0.00 0.00 0.00 0.00 0.00 36.03 101.35 102.24
UA ZAPOROZHYE-5 47.506 34.627 PWR 0 3000 99.66 100.89 101.44 98.33 32.21 0.00 0.00 76.34 96.94 98.09 99.61 100.96
UA ZAPOROZHYE-6 47.506 34.627 PWR 0 3000 55.84 104.25 104.47 99.37 101.18 100.69 99.17 99.54 101.61 102.51 29.41 0.00
US ANO-1 35.310 -93.230 PWR 0 2568 102.34 102.25 75.07 0.00 17.98 53.65 89.28 93.24 100.68 102.05 102.45 87.05
US ANO-2 35.310 -93.229 PWR 0 3026 100.33 102.01 101.80 101.86 100.64 99.95 99.88 100.11 49.70 0.00 28.46 102.19
US BEAVERVALLEY-1 40.624 -80.432 PWR 0 2900 102.30 102.03 103.17 43.22 67.26 97.40 96.24 100.07 100.57 102.16 102.44 104.05
US BEAVERVALLEY-2 40.624 -80.431 PWR 0 2900 102.57 103.59 101.82 102.34 100.66 100.32 90.69 85.87 97.79 53.31 52.67 102.55
US BRAIDWOOD-1 41.247 -88.230 PWR 0 3645 98.90 102.26 101.74 24.41 97.82 95.14 99.76 99.79 99.46 101.53 101.05 102.00
US BRAIDWOOD-2 41.247 -88.229 PWR 0 3645 98.96 102.26 102.26 101.66 100.84 99.93 99.47 99.56 99.26 18.04 96.54 102.31
US BROWNSFERRY-1 34.704 -87.119 BWR 0 3458 103.43 101.04 87.88 102.10 102.22 100.89 99.38 82.80 76.75 32.53 19.26 101.79
US BROWNSFERRY-2 34.703 -87.119 BWR 0 3458 102.97 101.33 100.30 101.17 80.94 99.47 98.03 98.11 99.94 88.24 101.98 102.10
US BROWNSFERRY-3 34.703 -87.119 BWR 0 3458 89.36 52.22 0.00 73.62 95.41 99.55 109.35 111.16 102.00 46.38 108.14 115.23
US BRUNSWICK-1 33.958 -78.007 BWR 0 2923 97.64 90.06 4.50 76.01 101.54 94.23 101.30 101.23 65.00 101.60 102.92 99.98
US BRUNSWICK-2 33.957 -78.007 BWR 0 2923 95.97 88.23 100.60 99.53 99.62 74.13 87.94 98.20 69.73 97.24 100.00 94.80
US BYRON-1 42.074 -89.277 PWR 0 3645 103.42 103.33 103.54 102.96 100.71 100.84 100.94 99.04 36.19 102.48 103.52 103.67
US BYRON-2 42.074 -89.276 PWR 0 3645 103.47 103.44 103.37 101.74 101.47 100.40 100.99 101.12 101.76 102.72 103.66 103.76
US CALLAWAY-1 38.763 -91.781 PWR 0 3565 101.69 101.52 100.18 101.13 98.88 98.19 98.16 98.20 98.69 100.32 101.97 102.80
US CALVERTCLIFFS-1 38.435 -76.439 PWR 0 2737 105.27 61.96 48.25 105.82 105.47 104.47 103.16 102.35 101.21 103.84 106.22 106.65
US CALVERTCLIFFS-2 38.434 -76.439 PWR 0 2737 105.39 104.55 104.35 102.33 103.24 101.91 100.82 98.43 100.31 102.77 104.53 104.93
US CATAWBA-1 35.053 -81.071 PWR 0 3411 102.26 101.85 101.98 101.59 100.80 100.28 100.06 100.04 99.87 100.35 50.11 64.07
US CATAWBA-2 35.053 -81.070 PWR 0 3411 102.01 100.82 47.06 51.81 99.62 100.15 99.87 99.80 99.78 100.74 101.35 101.42
US CLINTON-1 40.172 -88.834 BWR 0 3473 101.34 101.64 101.03 95.50 26.59 100.61 100.22 93.83 92.11 86.82 83.63 101.48
US COLUMBIA 46.471 -119.333 BWR 0 3486 102.48 103.67 103.11 101.00 71.63 88.90 100.84 100.93 101.84 102.50 103.05 96.58
US COMANCHEPEAK-1 32.301 -97.787 PWR 0 3612 101.53 101.46 101.27 101.25 100.43 99.89 99.35 99.43 99.62 100.57 101.16 101.33
US COMANCHEPEAK-2 32.301 -97.786 PWR 0 3612 101.32 101.20 100.92 100.89 100.08 99.55 99.05 89.69 99.29 100.16 100.58 23.52
US COOK-1 41.975 -86.564 PWR 0 3304 106.12 105.95 106.13 106.04 103.73 99.81 97.97 97.92 100.73 102.05 104.37 106.20
US COOK-2 41.975 -86.563 PWR 0 3468 103.99 99.50 0.00 0.00 59.53 101.75 100.66 98.82 101.02 102.24 104.04 104.28
US COOPER 40.361 -95.643 BWR 0 2419 105.01 100.67 82.38 103.88 95.05 82.91 100.50 100.46 87.54 0.00 41.65 104.35
US DAVISBESSE-1 41.597 -83.092 PWR 0 2817 101.86 97.73 16.64 102.35 101.78 101.41 101.17 100.96 101.27 101.98 102.52 102.41
US DIABLOCANYON-1 35.212 -120.854 PWR 0 3411 100.04 99.98 99.91 88.96 99.03 100.30 100.13 99.61 99.87 99.13 94.76 90.00
US DIABLOCANYON-2 35.212 -120.853 PWR 0 3411 98.81 29.37 24.92 101.67 101.61 101.40 100.90 100.09 99.13 99.84 99.32 87.78
US DRESDEN-2 41.386 -88.268 BWR 0 2957 105.31 105.01 104.17 103.65 100.87 98.65 101.06 101.76 102.16 102.96 104.78 103.48
US DRESDEN-3 41.385 -88.268 BWR 0 2957 106.31 110.31 104.52 104.62 101.76 102.15 101.75 101.89 97.64 77.25 60.30 103.04
US DUANEARNOLD-1 42.101 -91.776 BWR 0 1912 101.61 101.53 100.90 100.54 97.82 97.50 95.41 92.12 31.88 91.67 102.20 102.16
US FARLEY-1 31.223 -85.115 PWR 0 2775 102.16 101.58 82.59 4.90 49.15 99.73 100.14 100.15 76.44 83.77 101.88 102.16
US FARLEY-2 31.223 -85.114 PWR 0 2775 101.77 98.68 99.68 101.28 99.56 98.07 99.64 99.58 99.42 87.14 101.27 101.64
US FERMI-2 41.963 -83.257 BWR 0 3486 104.61 104.57 105.53 45.74 67.50 102.08 98.34 101.83 70.73 10.67 104.12 17.91
US FITZPATRICK 43.521 -76.403 BWR 0 2536 104.83 103.69 104.28 104.50 90.61 100.55 95.14 87.08 24.06 75.52 104.83 104.90
US GINNA 43.279 -77.311 PWR 0 1775 103.63 103.61 93.26 103.74 103.66 103.05 101.16 100.22 101.40 61.77 71.98 102.53
US GRANDGULF-1 32.007 -91.045 BWR 0 4408 48.74 69.14 99.49 19.33 0.00 0.00 13.36 83.23 72.19 100.81 99.47 74.63
US HARRIS-1 35.635 -78.955 PWR 0 2900 85.58 102.72 103.31 19.20 66.27 104.53 104.50 104.35 104.50 105.80 107.32 107.00
US HATCH-1 31.935 -82.346 BWR 0 2804 94.78 7.16 87.79 101.95 101.02 99.97 100.30 100.31 99.15 93.46 101.68 101.61
US HATCH-2 31.934 -82.346 BWR 0 2804 102.21 95.35 101.99 86.72 62.04 100.13 100.02 100.22 99.51 100.79 101.42 96.83
US HOPECREEK-1 39.467 -75.535 BWR 0 3840 104.37 104.48 102.67 37.50 59.41 99.63 99.36 100.96 99.58 103.47 104.91 103.85
US INDIANPOINT-2 41.269 -73.950 PWR 0 3216 102.70 102.72 56.38 27.34 102.85 100.34 99.78 99.56 100.60 100.05 102.20 103.06
US INDIANPOINT-3 41.269 -73.950 PWR 0 3216 101.03 55.59 100.83 101.03 100.86 100.48 97.49 96.45 46.28 101.11 101.12 101.12
US LASALLE-1 41.246 -88.672 BWR 0 3546 103.10 63.33 42.26 103.17 101.11 100.28 99.37 99.52 100.35 102.31 103.13 106.20
US LASALLE-2 41.246 -88.672 BWR 0 3546 102.89 102.98 102.81 101.87 100.62 99.88 99.24 98.80 89.45 102.01 102.40 105.01
US LIMERICK-1 40.225 -75.584 BWR 0 3515 104.82 100.85 72.62 38.70 105.42 100.25 103.89 102.43 104.22 106.06 107.44 103.03
US LIMERICK-2 40.225 -75.584 BWR 0 3515 104.91 104.30 103.93 103.84 98.86 101.48 100.71 100.44 100.44 102.77 104.23 103.27
US MCGUIRE-1 35.433 -80.946 PWR 0 3411 103.58 97.52 103.60 103.51 103.04 102.14 100.92 100.95 101.03 102.10 103.19 103.47
US MCGUIRE-2 35.433 -80.946 PWR 0 3411 102.95 102.83 102.10 102.72 102.55 101.88 100.50 100.45 46.23 56.48 102.74 102.92
US MILLSTONE-2 41.312 -72.166 PWR 0 2700 99.36 99.01 99.21 99.05 98.82 98.95 98.21 97.58 84.64 0.00 0.51 96.85
US MILLSTONE-3 41.311 -72.166 PWR 0 3650 102.60 102.50 102.43 101.87 101.73 101.56 100.73 100.12 99.99 101.01 101.62 101.88
US MONTICELLO 45.334 -93.850 BWR 0 2004 104.97 105.03 104.81 104.57 103.06 101.03 100.57 98.82 102.27 104.95 90.66 104.71
US NINEMILEPOINT-1 43.522 -76.412 BWR 0 1850 101.92 102.09 89.75 102.10 102.05 101.11 95.97 94.85 98.06 99.02 100.29 100.62
US NINEMILEPOINT-2 43.521 -76.413 BWR 0 3988 101.94 101.65 101.60 48.22 46.62 96.56 96.74 87.96 99.31 100.56 101.18 101.14
US NORTHANNA-1 38.061 -77.792 PWR 0 2940 103.41 103.13 31.20 46.33 102.05 100.67 99.62 99.74 100.42 101.82 102.90 102.95
US NORTHANNA-2 38.061 -77.792 PWR 0 2940 103.68 102.15 103.98 103.76 102.58 101.10 94.70 100.06 100.90 102.66 103.84 103.80
US OCONEE-1 34.796 -82.894 PWR 0 2568 102.33 102.39 102.26 94.56 102.23 101.74 101.11 100.28 99.24 57.05 52.07 76.39
US OCONEE-2 34.796 -82.894 PWR 0 2568 103.12 103.06 102.92 102.55 102.34 102.24 101.59 100.78 100.33 100.78 102.19 102.84
US OCONEE-3 34.795 -82.894 PWR 0 2568 101.91 101.85 101.25 60.70 39.79 101.19 101.11 100.31 99.73 100.24 101.66 102.02
US OYSTERCREEK 39.815 -74.208 BWR 0 1930 100.34 102.38 102.27 101.80 100.46 98.58 83.12 62.95 60.81 0.00 0.00 0.00
US PALISADES 42.323 -86.316 PWR 0 2565 102.03 102.09 84.90 101.79 100.56 99.01 98.70 97.82 99.40 40.01 0.00 4.33
US PALOVERDE-1 33.387 -112.863 PWR 0 3990 102.04 86.24 101.74 87.04 101.53 100.77 86.12 100.15 100.73 101.18 101.82 101.98
US PALOVERDE-2 33.387 -112.863 PWR 0 3990 102.20 102.20 101.93 101.44 87.24 100.60 100.12 99.96 96.65 13.91 0.00 80.74
US PALOVERDE-3 33.386 -112.863 PWR 0 3990 101.39 101.37 101.28 19.20 80.62 89.70 93.38 99.31 99.76 100.27 100.79 100.96
US PEACHBOTTOM-2 39.759 -76.270 BWR 0 3951 109.71 108.93 108.97 108.96 107.14 104.27 100.04 101.83 94.57 39.57 108.78 109.12
US PEACHBOTTOM-3 39.758 -76.270 BWR 0 3951 108.95 104.02 103.53 103.20 106.23 98.71 102.35 103.66 82.90 65.69 107.83 107.76
US PERRY-1 41.801 -81.147 BWR 0 3758 103.29 101.94 103.29 103.02 101.26 99.76 98.30 97.99 98.87 100.97 102.24 73.84
US PILGRIM-1 41.945 -70.578 BWR 0 2028 78.05 100.13 16.44 23.48 88.00 89.66 97.50 77.63 63.19 73.83 91.92 100.11
US POINTBEACH-1 44.282 -87.534 PWR 0 1800 102.05 101.93 101.83 101.55 101.70 101.28 101.10 100.11 100.76 101.71 102.26 85.72
US POINTBEACH-2 44.281 -87.534 PWR 0 1800 102.66 102.43 102.46 102.24 102.42 101.98 101.78 100.75 99.24 27.47 102.67 102.30
US PRAIRIEISLAND-1 37.166 -76.700 PWR 0 1677 105.69 105.78 101.33 104.34 100.88 100.66 101.23 99.49 59.00 9.28 106.70 106.81
US PRAIRIEISLAND-2 44.622 -92.631 PWR 0 1677 107.51 107.63 107.60 105.44 102.42 102.24 103.07 103.13 104.56 106.99 107.10 107.49
US QUADCITIES-1 41.727 -90.308 BWR 0 2957 103.83 103.51 103.14 102.15 101.02 99.91 100.04 100.29 91.72 102.80 103.05 103.26
US QUADCITIES-2 41.726 -90.308 BWR 0 2957 95.76 91.74 47.92 75.45 100.13 99.52 99.12 99.65 100.55 101.66 102.25 102.65
US RIVERBEND-1 30.727 -91.372 BWR 0 3091 19.92 56.14 72.99 101.39 97.28 96.27 99.93 87.52 96.34 97.68 71.59 99.54
US ROBINSON-2 34.402 -80.158 PWR 0 2339 107.95 107.29 107.24 105.49 101.01 72.75 99.54 99.47 69.62 0.00 1.71 103.90
US SALEM-1 39.463 -75.534 PWR 0 3459 100.88 101.06 100.30 100.91 99.85 99.03 97.83 97.82 98.49 99.90 99.51 100.32
US SALEM-2 39.463 -75.534 PWR 0 3459 101.32 101.36 101.02 101.08 92.05 98.67 98.16 97.10 68.20 21.20 55.56 101.53
US SEABROOK-1 42.897 -70.849 PWR 0 3648 100.37 100.39 100.37 100.41 100.44 100.37 100.30 100.07 98.30 6.70 100.07 100.13
US SEQUOYAH-1 35.228 -85.094 PWR 0 3455 100.72 94.39 100.42 18.84 73.60 98.76 97.81 97.75 97.82 98.47 100.62 80.50
US SEQUOYAH-2 35.227 -85.094 PWR 0 3455 101.49 101.34 101.50 101.37 100.46 99.73 97.45 97.83 97.02 83.35 3.69 71.34
US SOUTHTEXAS-1 28.797 -96.044 PWR 0 3853 104.59 104.22 103.36 103.12 102.12 100.26 101.10 101.09 100.58 14.69 64.70 104.45
US SOUTHTEXAS-2 28.796 -96.044 PWR 0 3853 104.67 104.29 77.51 9.75 102.64 102.06 101.45 101.45 101.87 102.13 103.60 104.57
US ST.LUCIE-1 27.348 -80.244 PWR 0 3020 102.89 102.25 34.79 61.56 101.91 101.54 100.91 101.44 100.60 94.47 101.27 102.32
US ST.LUCIE-2 27.348 -80.244 PWR 0 3020 103.56 102.85 103.20 102.48 102.26 102.27 100.24 70.31 0.00 69.58 102.46 102.78
US SUMMER-1 34.299 -81.314 PWR 0 2900 101.95 101.94 101.96 101.93 99.90 101.25 100.82 100.75 100.77 14.46 10.55 101.43
US SURRY-1 37.166 -76.700 PWR 0 2587 104.78 104.40 104.40 64.07 0.83 100.48 100.81 100.43 100.58 84.29 104.88 104.55
US SURRY-2 37.166 -76.700 PWR 0 2587 102.71 104.19 104.26 103.17 102.48 101.08 100.97 100.17 100.31 85.26 0.00 83.24
US SUSQUEHANNA-1 41.093 -76.143 BWR 0 3952 102.28 94.22 80.39 0.00 87.44 101.10 99.99 72.11 100.23 101.42 102.52 101.81
US SUSQUEHANNA-2 41.092 -76.143 BWR 0 3952 101.79 100.97 101.39 101.23 98.22 98.74 96.93 96.24 96.75 99.72 100.47 100.54
US THREEMILEISLAND-1 40.154 -76.727 PWR   0 2568 103.97 103.82 103.66 103.08 100.86 100.88 100.34 100.03 100.85 102.34 103.52 103.77
US TURKEYPOINT-3 25.435 -80.330 PWR 0 2644 104.01 102.95 103.37 102.18 102.27 100.28 100.17 100.38 98.10 0.00 68.88 104.95
US TURKEYPOINT-4 25.435 -80.329 PWR 0 2644 103.61 102.58 103.03 101.95 101.91 100.34 99.89 95.98 100.59 101.78 102.21 102.95
US VOGTLE-1 33.143 -81.760 PWR 0 3626 103.73 103.04 103.45 103.16 101.97 101.27 93.44 100.92 50.17 78.40 103.48 103.70
US VOGTLE-2 33.142 -81.760 PWR 0 3626 103.95 103.25 103.50 103.06 101.93 101.10 101.11 100.98 100.78 102.05 103.34 103.58
US WATERFORD-3 29.994 -90.471 PWR 0 3716 101.17 101.37 101.50 101.03 100.75 100.16 99.59 99.57 99.91 100.70 101.07 101.04
US WATTSBAR-1 35.601 -84.789 PWR 0 3459 106.21 105.09 105.84 104.93 102.76 101.60 101.47 101.51 45.42 0.00 98.84 105.93
US WATTSBAR-2 35.601 -84.789 PWR 0 3411 105.94 104.79 105.30 93.38 97.77 69.74 95.93 78.70 100.28 102.33 104.73 105.21
US WOLFCREEK 38.239 -95.691 PWR 0 3565 102.19 102.06 98.17 0.00 39.35 100.12 99.23 99.46 100.80 101.81 102.21 102.04
ZA KOEBERG-1 -33.677 18.433 PWR 0 2775 59.73 85.97 0.00 0.00 0.00 22.10 94.29 96.60 96.79 98.63 98.63 98.29
ZA KOEBERG-2 -33.677 18.434 PWR 0 2775 100.17 100.31 100.14 99.94 88.04 99.81 93.96 80.59 38.80 0.00 0.00 10.08