AR ATUCHA-1 -33.967 -59.209 PHWR 0 1179 97.42 98.66 99.56 66.89 98.67 82.70 99.58 99.44 69.30 0.00 0.00 47.26
AR EMBALSE -32.232 -64.442 PHWR 0 2015 99.51 90.98 99.87 99.99 99.95 100.26 79.89 100.18 97.93 99.96 99.71 85.16
AM ARMENIAN-2 40.181 44.147 PWR 0 1375 94.50 91.44 72.08 69.90 80.00 83.90 72.24 83.08 84.68 1.43 55.36 95.47
BE DOEL-1 51.323 4.259 PWR 0 1311 102.34 102.21 101.90 101.34 84.73 97.90 83.83 90.50 71.63 46.63 101.41 100.57
BE DOEL-2 51.323 4.259 PWR 0 1311 102.64 102.89 102.82 94.94 13.34 100.15 86.09 93.31 97.22 80.43 101.67 102.37
BE DOEL-3 51.325 4.257 PWR 1 3054 100.44 100.96 100.86 100.24 97.40 46.67 7.50 97.99 98.19 99.50 100.39 100.71
BE DOEL-4 51.325 4.257 PWR 0 2988 96.10 99.42 99.48 98.32 97.18 94.55 94.61 96.14 96.04 84.21 0.00 57.91
BE TIHANGE-1 50.533 5.271 PWR 0 2873 97.20 100.53 101.00 98.90 98.14 97.59 88.23 96.62 95.25 96.98 99.38 96.38
BE TIHANGE-2 50.533 5.271 PWR 1 3064 90.65 83.28 100.82 99.02 98.55 97.62 93.68 11.89 20.52 96.69 88.53 99.31
BE TIHANGE-3 50.532 5.271 PWR 0 3000 88.76 74.42 0.00 45.18 94.85 91.61 94.82 97.21 96.95 97.69 98.07 96.69
BR ANGRA-1 -23.008 -44.457 PWR 0 1882 59.93 28.62 74.54 44.56 29.72 6.94 76.27 77.30 78.47 78.11 64.34 78.44
BR ANGRA-2 -23.007 -44.458 PWR 0 3764 2.94 83.97 89.12 99.33 97.94 100.03 94.13 94.46 97.83 97.32 97.38 97.22
BG KOZLODUY-3 43.747 23.770 PWR 0 1375 102.67 102.13 100.15 35.14 0.00 78.81 97.11 98.62 101.63 102.24 103.89 103.76
BG KOZLODUY-4 43.747 23.770 PWR 0 1375 101.70 101.40 101.65 100.93 77.06 18.81 73.47 94.28 97.22 98.54 100.27 88.34
BG KOZLODUY-5 43.747 23.770 PWR 0 3000 100.61 100.75 69.59 94.34 75.70 44.03 0.00 0.00 88.26 98.86 99.52 101.46
BG KOZLODUY-6 43.746 23.771 PWR 0 3000 100.32 100.25 99.40 75.52 72.07 84.47 96.61 97.20 7.19 0.00 17.21 100.06
CA BRUCE-3 44.341 -81.572 PHWR 0 2832 81.05 62.28 30.87 100.71 99.66 99.63 68.71 94.40 67.24 99.10 89.71 99.16
CA BRUCE-4 44.342 -81.572 PHWR 0 2832 100.69 100.48 99.67 71.32 0.00 13.57 96.60 93.03 99.16 98.22 98.70 98.67
CA BRUCE-5 44.320 -81.588 PHWR 0 2832 93.50 98.12 97.62 95.73 91.89 96.69 98.03 97.20 86.36 97.82 98.61 99.10
CA BRUCE-6 44.319 -81.588 PHWR 0 2690 93.33 99.55 99.99 100.13 97.67 98.92 98.43 99.01 98.60 99.44 99.65 99.40
CA BRUCE-7 44.319 -81.588 PHWR 0 2832 97.41 96.25 97.34 85.46 87.65 75.90 98.28 98.37 99.70 96.67 99.43 99.42
CA BRUCE-8 44.318 -81.588 PHWR 0 2690 97.75 68.35 100.24 100.36 99.96 99.82 98.63 97.76 27.07 0.00 23.85 99.42
CA DARLINGTON-1 43.867 -78.724 PHWR 0 2776 98.27 98.84 98.16 98.12 99.31 98.86 97.56 96.15 96.38 67.91 0.00 47.54
CA DARLINGTON-2 43.867 -78.724 PHWR 0 2776 99.73 98.96 99.46 94.35 98.67 99.43 97.96 96.77 94.18 98.16 99.66 100.29
CA DARLINGTON-3 43.866 -78.724 PHWR 0 2776 100.17 99.47 74.06 0.00 0.00 66.93 38.08 96.13 97.02 99.20 100.15 99.95
CA DARLINGTON-4 43.866 -78.724 PHWR 0 2776 68.19 100.53 100.78 100.68 100.03 100.01 98.89 97.10 97.66 99.30 99.84 99.95
CA GENTILLY-2 46.394 -72.355 PHWR 0 2156 97.54 96.99 97.19 96.63 96.47 94.67 84.41 91.43 21.45 17.57 98.42 99.43
CA PICKERING-1 43.812 -79.070 PHWR 0 1744 88.69 100.52 100.14 99.31 79.80 43.22 66.81 78.29 89.81 29.99 51.43 96.71
CA PICKERING-4 43.811 -79.067 PHWR 0 1744 60.09 100.04 100.19 99.37 92.95 87.71 89.69 89.00 75.66 0.42 0.00 0.00
CA PICKERING-5 43.811 -79.065 PHWR 0 1744 97.57 96.70 96.94 97.63 97.46 96.22 95.87 95.50 94.52 85.57 46.94 64.03
CA PICKERING-6 43.811 -79.064 PHWR 0 1744 0.00 76.25 98.84 100.17 100.50 100.64 99.81 98.97 97.68 100.20 99.85 63.05
CA PICKERING-7 43.810 -79.063 PHWR 0 1744 99.50 99.43 97.92 67.53 81.55 98.40 82.21 79.48 0.00 0.00 0.00 0.00
CA PICKERING-8 43.810 -79.062 PHWR 0 1744 83.56 91.85 0.00 0.00 0.00 14.59 97.10 95.48 95.77 97.80 99.14 97.84
CA POINTLEPREAU 45.068 -66.455 PHWR 0 2180 90.53 89.56 89.84 89.70 19.23 32.22 89.12 88.44 88.02 87.96 88.39 88.58
CN DAYABAY-1 22.599 114.544 PWR 0 2905 98.68 100.95 26.17 0.00 48.98 89.16 99.79 99.20 99.78 99.72 100.60 100.68
CN DAYABAY-2 22.599 114.544 PWR 0 2905 96.72 100.87 100.40 99.53 98.63 99.22 99.45 98.90 99.61 99.22 100.19 100.64
CN LINGAO-1 22.606 114.550 PWR 0 2905 82.86 0.00 90.52 101.45 99.44 94.57 100.44 99.63 100.62 100.11 100.87 102.84
CN LINGAO-2 22.605 114.550 PWR 0 2905 20.36 100.43 102.05 102.03 99.94 97.24 101.55 101.14 101.63 101.33 101.81 90.98
CN QINSHAN-1 30.440 120.950 PWR 0 966 94.65 97.37 101.36 100.84 100.60 61.35 41.82 98.27 99.73 100.55 101.10 101.77
CN QINSHAN2-1 30.421 120.945 PWR 0 1930 99.69 100.85 32.76 54.69 101.34 76.40 98.68 97.06 0.00 0.00 0.00 0.00
CN QINSHAN2-2 30.421 120.946 PWR 0 1930 99.81 100.55 103.92 103.42 35.44 30.53 99.01 97.85 100.31 100.89 101.88 102.50
CN QINSHAN3-1 30.436 120.961 PHWR 0 2064 56.23 102.37 103.98 104.07 103.19 100.64 98.97 97.47 100.60 101.84 103.29 103.83
CN QINSHAN3-2 30.435 120.961 PHWR 0 2064 99.89 101.60 101.54 103.88 103.11 100.54 98.65 97.98 93.58 0.00 58.20 104.29
CN TIANWAN1 34.690 119.456 PWR 0 3000 0.00 0.00 0.00 0.00 0.67 7.64 4.44 35.08 10.14 27.25 17.22 64.65
TW CHINSHAN-1 25.292 121.567 BWR 0 1840 99.83 100.70 100.55 97.95 97.53 97.66 96.14 97.29 97.32 97.69 98.60 98.68
TW CHINSHAN-2 25.292 121.568 BWR 0 1840 102.03 101.59 101.74 100.13 99.39 99.30 97.47 89.48 7.46 66.28 88.19 101.28
TW KUOSHENG-1 25.203 121.662 BWR 0 2943 98.89 75.63 8.18 7.14 94.14 98.22 96.57 98.47 97.85 96.45 98.30 95.97
TW KUOSHENG-2 25.203 121.662 BWR 0 2943 82.03 83.50 98.18 98.65 97.27 98.21 94.17 96.10 96.54 95.42 97.25 98.95
TW MAANSHAN-1 21.959 120.753 PWR 0 2822 100.60 100.75 84.12 93.43 0.00 60.69 96.59 101.20 100.97 101.20 101.40 101.69
TW MAANSHAN-2 21.959 120.754 PWR 0 2822 101.74 66.34 102.06 102.07 101.84 101.02 100.68 101.72 101.81 48.89 38.15 97.64
CZ DUKOVANY-1 49.089 16.149 PWR 0 1444 102.34 102.74 102.43 99.68 100.20 100.56 99.61 98.88 78.51 0.70 101.48 102.54
CZ DUKOVANY-2 49.089 16.149 PWR 0 1444 101.97 101.69 99.44 64.41 28.16 97.24 98.73 100.12 100.23 100.64 101.71 102.02
CZ DUKOVANY-3 49.089 16.149 PWR 0 1444 102.09 100.33 28.77 64.51 99.80 98.84 95.17 97.03 98.93 100.45 102.03 102.50
CZ DUKOVANY-4 49.088 16.149 PWR 0 1444 102.24 102.51 101.69 99.62 100.45 100.13 99.21 98.42 100.25 99.32 48.03 0.00
CZ TEMELIN-1 49.181 14.377 PWR 0 3120 96.85 92.95 96.41 99.56 96.29 3.87 0.00 49.14 89.61 92.68 92.73 93.33
CZ TEMELIN-2 49.181 14.377 PWR 0 3120 8.75 93.26 100.31 99.97 96.94 99.81 81.75 67.17 0.00 0.00 30.89 98.20
FI LOVIISA-1 60.372 26.342 PWR 0 1500 101.93 101.89 101.54 101.80 101.46 100.75 85.52 19.66 98.70 100.20 99.77 101.47
FI LOVIISA-2 60.371 26.343 PWR 0 1500 102.04 100.11 99.29 102.17 101.63 100.85 96.44 59.16 0.00 92.44 101.66 101.17
FI OLKILUOTO-1 61.235 21.444 BWR 0 2500 101.15 101.67 101.22 101.67 25.72 97.64 97.58 97.45 98.75 99.83 101.15 100.66
FI OLKILUOTO-2 61.235 21.445 BWR 0 2500 101.06 99.87 100.93 100.88 97.48 69.00 97.05 96.12 98.46 99.23 100.94 100.59
FR BELLEVILLE-1 47.511 2.871 PWR 0 3817 67.66 0.00 0.00 52.61 87.44 81.26 88.34 82.72 88.83 81.96 96.50 96.24
FR BELLEVILLE-2 47.510 2.871 PWR 0 3817 94.64 95.65 90.87 93.13 92.68 90.82 79.60 8.89 0.00 75.99 95.19 97.95
FR BLAYAIS-1 45.256 -0.691 PWR 1 2785 99.49 90.28 43.48 0.00 90.16 60.82 96.67 97.24 98.38 99.79 100.58 101.34
FR BLAYAIS-2 45.256 -0.691 PWR 1 2785 103.37 96.98 103.28 102.88 97.21 26.40 7.96 100.49 91.92 93.86 95.64 102.03
FR BLAYAIS-3 45.256 -0.690 PWR 0 2785 100.15 99.88 99.69 98.80 98.30 97.08 90.99 95.93 25.02 0.00 72.43 103.37
FR BLAYAIS-4 45.256 -0.690 PWR 0 2785 86.20 95.80 97.22 95.08 93.62 95.44 71.82 0.00 94.08 96.09 95.39 99.03
FR BUGEY-2 45.798 5.267 PWR 0 2785 88.41 99.61 98.61 98.10 89.68 24.24 0.00 57.56 88.61 89.76 96.32 93.56
FR BUGEY-3 45.798 5.268 PWR 0 2785 96.63 99.79 90.92 96.21 97.36 94.48 51.76 80.51 42.60 40.87 99.26 99.53
FR BUGEY-4 45.800 5.267 PWR 0 2785 99.62 98.88 95.88 94.77 90.45 89.17 88.24 91.42 86.13 96.64 94.39 41.47
FR BUGEY-5 45.800 5.268 PWR 0 2785 90.60 48.46 36.49 91.05 86.14 75.32 75.90 76.47 90.94 91.62 87.87 99.43
FR CATTENOM-1 49.416 6.217 PWR 0 3817 88.80 94.68 88.55 96.60 88.15 53.58 0.00 0.00 7.89 90.63 87.32 91.05
FR CATTENOM-2 49.416 6.217 PWR 0 3817 91.57 94.20 88.59 84.16 67.95 85.20 82.72 78.80 86.95 92.13 97.71 91.02
FR CATTENOM-3 49.415 6.217 PWR 0 3817 92.58 93.37 88.39 73.40 85.10 90.55 90.45 91.84 81.72 30.68 0.00 30.76
FR CATTENOM-4 49.415 6.217 PWR 0 3817 85.52 46.80 0.00 43.52 90.46 87.54 88.00 91.74 92.15 94.40 97.77 98.45
FR CHINONB-1 47.230 0.168 PWR 1 2785 95.96 90.07 93.11 44.81 23.58 94.93 91.80 95.20 91.80 90.55 95.67 97.54
FR CHINONB-2 47.229 0.168 PWR 1 2785 50.56 96.69 61.51 85.94 91.04 87.76 88.66 93.47 2.35 0.00 0.00 32.76
FR CHINONB-3 47.224 0.171 PWR 1 2785 89.67 95.08 85.25 97.42 92.70 93.13 82.86 9.09 67.23 81.24 86.51 86.18
FR CHINONB-4 47.224 0.171 PWR 1 2785 93.38 98.54 97.42 94.07 32.72 0.00 81.58 87.92 92.25 93.36 96.46 96.86
FR CHOOZB-1 50.089 4.791 PWR 0 4270 85.81 5.21 74.22 100.61 98.93 89.26 89.98 99.00 98.84 98.83 53.07 0.00
FR CHOOZB-2 50.089 4.791 PWR 0 4270 96.90 95.43 83.45 0.00 0.83 79.57 86.91 65.22 82.99 83.76 92.64 97.37
FR CIVAUX-1 46.457 0.654 PWR 0 4270 100.94 96.93 98.57 89.44 12.32 46.36 91.55 61.05 53.03 98.46 97.39 100.23
FR CIVAUX-2 46.457 0.655 PWR 0 4270 101.27 100.43 97.51 98.49 98.85 91.88 36.59 55.01 95.19 83.15 80.64 84.10
FR CRUAS-1 44.634 4.757 PWR 0 2785 98.62 98.63 97.39 61.93 0.00 80.50 86.59 85.97 83.02 88.74 95.50 96.47
FR CRUAS-2 44.633 4.757 PWR 0 2785 97.79 86.23 94.46 95.68 95.23 89.10 0.00 60.39 82.59 88.19 94.13 92.43
FR CRUAS-3 44.633 4.757 PWR 0 2785 98.59 97.59 94.25 97.17 34.79 0.00 83.80 91.16 92.88 95.48 97.63 88.37
FR CRUAS-4 44.632 4.757 PWR 0 2785 98.01 35.54 12.62 98.76 88.21 97.90 96.03 34.09 0.00 0.00 0.00 0.00
FR DAMPIERRE-1 47.732 2.513 PWR 1 2785 92.94 99.11 91.26 55.98 33.05 88.50 85.32 95.90 93.17 94.43 95.03 94.60
FR DAMPIERRE-2 47.732 2.514 PWR 1 2785 90.61 48.08 0.00 60.16 74.87 78.00 89.94 71.59 96.69 96.68 97.28 99.49
FR DAMPIERRE-3 47.732 2.515 PWR 1 2785 91.12 93.24 87.54 72.87 92.94 94.83 82.68 27.65 67.00 85.37 82.35 82.27
FR DAMPIERRE-4 47.732 2.516 PWR 1 2785 86.69 98.13 98.37 89.96 48.03 0.00 74.36 71.72 75.95 84.35 86.69 95.22
FR FESSENHEIM-1 47.903 7.564 PWR 0 2785 91.55 96.76 87.93 93.10 89.30 92.48 85.23 78.15 92.81 93.98 73.54 96.07
FR FESSENHEIM-2 47.903 7.565 PWR 0 2785 97.48 96.63 93.34 66.94 0.00 0.00 4.90 71.40 82.19 91.77 73.87 71.61
FR FLAMANVILLE-1 49.537 -1.881 PWR 0 3817 94.98 91.88 92.78 93.36 84.87 91.83 80.81 8.78 0.00 15.26 85.39 65.13
FR FLAMANVILLE-2 49.537 -1.881 PWR 0 3817 94.47 95.31 91.32 76.34 52.96 92.78 93.02 87.46 88.56 89.42 86.71 95.26
FR GOLFECH-1 44.105 0.845 PWR 0 3817 99.86 99.88 96.21 94.74 90.66 92.32 86.34 93.69 89.53 52.17 1.78 93.69
FR GOLFECH-2 44.104 0.845 PWR 0 3817 86.44 27.91 0.00 85.45 89.14 92.13 41.46 84.56 92.30 92.84 97.24 98.88
FR GRAVELINES-1 51.014 2.138 PWR 1 2785 94.31 95.43 92.46 80.96 87.90 93.44 87.91 66.24 0.00 49.49 97.12 95.08
FR GRAVELINES-2 51.013 2.138 PWR 1 2785 90.53 91.95 99.89 92.19 49.06 0.00 56.34 86.14 90.64 95.98 95.78 88.44
FR GRAVELINES-3 51.013 2.138 PWR 1 2785 79.62 96.20 8.24 73.91 90.42 89.33 88.06 86.80 90.96 90.88 91.32 94.93
FR GRAVELINES-4 51.012 2.138 PWR 1 2785 100.01 99.69 97.56 99.65 98.83 96.41 77.09 11.92 97.20 97.98 98.76 99.27
FR GRAVELINES-5 51.012 2.138 PWR 0 2785 88.26 99.06 70.43 0.00 0.00 27.46 51.72 92.37 94.27 94.23 91.69 91.62
FR GRAVELINES-6 51.011 2.138 PWR 0 2785 102.12 102.05 101.80 100.49 83.90 99.50 97.78 100.23 93.69 34.53 46.30 101.08
FR NOGENT-1 48.517 3.520 PWR 0 3817 100.45 63.04 50.90 98.94 97.62 91.79 95.55 95.29 96.58 17.96 63.19 98.83
FR NOGENT-2 48.516 3.520 PWR 0 3817 99.44 59.87 31.74 98.66 97.21 96.59 94.75 89.59 82.76 98.23 99.41 100.51
FR PALUEL-1 49.857 0.635 PWR 0 3817 97.92 98.42 94.22 82.35 11.75 0.00 0.00 12.14 92.52 92.99 91.05 96.39
FR PALUEL-2 49.856 0.635 PWR 0 3817 90.92 98.26 93.46 83.02 92.62 92.53 92.74 93.14 69.97 0.00 33.33 1.60
FR PALUEL-3 49.856 0.635 PWR 0 3817 96.65 95.65 93.84 86.97 83.44 85.91 88.23 85.15 89.76 91.09 91.90 98.24
FR PALUEL-4 49.856 0.635 PWR 0 3817 88.27 47.96 0.00 21.21 76.99 85.93 83.91 77.77 88.73 88.58 94.14 96.26
FR PENLY-1 49.975 1.215 PWR 0 3817 97.81 97.21 92.01 96.68 88.45 81.95 16.50 62.28 97.02 81.77 75.15 97.33
FR PENLY-2 49.975 1.215 PWR 0 3817 86.89 96.06 91.15 74.10 71.33 85.10 85.08 70.21 80.96 88.15 94.19 95.83
FR PHENIX 44.1502 4.7000 FBR 1 345 81.58 0.00 0.00 64.49 100.10 98.59 0.09 1.10 0.00 75.37 99.78 98.42
FR ST.ALBAN-1 45.404 4.754 PWR 0 3817 83.07 98.21 94.54 86.86 12.22 7.37 73.67 80.64 90.56 92.55 94.82 98.25
FR ST.ALBAN-2 45.404 4.755 PWR 0 3817 0.00 0.00 94.04 95.33 94.00 93.00 50.72 89.86 47.10 36.04 84.19 89.70
FR ST.LAURENTB-1 47.721 1.581 PWR 1 2785 99.27 89.37 97.77 97.09 91.68 25.56 62.11 95.52 91.66 92.87 95.17 96.20
FR ST.LAURENTB-2 47.720 1.581 PWR 1 2785 97.30 86.30 6.41 62.82 62.36 81.46 84.41 58.20 83.44 87.05 94.27 96.69
FR TRICASTIN-1 44.330 4.733 PWR 1 2785 98.25 97.88 97.68 94.67 71.10 3.40 79.11 79.42 82.28 82.59 90.05 91.72
FR TRICASTIN-2 44.330 4.733 PWR 1 2785 94.08 98.35 94.79 95.62 84.32 94.27 83.30 41.74 0.00 56.64 92.49 96.95
FR TRICASTIN-3 44.331 4.733 PWR 1 2785 100.80 92.98 45.99 0.94 76.08 87.76 57.75 84.52 82.69 89.62 89.23 91.31
FR TRICASTIN-4 44.331 4.733 PWR 1 2785 99.03 100.22 97.12 95.48 98.54 81.43 0.00 18.65 90.62 91.78 94.45 95.73
DE BIBLIS-A 49.709 8.415 PWR 0 3517 100.63 99.78 100.08 98.92 96.79 96.41 92.35 94.61 43.51 0.00 0.00 0.00
DE BIBLIS-B 49.708 8.415 PWR 0 3733 99.53 99.04 99.01 98.01 96.84 95.76 91.21 95.81 95.51 49.26 0.00 0.00
DE BROKDORF 53.850 9.345 PWR 1 3900 99.70 99.98 98.70 98.18 91.62 45.68 93.63 98.06 98.90 101.07 93.86 100.09
DE BRUNSBUETTEL 53.891 9.202 BWR 0 2292 100.85 101.29 100.71 72.69 14.42 98.61 86.14 93.79 98.34 97.05 99.58 98.50
DE EMSLAND 52.471 7.322 PWR 0 3850 101.21 101.14 100.88 100.14 97.57 51.72 97.61 99.04 98.72 99.47 100.36 100.67
DE GRAFENRHEINFELD 49.984 10.186 PWR 1 3765 100.75 100.93 99.97 55.69 30.74 67.64 96.66 71.46 89.43 99.41 100.16 100.52
DE GROHNDE 52.033 9.412 PWR 1 3900 99.63 100.01 99.91 98.68 35.73 93.49 93.81 96.02 96.21 96.97 99.01 99.40
DE GUNDREMMINGEN-B 48.515 10.404 BWR 1 3840 101.49 101.20 99.24 93.71 18.59 84.63 98.81 98.57 99.93 100.45 98.50 82.58
DE GUNDREMMINGEN-C 48.515 10.404 BWR 1 3840 100.80 100.61 85.30 100.47 98.27 98.40 97.98 98.62 98.98 98.81 41.11 101.53
DE ISAR-1 48.607 12.296 BWR 0 2575 100.52 99.61 29.23 67.09 95.95 98.29 80.17 96.53 97.98 98.31 100.13 99.71
DE ISAR-2 48.607 12.296 PWR 1 3950 101.69 101.86 101.34 98.74 96.52 97.47 60.24 97.68 95.99 98.69 99.78 101.09
DE KRUEMMEL 53.410 10.410 BWR 0 3690 106.09 105.36 105.43 104.43 103.92 102.37 77.88 9.01 74.15 106.29 106.83 106.63
DE NECKARWESTHEIM-1 49.039 9.176 PWR 1 2497 98.74 96.73 99.70 99.54 55.64 63.15 91.17 94.57 93.32 94.95 95.63 96.10
DE NECKARWESTHEIM-2 49.039 9.176 PWR 0 3850 100.86 100.86 100.77 100.08 99.14 98.80 97.81 74.29 68.77 99.46 100.43 100.70
DE PHILIPPSBURG-1 49.253 8.432 BWR 0 2575 97.62 98.83 100.04 53.44 49.77 95.64 94.75 96.84 97.33 97.78 79.38 98.95
DE PHILIPPSBURG-2 49.253 8.433 PWR 1 3950 97.65 97.11 98.92 98.54 97.20 92.82 37.64 67.00 96.92 98.41 98.55 99.03
DE UNTERWESER 53.429 8.477 PWR 1 3900 100.85 100.00 100.74 100.82 98.40 93.54 46.99 31.24 95.93 97.31 96.37 98.41
HU PAKS-1 46.574 18.855 PWR 0 1485 97.68 60.55 30.26 100.02 100.00 99.56 99.90 99.74 99.97 100.00 99.87 98.00
HU PAKS-2 46.574 18.856 PWR 0 1485 97.71 99.95 51.73 0.00 90.98 99.93 99.93 99.58 99.99 7.65 0.00 0.00
HU PAKS-3 46.574 18.857 PWR 0 1485 99.48 99.82 99.85 100.10 99.20 99.97 99.58 99.18 1.83 93.79 99.04 99.99
HU PAKS-4 46.574 18.858 PWR 0 1485 99.73 99.95 99.86 96.60 0.00 0.15 91.96 99.82 99.95 99.98 95.90 99.44
IN KAIGA-1 14.865 74.438 PHWR 0 801 67.79 67.44 67.90 68.06 67.67 67.84 67.76 67.09 67.62 67.77 45.63 68.71
IN KAIGA-2 14.865 74.438 PHWR 0 801 67.52 67.75 67.99 56.78 67.92 67.78 29.51 24.45 68.58 68.28 68.25 68.31
IN KAKRAPAR-1 21.236 73.351 PHWR 0 801 26.27 0.00 60.16 65.70 58.89 66.63 67.22 67.53 67.23 48.42 68.23 68.22
IN KAKRAPAR-2 21.235 73.351 PHWR 0 801 67.31 19.08 18.86 66.44 67.33 66.90 67.08 61.99 66.36 67.01 0.00 16.00
IN KUDANKULAM-1 8.1689 77.7125 PWR 0 0.00 0.00 0.00 0.00 0.00 0.00 0.00 0.00 0.00 0.00 0.00 0.00 0.00
IN MADRAS-1 12.557 80.177 PHWR 0 801 33.66 77.97 83.76 86.98 91.80 67.81 69.96 68.67 69.77 68.24 68.96 53.27
IN MADRAS-2 12.557 80.177 PHWR 0 801 67.85 59.89 68.57 68.77 68.70 30.30 37.41 68.47 68.89 68.61 68.79 60.20
IN NARORA-2 28.155 78.409 PHWR 0 801 76.60 75.30 75.14 72.41 43.29 70.89 49.51 71.18 72.91 75.29 75.76 76.48
IN RAJASTHAN-1 24.876 75.608 PHWR 0 346 0.00 0.00 0.00 0.00 0.00 0.00 0.00 0.00 0.00 0.00 0.00 0.00
IN RAJASTHAN-2 24.876 75.609 PHWR 0 693 77.44 76.64 54.88 67.73 75.74 76.73 76.28 73.98 49.00 0.00 48.05 76.87
IN RAJASTHAN-3 24.872 75.619 PHWR 0 801 82.47 24.33 56.80 52.27 65.54 65.21 64.55 39.03 15.85 65.56 66.66 66.33
IN RAJASTHAN-4 24.872 75.619 PHWR 0 801 67.94 67.55 67.47 66.05 51.48 67.00 62.10 67.59 67.66 67.29 45.36 67.61
IN TARAPUR-1 19.834 72.657 BWR 0 530 0.00 23.87 72.33 98.67 86.95 94.95 98.93 99.74 96.97 83.43 55.31 43.50
IN TARAPUR-2 19.834 72.657 BWR 0 530 0.00 33.78 93.33 100.53 99.44 82.10 101.55 101.08 101.20 99.04 100.15 80.94
IN TARAPUR-3 19.830 72.663 PHWR 0 1730 0.00 0.00 0.00 0.00 0.00 0.00 35.29 9.01 21.40 81.18 68.93 71.77
IN TARAPUR-4 19.830 72.664 PHWR 0 1730 79.95 80.53 46.09 26.84 53.30 53.58 55.38 33.17 0.00 0.00 16.73 48.75
JP FUKUSHIMA-DAIICHI-1 37.422 141.031 BWR 0 1380 99.53 99.45 99.57 99.62 99.64 99.56 99.37 99.34 99.25 98.39 99.30 66.74
JP FUKUSHIMA-DAIICHI-2 37.422 141.032 BWR 0 2381 99.20 99.04 45.86 0.00 33.00 99.11 98.99 98.93 8.29 0.00 0.00 0.00
JP FUKUSHIMA-DAIICHI-3 37.422 141.033 BWR 0 2381 99.26 72.89 0.00 0.00 0.00 0.00 74.70 99.68 98.78 99.01 90.92 99.84
JP FUKUSHIMA-DAIICHI-4 37.422 141.034 BWR 0 2381 0.00 0.00 87.25 96.64 92.88 99.69 99.50 99.33 99.05 1.07 88.29 99.58
JP FUKUSHIMA-DAIICHI-5 37.429 141.031 BWR 0 2381 99.18 99.27 99.26 99.24 99.16 98.23 93.81 0.00 0.00 0.00 53.77 99.38
JP FUKUSHIMA-DAIICHI-6 37.429 141.031 BWR 0 3293 0.00 0.00 0.00 0.00 0.00 76.74 100.46 100.05 100.23 100.55 100.67 100.63
JP FUKUSHIMA-DAINI-1 37.315 141.024 BWR 0 3293 99.92 100.07 100.12 62.27 0.00 0.00 18.73 99.86 99.60 99.90 100.02 100.13
JP FUKUSHIMA-DAINI-2 37.315 141.025 BWR 0 3293 0.00 4.21 99.48 100.22 100.38 99.93 99.69 99.70 99.51 100.02 100.04 100.02
JP FUKUSHIMA-DAINI-3 37.315 141.026 BWR 0 3293 99.13 99.50 99.64 99.70 99.80 40.87 79.30 99.15 98.74 99.12 99.48 99.21
JP FUKUSHIMA-DAINI-4 37.315 141.027 BWR 0 3293 100.06 99.71 59.80 48.61 69.84 100.06 99.82 99.55 65.13 0.00 0.00 0.00
JP GENKAI-1 33.518 129.837 PWR 0 1650 103.19 102.99 103.01 102.97 102.93 102.64 87.53 0.00 0.00 53.51 103.33 103.66
JP GENKAI-2 33.517 129.837 PWR 0 1650 104.22 104.29 104.21 104.25 104.03 103.64 102.82 102.46 102.95 103.01 44.29 0.00
JP GENKAI-3 33.517 129.837 PWR 0 3423 102.68 102.89 102.88 102.93 102.94 102.88 102.63 102.48 102.70 102.55 102.68 52.82
JP GENKAI-4 33.516 129.837 PWR 0 3423 102.52 102.49 102.45 102.46 102.45 102.44 102.26 82.01 0.00 0.00 43.60 101.40
JP HAMAOKA-1 34.6202 138.1516 BWR 0 1593 0.00 0.00 0.00 0.00 0.00 0.00 0.00 0.00 0.00 0.00 0.00 0.00
JP HAMAOKA-2 34.6202 138.1516 BWR 0 2436 0.00 0.00 0.00 0.00 0.00 0.00 0.00 0.00 0.00 0.00 0.00 0.00
JP HAMAOKA-3 34.620 138.141 BWR 0 3293 101.23 101.23 101.17 101.14 99.45 97.66 63.51 0.00 0.00 0.00 66.24 100.91
JP HAMAOKA-4 34.620 138.141 BWR 0 3293 100.34 68.64 40.93 0.00 0.00 4.91 100.27 99.92 99.90 100.20 100.42 100.67
JP HAMAOKA-5 34.619 138.141 BWR 0 3926 50.13 0.00 44.54 102.41 102.28 48.91 0.00 0.00 0.00 0.00 0.00 0.00
JP HIGASHIDORI1(TOHOKU) 41.188 141.393 BWR 0 3293 99.36 99.38 99.41 99.48 99.48 99.39 99.46 99.49 99.55 96.39 99.35 99.34
JP IKATA-1 33.491 132.309 PWR 0 1650 100.96 32.25 0.00 7.13 100.98 33.98 100.13 99.75 99.50 100.07 100.51 100.37
JP IKATA-2 33.491 132.310 PWR 0 1650 0.00 91.38 101.73 101.23 100.97 89.41 99.96 99.17 98.81 31.69 0.00 35.57
JP IKATA-3 33.491 132.312 PWR 0 2660 104.23 104.38 104.56 100.62 0.00 0.00 61.31 104.06 103.50 103.62 104.05 104.34
JP KASHIWAZAKIKARIWA-1 37.434 138.598 BWR 0 3293 0.00 0.00 0.00 0.00 99.45 100.89 100.49 99.61 100.14 100.72 100.91 101.07
JP KASHIWAZAKIKARIWA-2 37.434 138.598 BWR 0 3293 99.60 99.95 100.08 100.25 100.30 99.92 99.80 99.28 99.91 99.88 99.58 99.38
JP KASHIWAZAKIKARIWA-3 37.433 138.598 BWR 0 3293 100.25 99.05 98.62 100.63 34.49 0.00 9.42 99.56 100.04 99.36 100.63 100.79
JP KASHIWAZAKIKARIWA-4 37.433 138.598 BWR 0 3293 100.73 98.47 92.40 22.56 0.00 0.00 0.00 0.00 0.00 0.00 0.00 50.89
JP KASHIWAZAKIKARIWA-5 37.432 138.598 BWR 0 3293 101.00 100.25 101.07 101.11 100.66 100.40 100.05 99.20 99.90 100.49 75.92 0.00
JP KASHIWAZAKIKARIWA-6 37.432 138.598 BWR 0 3926 0.00 0.00 0.00 55.52 102.96 103.13 102.59 101.47 102.44 102.71 103.20 101.08
JP KASHIWAZAKIKARIWA-7 37.431 138.598 BWR 0 3926 102.66 102.58 102.52 102.63 102.60 101.28 88.91 65.04 0.00 0.00 0.00 82.97
JP MIHAMA-1 35.701 135.962 PWR 0 1031 103.75 103.43 103.10 103.09 102.30 100.65 98.44 95.26 98.12 99.41 0.67 0.00
JP MIHAMA-2 35.701 135.962 PWR 0 1456 102.20 102.41 6.16 0.00 5.07 95.29 96.20 97.96 99.28 100.60 101.62 102.30
JP MIHAMA-3 35.703 135.961 PWR 0 2440 0.00 0.00 0.00 0.00 0.00 0.00 0.00 0.00 8.32 7.82 0.00 0.00
JP OHI-1 35.544 135.652 PWR 0 3423 102.01 102.38 102.28 101.86 101.56 100.96 99.61 98.39 99.45 100.47 100.33 69.06
JP OHI-2 35.543 135.652 PWR 0 3423 103.63 103.40 103.52 79.65 0.00 0.00 0.00 56.19 102.72 103.37 103.64 103.60
JP OHI-3 35.542 135.652 PWR 0 3423 101.96 102.11 102.08 102.28 102.23 102.16 101.73 101.29 88.74 0.00 0.00 70.32
JP OHI-4 35.542 135.652 PWR 0 3423 0.00 0.00 63.92 102.80 102.82 102.72 102.45 102.16 102.30 102.62 102.58 102.52
JP ONAGAWA-1 38.400 141.504 BWR 0 1593 0.00 0.00 0.00 0.00 0.00 0.00 0.00 0.00 0.00 0.00 0.00 0.00
JP ONAGAWA-2 38.401 141.504 BWR 0 2436 42.88 100.16 100.02 100.68 31.94 0.00 0.00 0.00 0.00 0.00 0.00 56.81
JP ONAGAWA-3 38.401 141.504 BWR 0 2436 0.00 0.00 30.17 103.42 103.39 103.40 19.46 0.00 0.00 0.00 16.53 103.33
JP SENDAI-1 31.834 130.193 PWR 0 2660 0.00 0.00 93.39 105.80 105.32 104.96 104.24 103.68 103.72 104.44 105.15 105.45
JP SENDAI-2 31.834 130.193 PWR 0 2660 102.68 102.48 102.67 3.08 21.20 102.35 101.91 101.79 101.76 102.09 102.37 102.52
JP SHIKA-1 37.061 136.728 BWR 0 1593 101.69 102.03 11.34 0.00 0.00 32.58 100.66 100.11 101.12 101.27 36.67 101.90
JP SHIKA-2 37.061 136.729 BWR 0 3926 38.99 24.61 100.56 100.56 100.55 100.58 11.78 0.00 0.00 0.00 0.00 0.00
JP SHIMANE-1 35.537 132.999 BWR 0 1380 103.00 103.03 102.96 102.62 101.94 101.84 100.97 100.79 26.79 0.00 0.00 0.00
JP SHIMANE-2 35.537 133.000 BWR 0 2436 100.39 96.41 0.00 0.00 0.00 89.32 99.46 99.15 99.89 99.84 100.12 100.40
JP TAKAHAMA-1 35.520 135.503 PWR 0 2440 104.81 104.78 104.68 104.78 104.75 104.23 103.61 102.73 103.57 104.30 74.11 0.00
JP TAKAHAMA-2 35.520 135.503 PWR 0 2440 105.91 105.92 105.95 45.44 0.00 0.00 101.71 104.54 105.29 105.94 106.00 106.01
JP TAKAHAMA-3 35.521 135.503 PWR 0 2660 104.70 104.39 105.24 105.27 105.02 104.69 104.34 60.16 0.00 0.00 42.77 105.18
JP TAKAHAMA-4 35.521 135.503 PWR 0 2660 0.00 37.15 104.79 105.04 105.13 104.93 104.60 104.02 104.28 104.64 104.62 105.06
JP TOKAI-2 36.466 140.614 BWR 0 3293 101.36 101.52 101.53 101.50 101.43 101.05 100.68 100.38 100.83 98.29 50.78 0.00
JP TOMARI-1 43.038 140.515 PWR 0 1650 0.00 40.00 101.61 101.63 101.62 101.54 101.16 100.36 100.55 101.22 101.39 101.24
JP TOMARI-2 43.038 140.516 PWR 0 1650 102.00 102.25 102.32 102.35 102.44 102.35 101.79 100.77 101.09 101.90 57.30 0.00
JP TSURUGA-1 35.672 136.079 BWR 0 1070 98.70 101.09 101.11 101.10 101.09 71.29 71.76 99.63 99.86 100.18 100.38 100.29
JP TSURUGA-2 35.673 136.080 PWR 0 3411 102.45 99.46 102.59 74.39 0.00 0.29 56.99 101.31 101.69 13.47 18.59 101.61
KR KORI-1 35.321 129.295 PWR 0 1729 100.82 100.70 100.75 100.96 12.99 64.61 100.79 99.99 100.04 100.25 100.76 100.85
KR KORI-2 35.321 129.296 PWR 0 1882 100.99 86.81 2.88 100.77 100.99 100.94 101.01 100.32 100.33 100.45 100.91 100.93
KR KORI-3 35.321 129.297 PWR 0 2912 100.51 100.46 100.42 87.86 100.43 100.25 100.25 98.59 97.67 98.08 78.38 0.00
KR KORI-4 35.321 129.298 PWR 0 2912 100.01 92.86 0.00 75.00 100.25 100.24 100.14 99.32 99.23 99.46 99.93 99.89
KR HANUL-1 37.093 129.393 PWR 0 2785 91.66 99.75 99.55 8.55 50.62 100.85 100.37 100.61 100.35 97.95 100.88 100.85
KR HANUL-2 37.093 129.394 PWR 0 2775 99.42 99.48 99.53 99.59 95.33 98.98 99.42 99.25 99.00 63.76 99.73 99.71
KR HANUL-3 37.093 129.395 PWR 0 2825 100.25 100.27 100.35 100.44 100.26 100.29 100.28 100.03 92.62 96.50 69.06 100.39
KR HANUL-4 37.093 129.396 PWR 0 2825 100.84 100.99 101.06 101.21 67.50 20.09 91.19 101.13 101.10 101.06 101.18 100.30
KR HANUL-5 37.093 129.397 PWR 0 2815 100.66 100.58 100.60 100.74 100.50 100.52 100.37 100.12 28.51 52.72 100.54 100.51
KR ULCHIN-6(HANUL-6) 37.093 129.398 PWR 0 2825 100.64 83.49 76.21 0.00 58.94 100.79 100.71 100.52 100.20 100.06 100.54 100.58
KR WOLSONG-1 35.710 129.476 PHWR 0 2061 101.56 101.43 100.93 101.64 101.19 100.70 100.45 98.87 99.38 100.02 19.91 70.21
KR WOLSONG-2 35.710 129.477 PHWR 0 2061 100.98 91.88 100.91 101.20 101.07 100.85 100.65 99.48 98.85 99.50 100.28 100.46
KR WOLSONG-3 35.710 129.478 PHWR 0 2061 100.90 27.14 101.22 88.09 101.40 101.24 100.90 99.95 99.43 100.13 100.86 101.08
KR WOLSONG-4 35.710 129.479 PHWR 0 2061 100.92 100.88 101.00 101.11 100.95 100.84 100.56 99.48 99.04 99.73 100.45 100.61
KR HANBIT-1 35.404 126.419 PWR 0 2787 100.93 98.95 38.65 55.23 100.70 99.97 99.58 98.22 99.65 100.00 101.20 101.05
KR HANBIT-2 35.403 126.419 PWR 0 2787 101.08 101.10 100.91 100.60 100.68 100.12 99.39 98.47 99.60 100.18 100.80 92.92
KR HANBIT-3 35.403 126.419 PWR 0 2825 11.16 70.45 101.24 101.39 101.02 100.55 99.43 91.50 70.99 100.19 101.02 101.10
KR HANBIT-4 35.402 126.419 PWR 0 2825 100.14 100.23 100.37 100.44 100.30 99.86 99.57 98.68 99.27 99.43 100.18 100.36
KR HANBIT-5 35.402 126.419 PWR 0 2825 101.17 101.14 101.10 101.69 101.06 98.54 64.24 98.88 99.35 99.22 35.49 65.71
KR HANBIT-6 35.401 126.419 PWR 0 2825 100.70 96.81 2.35 100.83 101.07 100.63 99.70 99.55 100.12 100.13 100.88 100.88
LT IGNALINA-2 55.6002 26.4798 LWGR 0 4800 105.68 105.92 106.16 106.80 106.29 104.84 90.83 0.00 23.44 56.91 56.97 57.02
MX LAGUNAVERDE-1 19.719 -96.405 BWR 0 2027 96.82 89.43 84.67 90.60 94.59 93.92 91.39 93.92 93.46 94.60 94.73 95.56
MX LAGUNAVERDE-2 19.719 -96.404 BWR 0 2027 93.28 93.19 88.06 59.35 32.79 90.29 89.04 90.18 89.38 76.60 88.03 92.03
NL BORSSELE 51.431 3.719 PWR 0 1366 100.47 100.59 100.41 99.93 99.54 63.84 93.59 97.71 96.84 56.42 0.00 80.55
PK CHASNUPP-1 32.392 71.463 PWR 0 999 100.47 97.86 100.51 95.89 87.14 97.13 98.85 96.21 83.14 100.17 100.45 98.60
PK KANUPP 24.845 66.790 PHWR 0 337 0.00 0.00 0.00 0.00 0.00 0.00 0.00 0.00 0.00 0.00 0.00 16.12
RO CERNAVODA-1 44.322 28.061 PHWR 0 2180 99.55 99.12 99.46 78.93 100.02 99.27 97.73 96.99 26.10 84.39 100.41 99.97
RU BALAKOVO-1 52.092 47.952 PWR 0 3000 102.24 94.51 101.25 102.34 100.67 9.24 23.18 101.99 101.90 104.02 104.25 103.39
RU BALAKOVO-2 52.092 47.954 PWR 0 3000 99.95 102.53 100.56 101.86 95.46 93.80 55.15 0.00 85.20 103.81 103.46 104.50
RU BALAKOVO-3 52.093 47.956 PWR 0 3000 99.20 101.13 98.02 102.88 86.43 99.48 100.61 101.28 101.51 103.13 91.22 32.97
RU BALAKOVO-4 52.093 47.958 PWR 0 3200 80.66 103.63 100.91 102.61 96.97 100.65 100.91 102.36 23.01 0.00 66.65 104.09
RU BELOYARSK-3 56.842 61.319 FBR 0 1470 97.72 97.89 72.09 0.00 32.55 100.39 99.78 96.75 59.81 81.93 101.02 100.72
RU BILIBINO-1 68.059 166.492 LWGR 0 62 50.84 0.00 0.00 19.61 24.08 23.84 29.78 38.84 34.02 16.36 33.21 24.63
RU BILIBINO-2 68.059 166.493 LWGR 0 62 35.79 38.38 33.25 2.34 0.00 13.02 18.77 18.68 21.86 26.66 23.52 21.92
RU BILIBINO-3 68.059 166.494 LWGR 0 62 20.89 41.82 35.68 40.71 35.54 1.74 0.00 0.00 31.74 50.05 41.89 28.48
RU BILIBINO-4 68.059 166.495 LWGR 0 62 40.26 46.48 34.37 32.72 26.72 19.00 25.98 38.61 7.13 0.00 0.00 43.35
RU KALININ-1 57.903 35.057 PWR 0 3000 100.71 94.49 103.56 100.97 56.35 98.27 91.15 0.00 24.33 102.27 103.63 98.06
RU KALININ-2 57.904 35.059 PWR 0 3000 92.42 103.43 85.89 77.26 103.09 26.58 20.57 102.40 102.85 104.20 100.43 101.74
RU KALININ-3 57.905 35.061 PWR 0 3200 84.53 96.24 74.83 0.00 0.00 67.92 100.10 101.17 101.73 95.55 100.41 84.95
RU KOLA-1 67.467 32.491 PWR 0 1375 92.31 52.25 90.32 64.99 65.94 21.60 19.02 100.24 45.71 70.46 94.90 59.45
RU KOLA-2 67.467 32.492 PWR 0 1375 105.41 105.19 104.93 102.40 104.74 99.29 78.67 0.00 34.58 57.19 51.83 38.71
RU KOLA-3 67.467 32.493 PWR 0 1375 47.13 48.66 10.31 55.96 82.33 64.02 35.77 45.17 91.17 92.75 93.41 98.21
RU KOLA-4 67.467 32.494 PWR 0 1375 55.17 98.51 95.50 31.47 0.00 25.86 87.76 101.25 96.26 92.27 78.81 95.58
RU KURSK-1 51.674 35.607 LWGR 0 3200 94.10 101.26 62.31 98.00 74.45 88.74 84.77 78.98 95.08 18.15 0.00 71.39
RU KURSK-2 51.674 35.607 LWGR 0 3200 96.25 101.92 57.28 103.55 97.41 99.06 97.33 98.21 91.03 100.92 32.72 0.00
RU KURSK-3 51.673 35.607 LWGR 0 3200 0.00 0.00 88.47 101.96 101.22 98.52 97.45 97.98 100.11 96.88 103.77 101.88
RU KURSK-4 51.673 35.607 LWGR 0 3200 100.94 101.19 72.78 0.00 0.00 0.00 0.00 0.00 0.00 62.78 102.25 101.46
RU LENINGRAD-1 59.840 29.027 LWGR 0 3200 99.77 99.65 100.94 100.53 0.13 44.96 98.03 70.83 99.27 97.22 99.79 98.05
RU LENINGRAD-2 59.840 29.028 LWGR 0 3200 0.00 0.00 0.00 0.00 0.00 0.00 0.00 0.00 0.00 17.57 100.37 97.63
RU LENINGRAD-3 59.840 29.029 LWGR 0 3200 90.76 101.63 102.56 102.86 101.16 52.30 36.77 100.87 99.41 99.10 100.25 99.01
RU LENINGRAD-4 59.840 29.030 LWGR 0 3200 98.27 96.24 100.39 101.57 98.87 94.93 96.73 97.85 47.95 0.00 0.00 0.00
RU NOVOVORONEZH-3 51.274 39.206 PWR 0 1375 92.47 96.18 85.93 98.47 34.72 24.00 92.27 71.18 86.81 95.35 91.44 87.22
RU NOVOVORONEZH-4 51.274 39.206 PWR 0 1375 88.97 92.80 81.70 79.71 47.55 66.17 7.45 48.67 98.74 101.24 103.01 103.15
RU NOVOVORONEZH-5 52.381 39.211 PWR 0 3000 97.71 101.14 101.00 100.98 95.94 98.26 69.30 0.00 83.15 100.85 100.43 101.16
RU ROSTOV-1 47.599 42.373 PWR 0 3200 98.27 104.28 62.92 0.00 47.47 102.19 103.75 102.96 103.89 104.86 105.27 105.13
RU SMOLENSK-1 54.169 33.245 LWGR 0 3200 13.87 101.49 96.99 101.44 101.45 98.99 96.15 97.40 94.09 4.72 0.00 0.00
RU SMOLENSK-2 54.168 33.245 LWGR 0 3200 99.96 102.21 83.73 47.11 100.55 100.30 95.66 98.46 99.91 101.48 99.59 99.86
RU SMOLENSK-3 54.168 33.245 LWGR 0 3200 100.90 82.28 85.77 55.58 0.00 0.00 0.00 6.93 100.91 101.41 100.79 99.88
SK BOHUNICE-1 48.5001 17.6798 PWR 0 1375 75.20 96.36 89.08 1.74 90.23 90.48 89.48 89.50 91.93 95.26 97.20 91.40
SK BOHUNICE-2 48.5001 17.6798 PWR 0 1375 89.30 96.25 87.51 94.11 81.29 82.04 90.64 87.87 1.24 62.86 49.89 85.44
SK BOHUNICE-3 48.492 17.687 PWR 0 1471 92.73 89.40 88.57 75.56 88.70 86.79 0.00 0.00 76.29 90.67 91.56 89.81
SK BOHUNICE-4 48.492 17.687 PWR 0 1471 94.34 74.80 71.70 86.41 16.05 0.00 39.62 93.29 90.33 92.44 89.34 87.54
SK MOCHOVCE-1 48.261 18.455 PWR 0 1471 101.71 99.43 95.56 39.40 38.62 81.31 97.23 94.17 97.05 98.63 94.95 96.96
SK MOCHOVCE-2 48.260 18.455 PWR 0 1471 99.77 100.00 93.32 78.50 97.48 96.62 96.92 95.18 34.77 0.00 50.99 99.65
SI KRSKO 45.939 15.516 PWR 0 1994 98.93 101.60 98.22 23.30 52.96 104.38 99.07 102.04 103.18 103.47 103.40 104.55
ZA KOEBERG-1 -33.677 18.433 PWR 0 2775 0.00 0.00 0.00 0.00 35.22 89.36 99.19 99.72 99.78 99.81 93.87 91.38
ZA KOEBERG-2 -33.677 18.434 PWR 0 2775 100.06 77.38 84.25 76.47 40.31 0.00 11.13 98.14 86.83 83.46 78.60 83.80
ES ALMARAZ-1 39.807 -5.698 PWR 0 2947 97.96 97.18 100.06 99.64 83.08 97.73 95.08 97.27 93.02 2.20 76.36 100.03
ES ALMARAZ-2 39.807 -5.697 PWR 0 2947 99.37 99.39 53.66 59.21 98.80 86.01 50.53 97.36 97.38 99.18 99.46 99.52
ES ASCO-1 41.202 0.571 PWR 0 2954 89.23 88.77 88.74 19.72 58.63 97.14 96.43 95.79 94.40 96.49 96.42 98.73
ES ASCO-2 41.202 0.572 PWR 0 2941 85.24 98.42 90.95 87.17 92.28 88.59 95.45 94.71 91.86 80.71 95.03 95.11
ES COFRENTES 39.216 -1.051 BWR 0 3237 99.30 99.91 99.64 72.71 89.99 99.37 92.08 98.93 97.31 99.46 94.07 99.39
ES JOSECABRERA-1 40.3492 -1.1156 PWR 0 510 98.92 99.11 98.83 88.98 0.00 0.00 0.00 0.00 0.00 0.00 0.00 0.00
ES SANTAMARIADEGARONA 42.775 -3.205 BWR 0 1381 99.90 100.39 100.28 100.24 98.99 99.60 70.98 99.67 87.65 92.39 100.28 76.92
ES TRILLO-1 40.699 -2.622 PWR 0 3010 99.39 95.16 99.09 99.02 13.77 64.60 98.24 98.71 84.95 99.11 99.26 99.36
ES VANDELLOS-2 40.949 0.867 PWR 0 2941 99.30 89.58 89.66 0.54 97.18 94.74 82.73 68.77 4.16 97.54 98.10 95.88
SE FORSMARK-1 60.405 18.168 BWR 0 2928 99.80 99.78 99.59 98.63 94.95 63.83 75.59 0.00 3.89 88.27 99.75 83.55
SE FORSMARK-2 60.405 18.170 BWR 0 3253 99.84 100.02 99.83 99.63 98.78 97.48 45.01 0.00 0.00 22.20 100.66 105.51
SE FORSMARK-3 60.407 18.155 BWR 0 3300 100.00 99.88 99.85 99.76 82.86 68.33 95.30 93.75 94.79 96.61 98.90 76.96
SE OSKARSHAMN-1 57.415 16.666 BWR 0 1375 94.50 100.69 100.60 100.26 42.97 74.78 96.53 6.15 0.00 0.00 0.00 0.00
SE OSKARSHAMN-2 57.415 16.667 BWR 0 1800 99.12 99.21 99.09 98.31 97.73 96.86 94.86 6.41 0.00 75.02 74.29 98.50
SE OSKARSHAMN-3 57.416 16.671 BWR 0 3900 100.12 100.16 99.74 100.08 99.05 71.88 76.40 94.99 96.54 98.48 98.92 98.98
SE RINGHALS-1 57.259 12.111 BWR 0 2540 97.28 100.57 100.10 99.32 99.10 97.14 89.80 74.23 7.47 95.30 99.03 99.54
SE RINGHALS-2 57.259 12.112 PWR 0 2500 99.99 100.03 99.32 99.48 98.24 59.01 42.01 95.19 92.25 97.39 99.32 99.04
SE RINGHALS-3 57.259 12.113 PWR 0 3135 101.34 101.38 101.28 100.78 78.96 0.10 73.27 86.15 86.38 89.09 39.35 61.85
SE RINGHALS-4 57.259 12.114 PWR 0 2775 100.34 100.38 100.43 99.95 98.65 96.67 93.06 9.71 78.65 96.81 98.74 99.40
CH BEZNAU-1 47.552 8.229 PWR 1 1130 100.97 101.06 100.94 101.00 100.55 28.26 74.71 98.88 99.20 99.92 100.62 100.86
CH BEZNAU-2 47.552 8.230 PWR 1 1130 100.29 100.29 100.13 100.35 99.14 98.67 93.39 64.01 98.61 99.32 99.93 100.11
CH GOESGEN 47.366 7.969 PWR 1 3002 103.46 103.18 102.83 102.36 99.78 23.46 99.26 101.10 100.71 101.45 102.35 102.90
CH LEIBSTADT 47.601 8.183 BWR 0 3600 101.14 100.69 100.50 99.87 98.71 96.40 79.57 28.84 97.58 98.90 100.23 100.73
CH MUEHLEBERG 46.969 7.266 BWR 0 1097 103.21 101.97 102.84 102.92 101.79 98.41 82.96 36.60 77.06 101.63 101.39 102.84
GB DUNGENESSA-1 50.913 0.962 GCR 0 840 91.55 89.10 90.06 89.69 90.82 91.71 90.98 89.58 86.80 72.49 88.96 87.48
GB DUNGENESSA-2 50.913 0.962 GCR 0 840 91.91 90.99 93.11 83.18 95.37 95.15 94.69 93.71 89.88 92.60 94.93 94.96
GB DUNGENESSB-1 50.913 0.962 GCR 0 1500 89.02 56.46 85.79 92.36 30.93 0.00 0.00 49.04 52.85 0.00 58.66 98.10
GB DUNGENESSB-2 50.912 0.962 GCR 0 1500 94.58 10.37 68.56 80.24 67.85 37.47 34.94 91.26 93.49 19.63 73.52 0.00
GB HARTLEPOOLA-1 54.634 -1.180 GCR 0 1500 0.00 0.00 42.34 96.17 46.82 87.54 92.76 97.77 72.68 0.00 0.00 8.99
GB HARTLEPOOLA-2 54.634 -1.180 GCR 0 1500 98.07 98.95 98.91 58.33 98.55 71.54 0.00 0.00 20.46 0.00 0.00 25.36
GB HEYSHAMA-1 54.029 -2.912 GCR 0 1500 100.00 101.37 54.97 93.28 21.98 57.37 33.50 92.27 98.21 99.27 99.72 55.39
GB HEYSHAMA-2 54.028 -2.912 GCR 0 1500 100.15 97.44 54.08 98.92 93.41 88.12 97.44 57.25 19.01 85.15 76.93 79.20
GB HEYSHAMB-1 54.028 -2.912 GCR 0 1550 87.13 91.21 92.95 62.91 94.93 91.82 98.92 91.41 99.87 64.07 48.55 96.77
GB HEYSHAMB-2 54.027 -2.912 GCR 0 1550 65.03 98.88 87.07 95.51 100.15 87.81 97.68 91.92 98.81 94.33 52.01 99.93
GB HINKLEYPOINTB-1 51.208 -3.131 GCR 0 1494 98.47 73.62 86.37 92.60 94.12 77.40 71.16 88.23 67.62 0.00 0.00 0.00
GB HINKLEYPOINTB-2 51.208 -3.131 GCR 0 1494 63.12 88.29 94.31 84.36 56.11 41.89 88.10 76.17 69.64 50.77 0.00 0.00
GB HUNTERSTONB-1 55.721 -4.893 GCR 0 1496 68.65 100.17 71.03 69.67 88.00 48.75 11.78 0.00 0.00 0.00 0.00 0.00
GB HUNTERSTONB-2 55.721 -4.893 GCR 0 1496 100.41 59.62 99.35 82.38 92.33 85.09 95.33 94.25 94.87 47.06 0.00 0.00
GB OLDBURYA-1 51.649 -2.567 GCR 0 730 63.95 90.73 93.99 94.26 92.29 90.52 88.39 85.78 0.00 0.00 0.00 0.00
GB OLDBURYA-2 51.649 -2.567 GCR 0 660 0.00 0.00 0.00 0.00 0.00 0.00 0.00 0.00 0.00 0.00 0.00 0.00
GB SIZEWELLA-1 52.215 1.623 GCR 0 1010 94.05 98.06 96.79 51.92 100.78 85.23 98.83 98.61 99.10 51.96 97.91 103.29
GB SIZEWELLA-2 52.215 1.623 GCR 0 1010 99.77 93.08 71.93 90.08 101.04 96.23 94.79 95.11 94.90 88.48 97.77 99.16
GB SIZEWELLB 52.215 1.623 PWR 0 3425 100.05 100.21 100.05 99.64 99.22 98.84 98.19 98.21 1.23 28.35 99.28 99.24
GB TORNESS-1 55.966 -2.399 GCR 0 1623 79.97 71.51 78.14 31.43 63.37 62.19 76.58 56.74 91.21 91.87 77.91 94.79
GB TORNESS-2 55.966 -2.399 GCR 0 1623 77.97 96.01 74.04 0.00 0.00 30.02 71.59 35.69 79.02 76.68 87.76 95.79
GB WYLFA-1 53.416 -4.480 GCR 0 1920 77.13 96.52 97.72 98.71 96.97 88.50 77.49 92.77 87.73 88.34 74.75 67.25
GB WYLFA-2 53.415 -4.480 GCR 0 1920 62.62 72.16 97.86 21.29 0.00 0.00 7.33 48.79 47.49 48.90 54.88 79.75
UA KHMELNITSKI-1 50.301 26.649 PWR 0 3000 98.59 100.31 98.04 88.83 39.12 0.00 61.82 99.55 78.85 99.18 99.63 100.19
UA KHMELNITSKI-2 50.301 26.647 PWR 0 3000 100.76 80.98 92.52 96.11 99.57 99.43 99.07 93.38 101.70 101.09 70.70 0.00
UA ROVNO-1 51.326 25.900 PWR 0 1375 95.66 85.93 102.91 80.30 84.74 12.42 0.00 41.06 96.93 101.13 102.23 94.08
UA ROVNO-2 51.326 25.901 PWR 0 1375 87.98 93.67 102.11 91.01 89.15 94.74 87.18 22.43 11.99 91.80 91.86 93.71
UA ROVNO-3 51.326 25.902 PWR 0 3000 12.66 35.39 54.38 97.02 92.96 90.06 24.99 45.02 50.33 53.03 44.80 64.75
UA ROVNO-4 51.326 25.903 PWR 0 3000 97.57 98.43 30.92 0.00 48.30 7.10 43.77 91.94 90.79 35.34 75.63 71.75
UA SOUTHUKRAINE-1 47.811 31.220 PWR 0 3000 102.45 102.88 41.07 93.04 99.57 94.05 81.70 27.91 0.00 74.40 99.47 100.42
UA SOUTHUKRAINE-2 47.811 31.220 PWR 0 3000 102.51 102.20 101.21 23.26 0.00 47.71 80.13 67.21 84.11 97.36 75.95 100.09
UA SOUTHUKRAINE-3 47.812 31.224 PWR 0 3000 93.51 101.02 99.49 98.43 76.61 0.00 0.42 91.49 61.17 0.00 0.00 0.00
UA ZAPOROZHYE-1 47.508 34.627 PWR 0 3000 101.52 101.24 100.99 96.50 0.00 11.88 98.27 97.15 96.91 100.66 99.00 91.59
UA ZAPOROZHYE-2 47.508 34.627 PWR 0 3000 98.78 97.97 87.56 97.01 92.66 84.85 0.00 14.98 99.00 100.27 98.35 90.39
UA ZAPOROZHYE-3 47.507 34.627 PWR 0 3000 95.92 91.15 72.46 22.97 93.46 94.38 94.03 92.88 93.86 67.68 0.00 52.47
UA ZAPOROZHYE-4 47.507 34.627 PWR 0 3000 0.00 16.15 101.87 99.09 58.54 97.68 98.77 97.77 99.68 100.46 92.89 88.10
UA ZAPOROZHYE-5 47.506 34.627 PWR 0 3000 100.22 99.98 93.91 86.02 93.07 98.31 98.23 79.45 0.00 22.23 97.54 99.75
UA ZAPOROZHYE-6 47.506 34.627 PWR 0 3000 101.10 102.47 63.85 0.00 28.72 97.98 95.38 99.49 98.39 103.41 100.54 97.89
US ANO-1 35.310 -93.230 PWR 0 2568 101.83 103.26 103.16 101.68 102.32 101.51 100.92 100.73 101.96 102.53 101.57 103.29
US ANO-2 35.310 -93.229 PWR 0 3026 101.36 101.43 101.26 100.77 100.64 100.24 99.84 99.34 59.98 2.45 98.66 101.27
US BEAVERVALLEY-1 40.624 -80.432 PWR 0 2900 98.79 39.83 0.00 31.42 89.46 97.65 96.93 80.36 94.25 102.18 102.05 101.87
US BEAVERVALLEY-2 40.624 -80.431 PWR 0 2900 99.09 99.22 99.04 82.58 97.87 96.81 95.81 95.46 97.12 0.96 52.16 100.73
US BRAIDWOOD-1 41.247 -88.230 PWR 0 3587 102.32 102.69 102.69 52.30 87.85 100.74 100.01 99.94 101.25 102.17 102.21 102.02
US BRAIDWOOD-2 41.247 -88.229 PWR 0 3587 102.10 101.89 102.03 101.61 101.17 100.07 99.37 99.43 100.79 44.99 89.64 102.44
US BROWNSFERRY-2 34.703 -87.119 BWR 0 3458 99.91 99.28 100.88 100.37 80.37 98.45 97.38 97.08 98.03 59.96 100.41 100.32
US BROWNSFERRY-3 34.703 -87.119 BWR 0 3458 78.98 87.33 23.68 100.47 99.86 98.03 97.58 83.43 98.14 100.59 101.35 91.47
US BRUNSWICK-1 33.958 -78.007 BWR 0 2923 102.13 100.26 7.99 74.44 103.35 98.85 102.23 54.76 100.26 103.27 101.54 103.06
US BRUNSWICK-2 33.957 -78.007 BWR 0 2923 101.92 102.17 97.93 100.22 62.95 99.01 99.93 99.46 95.28 100.02 37.41 80.23
US BYRON-1 42.074 -89.277 PWR 0 3587 102.43 102.43 102.52 102.13 101.78 101.29 100.59 100.48 30.76 46.56 102.84 102.90
US BYRON-2 42.074 -89.276 PWR 0 3587 103.16 102.86 102.91 102.20 102.14 101.76 100.13 101.24 101.82 102.07 102.33 102.45
US CALLAWAY-1 38.763 -91.781 PWR 0 3565 103.50 103.95 103.62 102.71 47.64 89.10 100.34 100.51 102.00 102.97 103.40 103.77
US CALVERTCLIFFS-1 38.435 -76.439 PWR 0 2737 101.86 69.65 0.00 62.12 101.72 100.37 98.50 98.19 99.66 101.14 101.85 76.39
US CALVERTCLIFFS-2 38.434 -76.439 PWR 0 2737 99.36 101.19 101.28 101.05 100.70 99.57 97.77 97.20 98.16 98.51 83.00 99.16
US CATAWBA-1 35.053 -81.071 PWR 0 3411 103.53 103.71 102.77 102.33 64.72 65.89 101.63 101.39 102.02 103.02 33.86 1.07
US CATAWBA-2 35.053 -81.070 PWR 0 3411 103.25 103.38 55.92 13.15 77.14 101.91 101.54 101.80 102.19 103.03 103.14 98.96
US CLINTON-1 40.172 -88.834 BWR 0 3473 91.06 2.37 77.36 101.64 101.13 101.60 101.36 91.76 101.06 101.55 101.73 92.65
US COLUMBIA 46.471 -119.333 BWR 0 3486 95.85 94.95 96.33 98.53 93.61 91.81 94.35 96.77 98.62 96.84 72.98 98.78
US COMANCHEPEAK-1 32.301 -97.787 PWR 0 3612 102.19 102.11 102.98 102.49 102.39 101.87 101.46 101.47 101.77 102.49 102.71 102.75
US COMANCHEPEAK-2 32.301 -97.786 PWR 0 3458 103.08 103.39 102.54 102.18 101.86 101.27 100.76 100.81 100.96 23.76 101.69 102.72
US COOPER 40.361 -95.643 BWR 0 2419 103.50 89.82 98.54 102.14 89.01 99.91 99.06 99.03 96.84 62.07 20.53 103.89
US CRYSTALRIVER-3 28.966 -82.697 PWR 0 2568 75.21 102.70 67.94 102.19 101.60 100.61 98.44 83.18 99.90 101.17 102.59 102.80
US DAVISBESSE-1 41.597 -83.092 PWR 0 2817 100.33 99.51 14.35 3.26 96.83 97.54 99.97 99.90 89.59 101.24 76.23 101.09
US DIABLOCANYON-1 35.212 -120.854 PWR 0 3411 101.56 102.11 102.18 101.77 101.95 101.58 102.00 101.62 101.82 101.41 94.46 101.66
US DIABLOCANYON-2 35.212 -120.853 PWR 0 3411 99.83 100.40 100.45 53.16 11.52 105.14 105.14 104.48 104.60 104.54 104.63 82.29
US COOK-1 41.975 -86.564 PWR 0 3304 102.63 102.49 102.12 101.83 101.78 100.74 93.33 86.52 33.06 0.00 52.53 107.53
US COOK-2 41.975 -86.563 PWR 0 3468 103.37 103.03 75.96 0.00 77.09 101.03 98.74 99.76 98.62 102.46 103.11 103.35
US DRESDEN-2 41.386 -88.268 BWR 0 2957 100.32 99.82 99.98 100.11 98.52 99.88 91.44 99.87 99.52 100.04 59.13 100.14
US DRESDEN-3 41.385 -88.268 BWR 0 2957 100.52 100.00 100.40 100.25 100.19 99.60 99.65 99.72 100.22 99.70 31.98 100.01
US DUANEARNOLD-1 42.101 -91.776 BWR 0 1912 103.15 103.54 103.21 98.31 101.86 100.91 99.10 99.68 97.18 102.31 87.21 104.71
US FERMI-2 41.963 -83.257 BWR 0 3430 102.01 101.36 77.67 0.00 44.14 72.05 36.95 94.19 99.47 100.87 101.48 101.56
US FARLEY-1 31.223 -85.115 PWR 0 2775 101.28 101.33 96.86 20.04 15.73 98.77 92.88 100.20 100.66 100.97 101.38 103.83
US FARLEY-2 31.223 -85.114 PWR 0 2775 100.75 101.54 101.27 101.07 100.76 100.26 100.01 99.47 100.36 101.04 101.47 105.80
US FITZPATRICK 43.521 -76.403 BWR 0 2536 98.38 100.12 99.32 95.27 99.02 99.32 97.74 97.36 95.52 22.19 82.83 100.99
US FORTCALHOUN-1 41.520 -96.076 PWR 0 1500 102.64 102.64 101.99 96.94 76.79 99.68 98.32 98.47 29.21 0.00 0.00 82.48
US GRANDGULF-1 32.007 -91.045 BWR 0 4408 101.25 101.95 98.49 100.39 68.84 99.07 99.56 99.50 99.38 100.84 101.36 99.53
US ROBINSON-2 34.402 -80.158 PWR 0 2339 106.58 106.41 106.18 102.65 104.25 102.71 101.85 101.47 102.82 95.94 106.01 106.46
US HATCH-1 31.935 -82.346 BWR 0 2804 100.18 40.93 0.00 88.48 88.12 101.15 96.88 96.54 101.13 100.87 102.22 102.20
US HATCH-2 31.934 -82.346 BWR 0 2804 93.24 100.42 101.88 88.85 99.88 100.32 100.03 98.48 99.44 100.32 101.35 101.29
US HOPECREEK-1 39.467 -75.535 BWR 0 3840 101.93 102.30 102.72 18.41 75.93 101.04 99.37 97.63 100.33 103.01 107.68 103.77
US INDIANPOINT-2 41.269 -73.950 PWR 0 3216 100.45 100.78 97.67 59.84 27.49 100.23 98.96 93.12 99.59 100.53 94.49 100.15
US INDIANPOINT-3 41.269 -73.950 PWR 0 3216 101.04 101.14 101.12 101.11 100.93 100.60 91.03 99.37 100.44 100.73 101.06 101.07
US KEWAUNEE 44.470 -87.498 PWR 0 1772 102.92 95.53 102.79 88.27 23.81 100.97 102.08 100.60 2.84 7.30 81.38 97.80
US LASALLE-1 41.246 -88.672 BWR 0 3546 101.62 68.23 40.95 102.14 97.23 99.87 99.07 99.02 99.84 101.58 101.89 101.27
US LASALLE-2 41.246 -88.672 BWR 0 3546 103.20 102.83 103.32 102.72 101.89 101.18 100.32 100.33 101.26 102.60 102.78 102.66
US LIMERICK-1 40.225 -75.584 BWR 0 3515 96.98 95.20 33.27 102.58 89.86 100.69 99.63 99.92 100.38 102.42 102.80 103.32
US LIMERICK-2 40.225 -75.584 BWR 0 3515 102.16 93.89 103.17 102.63 100.22 99.04 99.50 99.82 100.56 102.36 102.58 103.27
US MCGUIRE-1 35.433 -80.946 PWR 0 3469 105.32 105.23 104.91 104.78 102.46 102.33 101.06 101.38 101.45 103.26 104.34 104.87
US MCGUIRE-2 35.433 -80.946 PWR 0 3411 105.66 105.80 105.58 105.21 104.01 103.22 101.94 101.38 50.95 0.00 61.43 105.63
US MILLSTONE-2 41.312 -72.166 PWR 0 2700 100.12 89.32 100.01 70.52 99.89 99.82 99.52 99.35 99.43 18.33 35.62 100.14
US MILLSTONE-3 41.311 -72.166 PWR 0 3650 100.76 100.77 100.77 100.74 100.65 100.19 99.27 98.92 99.33 97.83 100.00 100.08
US MONTICELLO 45.334 -93.850 BWR 0 1775 102.75 102.41 102.91 102.42 101.77 98.92 96.75 98.66 100.73 102.57 102.88 102.15
US NINEMILEPOINT-1 43.522 -76.412 BWR 0 1850 101.23 101.32 99.76 100.91 99.90 83.77 97.60 96.56 99.11 98.93 100.02 100.37
US NINEMILEPOINT-2 43.521 -76.413 BWR 0 3988 100.29 96.50 45.53 53.31 100.53 99.32 98.64 99.25 99.75 100.78 100.90 101.33
US NORTHANNA-1 38.061 -77.792 PWR 0 2940 96.64 77.07 33.39 66.95 100.67 100.10 99.78 99.58 100.28 100.48 82.29 100.47
US NORTHANNA-2 38.061 -77.792 PWR 0 2940 100.50 100.43 100.75 100.21 100.14 99.89 99.35 99.15 100.03 100.40 95.64 100.29
US OCONEE-1 34.796 -82.894 PWR 0 2568 102.00 102.04 101.91 101.44 101.55 75.88 100.59 99.47 97.97 16.30 0.00 44.28
US OCONEE-2 34.796 -82.894 PWR 0 2568 103.84 103.84 103.86 85.32 103.43 102.62 102.32 101.09 82.44 102.11 102.97 102.62
US OCONEE-3 34.795 -82.894 PWR 0 2568 103.54 103.55 103.56 93.29 0.00 84.37 102.55 87.64 101.22 102.48 103.39 103.78
US OYSTERCREEK 39.815 -74.208 BWR 0 1930 85.40 80.67 100.90 101.44 79.46 98.52 95.85 92.27 92.68 40.31 58.68 101.54
US PALISADES 42.323 -86.316 PWR 0 2565 84.06 104.77 104.17 0.00 38.95 102.97 101.19 102.04 102.54 103.96 92.95 104.30
US PALOVERDE-1 33.387 -112.863 PWR 0 3990 17.96 16.77 7.68 0.00 0.00 0.00 65.06 98.71 59.08 37.65 100.46 101.37
US PALOVERDE-2 33.387 -112.863 PWR 0 3990 101.34 101.66 101.44 84.01 100.80 100.50 88.08 99.32 97.07 0.00 47.77 101.75
US PALOVERDE-3 33.386 -112.863 PWR 0 3990 100.91 100.90 91.65 0.00 55.30 99.75 90.11 98.39 98.43 91.15 99.42 99.61
US PEACHBOTTOM-2 39.759 -76.270 BWR 0 3514 100.23 102.99 102.95 102.53 100.17 100.90 98.54 95.35 43.14 66.77 103.09 103.16
US PEACHBOTTOM-3 39.758 -76.270 BWR 0 3514 102.04 103.03 102.99 102.81 99.61 101.62 100.80 100.26 101.24 102.02 102.41 102.46
US PERRY-1 41.801 -81.147 BWR 0 3758 98.40 102.21 101.95 99.21 86.86 100.60 98.64 99.68 98.76 99.82 101.58 75.16
US PILGRIM-1 41.945 -70.578 BWR 0 2028 93.31 100.30 81.84 100.04 99.76 97.16 99.55 97.74 98.94 98.22 99.71 99.69
US POINTBEACH-1 44.282 -87.534 PWR 0 1800 100.33 99.80 100.16 100.18 98.77 99.72 99.44 97.36 98.62 100.09 100.52 99.82
US POINTBEACH-2 44.281 -87.534 PWR 0 1800 100.77 101.17 99.41 101.60 101.32 99.67 100.65 98.03 99.42 45.70 42.50 101.49
US PRAIRIEISLAND-1 44.622 -92.631 PWR 0 1677 93.49 104.41 104.74 86.86 0.00 77.17 96.71 100.45 102.40 101.27 104.58 104.49
US PRAIRIEISLAND-2 44.622 -92.631 PWR 0 1677 104.25 44.59 104.23 100.68 101.59 99.19 94.96 99.17 98.55 101.96 45.56 53.84
US QUADCITIES-1 41.727 -90.308 BWR 0 2957 70.91 78.82 88.18 87.88 40.53 100.40 99.49 98.40 99.87 100.56 100.64 100.49
US QUADCITIES-2 41.726 -90.308 BWR 0 2957 66.39 88.83 66.94 30.87 95.98 99.94 99.62 95.98 99.74 100.04 99.80 99.93
US GINNA 43.279 -77.311 PWR 0 1775 103.82 103.92 103.91 104.04 103.95 102.65 100.71 100.35 102.47 23.87 90.84 103.99
US RIVERBEND-1 30.727 -91.372 BWR 0 3091 101.95 58.75 101.45 64.59 54.76 96.63 99.62 100.22 100.87 84.17 94.47 100.20
US SALEM-1 39.463 -75.534 PWR 0 3459 101.84 99.59 95.69 101.01 100.60 99.70 97.82 97.50 98.18 100.00 100.45 101.14
US SALEM-2 39.463 -75.534 PWR 0 3459 101.22 101.31 95.43 100.92 99.69 99.27 97.92 97.25 91.11 25.99 97.71 102.67
US SANONOFRE-2 33.367 -117.556 PWR 0 3438 6.64 0.00 0.00 18.42 103.03 104.40 103.85 104.60 104.71 104.78 105.13 105.36
US SANONOFRE-3 33.367 -117.556 PWR 0 3438 104.26 103.95 94.03 0.00 70.46 103.84 103.07 103.96 103.83 50.14 0.00 28.94
US SEABROOK-1 42.897 -70.849 PWR 0 3648 99.89 99.86 99.94 99.95 100.05 100.02 100.09 99.15 88.03 0.00 65.63 99.99
US SEQUOYAH-1 35.228 -85.094 PWR 0 3455 102.75 102.60 99.87 26.08 49.40 100.27 98.89 98.33 99.55 100.91 101.79 101.90
US SEQUOYAH-2 35.227 -85.094 PWR 0 3455 95.77 102.73 89.42 102.10 101.55 100.75 99.23 98.19 99.71 101.42 82.44 12.21
US HARRIS-1 35.635 -78.955 PWR 0 2900 103.27 103.22 102.93 22.37 38.34 100.54 99.45 99.39 90.87 102.85 103.31 103.35
US SOUTHTEXAS-1 28.797 -96.044 PWR 0 3853 100.75 100.69 100.50 100.37 100.07 99.59 99.41 99.16 90.78 0.00 89.45 106.60
US SOUTHTEXAS-2 28.796 -96.044 PWR 0 3853 100.94 100.93 100.71 100.53 99.66 99.58 99.48 99.21 99.61 99.53 100.57 100.73
US ST.LUCIE-1 27.348 -80.244 PWR 0 3020 102.56 102.52 102.32 98.86 102.27 101.60 101.75 101.92 101.10 101.38 99.90 102.30
US ST.LUCIE-2 27.348 -80.244 PWR 0 3020 80.63 99.79 99.94 73.25 0.00 45.14 99.07 99.06 98.43 97.97 99.18 96.30
US SURRY-1 37.166 -76.700 PWR 0 2857 101.62 101.49 101.37 73.76 10.51 100.79 98.99 100.39 101.19 100.83 101.37 91.29
US SURRY-2 37.166 -76.700 PWR 0 2857 99.67 101.60 101.72 101.65 101.39 100.76 100.37 100.24 100.89 21.90 29.64 102.04
US SUSQUEHANNA-1 41.093 -76.143 BWR 0 3952 101.90 99.36 8.48 58.01 101.09 85.12 97.61 99.40 97.33 101.54 86.87 102.15
US SUSQUEHANNA-2 41.092 -76.143 BWR 0 3952 102.28 101.63 102.04 94.11 83.02 99.13 96.63 97.42 96.36 38.46 102.07 102.47
US THREEMILEISLAND-1 40.154 -76.727 BWR 0 2568 108.55 108.68 107.61 106.97 106.05 104.78 103.80 104.32 105.84 107.06 94.28 101.70
US TURKEYPOINT-3 25.435 -80.330 PWR 0 2644 102.94 104.72 14.61 63.58 102.89 101.82 101.67 99.41 101.52 102.68 104.58 104.29
US TURKEYPOINT-4 25.435 -80.329 PWR 0 2644 105.13 96.57 104.73 103.43 90.00 101.48 101.73 100.48 101.52 92.08 0.00 66.30
US VERMONTYANKEE 42.779 -72.514 PWR 0 1912 101.03 100.11 105.56 114.57 116.06 121.27 101.24 98.26 99.22 102.69 95.41 103.33
US SUMMER-1 34.299 -81.314 PWR 0 2900 102.21 102.23 102.38 102.29 98.91 99.02 99.73 100.00 100.38 40.62 17.43 101.62
US VOGTLE-1 33.143 -81.760 PWR 0 3626 102.20 102.28 102.08 72.84 101.12 99.05 100.12 99.87 52.02 0.03 99.94 100.59
US VOGTLE-2 33.142 -81.760 PWR 0 3626 102.71 51.14 64.08 96.90 101.39 100.71 100.27 84.08 96.07 101.26 102.03 102.17
US WATERFORD-3 29.994 -90.471 PWR 0 3716 101.77 101.70 101.55 101.90 101.44 100.45 99.50 97.53 98.96 100.06 84.09 10.44
US WATTSBAR-1 35.601 -84.789 PWR 0 3459 103.50 94.60 100.81 101.69 96.67 12.95 96.98 83.48 31.70 0.00 0.00 94.61
US WOLFCREEK 38.239 -95.691 PWR 0 3565 102.16 102.18 102.29 102.08 101.82 100.84 100.28 100.27 100.94 17.86 66.76 102.30
