AR ATUCHA-1 -33.967 -59.209 PHWR 0 1179 98.70 80.78 76.40 100.71 101.68 101.60 101.28 73.34 93.04 100.67 93.77 89.13
AR EMBALSE -32.232 -64.442 PHWR 0 2015 98.96 98.75 98.97 92.71 0.00 72.36 93.35 93.96 99.83 98.72 99.38 99.26
AM ARMENIAN-2 40.181 44.147 PWR 0 1375 91.76 88.39 82.15 56.08 70.74 85.32 78.85 0.00 0.00 59.08 92.48 93.61
BE DOEL-1 51.323 4.259 PWR 0 1311 102.76 102.48 102.62 102.13 100.25 73.05 82.05 81.76 100.14 92.59 0.54 100.05
BE DOEL-2 51.323 4.259 PWR 0 1311 102.87 102.76 102.83 98.36 18.88 0.00 56.72 87.94 98.59 100.38 101.77 99.88
BE DOEL-3 51.325 4.257 PWR 1 3054 100.81 100.89 100.02 10.16 99.39 96.97 97.31 91.58 97.19 98.39 98.04 92.22
BE DOEL-4 51.325 4.257 PWR 0 2988 97.42 99.41 99.61 98.97 96.65 98.34 94.97 36.50 22.03 99.42 99.60 99.76
BE TIHANGE-1 50.533 5.271 PWR 0 2873 104.01 25.89 7.94 99.64 99.63 97.53 97.05 94.13 97.96 82.15 100.38 101.03
BE TIHANGE-2 50.533 5.271 PWR 1 3064 102.19 102.13 101.58 100.39 57.74 97.68 97.85 96.44 98.39 99.55 100.11 101.05
BE TIHANGE-3 50.532 5.271 PWR 0 3000 99.99 101.03 100.70 100.64 99.25 98.26 96.60 95.75 73.44 7.28 98.60 98.03
BR ANGRA-1 -23.008 -44.457 PWR 0 1882 78.21 76.54 78.13 76.24 78.21 78.19 22.54 49.50 78.17 78.24 78.09 78.16
BR ANGRA-2 -23.007 -44.458 PWR 0 3764 96.45 82.66 31.30 53.69 30.36 52.15 75.95 79.22 97.18 70.55 74.25 0.00
BG KOZLODUY-3 43.747 23.770 PWR 0 1375 102.48 60.60 80.36 102.03 100.20 71.00 0.36 4.71 35.95 97.28 98.50 94.16
BG KOZLODUY-4 43.747 23.770 PWR 0 1375 92.90 99.57 99.54 100.48 78.90 0.00 52.88 66.39 95.10 98.81 100.38 100.54
BG KOZLODUY-5 43.747 23.770 PWR 0 3000 97.44 72.79 31.12 0.00 0.00 10.31 56.92 47.18 85.10 96.64 97.98 98.24
BG KOZLODUY-6 43.746 23.771 PWR 0 3000 99.81 99.89 94.23 85.06 71.69 69.49 71.32 62.58 0.00 0.00 8.46 96.52
CA BRUCE-3 44.341 -81.572 PHWR 0 2832 6.41 17.74 71.67 96.92 95.29 94.83 96.41 87.40 96.92 98.56 44.61 95.95
CA BRUCE-4 44.342 -81.572 PHWR 0 2832 91.74 95.69 63.56 99.92 68.32 1.81 78.25 98.29 98.50 99.76 88.18 100.24
CA BRUCE-5 44.320 -81.588 PHWR 0 2832 98.48 77.73 100.39 100.29 100.30 100.02 99.58 98.78 56.64 0.00 86.63 99.22
CA BRUCE-6 44.319 -81.588 PHWR 0 2690 99.11 100.00 100.12 101.56 100.90 101.07 100.69 86.79 34.76 0.00 0.00 82.98
CA BRUCE-7 44.319 -81.588 PHWR 0 2832 100.55 100.75 100.89 100.16 100.06 99.62 99.46 99.06 57.39 54.20 99.95 99.71
CA BRUCE-8 44.318 -81.588 PHWR 0 2690 6.92 100.13 99.66 90.88 99.89 99.35 96.77 98.29 38.48 65.18 89.77 100.48
CA DARLINGTON-1 43.867 -78.724 PHWR 0 2776 98.46 28.71 37.16 0.00 37.03 99.16 97.62 97.13 95.40 98.81 78.32 98.93
CA DARLINGTON-2 43.867 -78.724 PHWR 0 2776 85.99 48.67 72.32 99.74 97.68 99.17 96.06 97.27 95.28 98.83 98.97 99.65
CA DARLINGTON-3 43.866 -78.724 PHWR 0 2776 98.52 98.84 99.06 99.55 96.10 99.33 94.08 96.67 95.51 2.82 44.15 99.84
CA DARLINGTON-4 43.866 -78.724 PHWR 0 2776 98.27 100.36 100.67 100.46 100.18 99.97 83.78 89.45 95.09 98.88 68.18 99.84
CA GENTILLY-2 46.394 -72.355 PHWR 0 2156 98.60 99.04 99.02 98.28 21.74 96.72 96.38 96.22 96.58 97.38 97.30 53.65
CA PICKERING-4 43.811 -79.067 PHWR 0 1744 90.77 101.52 89.57 52.38 15.31 96.00 63.43 84.13 85.84 93.56 71.15 25.33
CA PICKERING-5 43.811 -79.065 PHWR 0 1744 99.72 99.57 99.85 98.96 98.79 97.88 95.80 97.09 50.61 87.84 75.71 98.58
CA PICKERING-6 43.811 -79.064 PHWR 0 1744 0.00 25.15 0.37 0.00 55.52 99.82 72.77 88.15 96.82 98.32 99.01 99.57
CA PICKERING-7 43.810 -79.063 PHWR 0 1744 98.23 99.90 100.03 99.94 99.24 99.86 98.68 98.81 16.01 0.00 0.00 14.38
CA PICKERING-8 43.810 -79.062 PHWR 0 1744 81.10 84.83 65.87 0.00 0.00 0.00 5.36 48.05 84.16 92.33 99.06 99.08
CA POINTLEPREAU 45.068 -66.455 PHWR 0 2180 94.93 94.51 94.38 93.56 0.00 61.81 84.75 93.09 93.44 30.30 93.48 93.09
CN DAYABAY-1 22.599 114.544 PWR 0 2905 101.57 104.85 104.56 104.46 103.65 102.95 102.98 103.21 99.22 0.00 60.40 104.59
CN DAYABAY-2 22.599 114.544 PWR 0 2905 102.45 104.09 104.08 79.94 0.00 0.00 14.73 102.02 102.86 103.18 103.63 104.34
CN LINGAO-1 22.606 114.550 PWR 0 2905 95.60 56.92 8.76 101.15 100.90 100.13 99.95 100.12 100.01 100.32 100.90 102.42
CN LINGAO-2 22.605 114.550 PWR 0 2905 0.00 36.23 99.85 101.23 100.70 100.10 99.93 100.24 100.61 100.88 100.99 30.27
CN QINSHAN-1 30.440 120.950 PWR 0 966 96.76 103.19 103.17 103.08 103.03 102.13 99.80 99.17 101.60 100.99 102.21 101.91
CN QINSHAN2-1 30.421 120.945 PWR 0 1930 103.75 103.18 0.15 0.05 65.01 101.73 100.20 99.50 101.41 102.84 103.51 103.78
CN QINSHAN2-2 30.421 120.946 PWR 0 1930 0.00 0.00 27.49 37.70 101.51 98.35 100.11 99.09 99.31 103.05 83.14 98.72
CN QINSHAN3-1 30.436 120.961 PHWR 0 2064 94.51 103.69 103.48 0.02 0.00 65.97 98.68 83.84 100.44 102.11 102.95 70.67
CN QINSHAN3-2 30.435 120.961 PHWR 0 2064 100.76 85.21 101.19 100.97 83.62 83.87 93.77 86.81 97.88 99.47 100.34 67.03
TW CHINSHAN-1 25.292 121.567 BWR 0 1840 74.48 0.00 59.56 100.72 100.03 99.00 97.55 95.77 98.48 97.49 100.09 100.39
TW CHINSHAN-2 25.292 121.568 BWR 0 1840 101.93 102.30 102.05 94.84 100.34 99.54 97.67 96.85 99.33 98.60 101.28 92.35
TW KUOSHENG-1 25.203 121.662 BWR 0 2943 82.06 99.87 100.29 99.27 99.56 98.11 96.60 95.16 27.77 8.16 99.22 100.25
TW KUOSHENG-2 25.203 121.662 BWR 0 2943 92.05 97.68 52.43 0.07 81.36 97.09 95.61 79.94 96.42 88.81 98.02 56.96
TW MAANSHAN-1 21.959 120.753 PWR 0 2822 100.84 100.80 100.54 100.21 99.61 95.57 97.40 99.39 99.28 91.29 0.00 57.10
TW MAANSHAN-2 21.959 120.754 PWR 0 2822 103.41 101.27 102.13 101.74 101.09 101.01 100.63 100.50 100.32 99.97 100.22 97.75
CZ DUKOVANY-1 49.089 16.149 PWR 0 1444 102.23 102.57 102.27 101.96 24.57 95.78 100.23 98.62 48.65 25.26 102.91 103.12
CZ DUKOVANY-2 49.089 16.149 PWR 0 1444 101.88 100.29 102.16 77.42 0.00 38.06 99.47 98.93 100.58 100.66 102.20 102.28
CZ DUKOVANY-3 49.089 16.149 PWR 0 1444 101.93 102.37 37.55 47.50 100.79 100.17 99.80 99.62 99.93 100.92 101.95 102.60
CZ DUKOVANY-4 49.088 16.149 PWR 0 1444 102.55 102.35 102.07 101.73 101.85 100.77 100.28 100.15 101.68 89.66 1.06 100.44
CZ TEMELIN-1 49.181 14.377 PWR 0 3120 100.34 100.98 100.97 52.61 0.00 0.00 51.53 89.02 63.04 78.92 101.87 82.91
CZ TEMELIN-2 49.181 14.377 PWR 0 3120 99.71 20.47 0.00 64.45 90.04 42.95 100.72 101.01 98.53 101.60 102.01 86.66
FI LOVIISA-1 60.372 26.342 PWR 0 1500 101.21 101.30 101.33 101.35 100.62 98.68 68.71 0.00 64.69 101.02 100.76 101.75
FI LOVIISA-2 60.371 26.343 PWR 0 1500 101.88 101.86 101.55 102.02 100.97 100.59 97.52 93.75 19.05 99.36 100.72 101.95
FI OLKILUOTO-1 61.235 21.444 BWR 0 2500 101.24 101.05 93.87 100.78 47.36 99.51 96.30 98.85 99.38 100.45 101.07 101.09
FI OLKILUOTO-2 61.235 21.445 BWR 0 2500 101.10 101.34 101.08 98.89 74.74 88.06 98.13 88.24 99.03 99.69 100.71 101.00
FR BELLEVILLE-1 47.511 2.871 PWR 0 3817 90.64 99.21 94.72 95.67 95.06 92.53 92.44 0.00 45.98 89.48 91.98 82.37
FR BELLEVILLE-2 47.510 2.871 PWR 0 3817 85.59 91.74 92.55 89.10 90.15 78.67 88.20 86.20 90.52 76.41 99.35 95.81
FR BLAYAIS-1 45.256 -0.691 PWR 1 2785 90.68 96.01 94.54 63.69 0.00 25.15 82.60 91.33 93.95 92.32 94.58 97.82
FR BLAYAIS-2 45.256 -0.691 PWR 1 2785 100.36 105.12 105.08 101.01 101.96 90.33 4.71 40.09 81.02 77.70 101.26 104.91
FR BLAYAIS-3 45.256 -0.690 PWR 0 2785 97.05 101.35 101.33 96.50 100.48 94.64 95.93 82.71 23.05 0.00 0.00 80.58
FR BLAYAIS-4 45.256 -0.690 PWR 0 2785 96.26 97.81 88.86 96.61 86.19 0.00 74.36 77.68 83.67 94.22 96.88 91.66
FR BUGEY-2 45.798 5.267 PWR 0 2785 93.75 99.70 99.91 94.19 92.01 94.47 85.04 93.59 95.88 92.93 99.76 99.16
FR BUGEY-3 45.798 5.268 PWR 0 2785 0.00 65.27 95.86 94.66 92.86 93.23 88.26 85.63 77.31 84.71 94.70 95.63
FR BUGEY-4 45.800 5.267 PWR 0 2785 97.26 98.07 98.49 88.32 17.16 0.00 81.19 92.11 94.06 88.25 95.33 96.49
FR BUGEY-5 45.800 5.268 PWR 0 2785 92.26 90.85 96.49 93.30 92.72 92.21 93.34 56.62 0.00 0.00 10.69 96.64
FR CATTENOM-1 49.416 6.217 PWR 0 3817 84.48 96.22 94.32 90.24 86.04 75.00 72.45 83.44 84.91 82.80 93.87 83.08
FR CATTENOM-2 49.416 6.217 PWR 0 3817 84.63 87.17 30.28 0.00 10.31 72.10 92.59 31.56 71.25 98.11 97.97 99.14
FR CATTENOM-3 49.415 6.217 PWR 0 3817 70.03 0.00 1.54 96.54 99.44 98.10 97.82 96.97 98.39 99.59 100.53 100.94
FR CATTENOM-4 49.415 6.217 PWR 0 3817 98.67 98.97 95.26 86.49 95.84 96.62 95.50 35.66 0.00 87.34 89.54 98.06
FR CHINONB-1 47.230 0.168 PWR 1 2785 94.35 95.52 88.57 92.20 94.43 87.46 40.56 14.56 94.01 94.80 52.97 95.88
FR CHINONB-2 47.229 0.168 PWR 1 2785 95.73 71.09 96.43 92.09 92.59 89.88 92.88 79.12 27.88 0.00 90.42 97.20
FR CHINONB-3 47.224 0.171 PWR 1 2785 70.40 94.49 90.44 93.72 88.99 10.00 34.15 81.33 79.48 73.78 80.95 75.97
FR CHINONB-4 47.224 0.171 PWR 1 2785 95.13 87.33 46.26 0.00 22.60 44.48 81.93 90.75 91.70 90.50 91.09 89.95
FR CHOOZB-1 50.089 4.791 PWR 0 4270 86.88 15.82 34.33 95.26 98.83 93.86 96.25 89.89 97.53 92.66 88.31 79.59
FR CHOOZB-2 50.089 4.791 PWR 0 4270 99.34 99.64 93.23 62.89 0.00 77.86 96.60 81.12 24.56 88.75 97.76 94.96
FR CIVAUX-1 46.457 0.654 PWR 0 4270 100.50 95.54 100.60 97.29 91.20 47.15 11.51 89.34 99.04 100.08 101.38 97.47
FR CIVAUX-2 46.457 0.655 PWR 0 4270 99.04 100.10 100.17 98.94 93.16 97.88 92.39 38.76 50.41 98.06 99.86 100.68
FR CRUAS-1 44.634 4.757 PWR 0 2785 95.40 10.06 63.61 0.00 48.57 84.56 92.70 92.22 94.46 93.80 98.02 97.83
FR CRUAS-2 44.633 4.757 PWR 0 2785 92.93 95.99 97.23 95.40 96.21 92.48 90.79 15.72 18.96 95.90 96.75 99.04
FR CRUAS-3 44.633 4.757 PWR 0 2785 95.90 95.87 84.77 79.20 0.00 0.00 0.00 17.03 95.86 96.37 96.05 100.27
FR CRUAS-4 44.632 4.757 PWR 0 2785 94.68 96.75 101.09 100.80 96.52 89.31 95.99 91.66 80.95 1.66 4.13 98.52
FR DAMPIERRE-1 47.732 2.513 PWR 1 2785 95.74 93.35 11.25 80.03 83.39 77.92 86.39 79.53 79.40 71.58 88.31 89.44
FR DAMPIERRE-2 47.732 2.514 PWR 1 2785 98.02 86.12 24.73 97.80 97.14 95.55 22.93 52.49 96.07 96.62 91.17 62.79
FR DAMPIERRE-3 47.732 2.515 PWR 1 2785 98.31 99.97 99.71 98.53 98.79 97.29 85.57 0.00 78.71 98.59 99.65 100.49
FR DAMPIERRE-4 47.732 2.516 PWR 1 2785 96.04 93.19 68.32 0.00 0.00 0.00 21.95 32.08 94.08 95.68 97.39 97.82
FR FESSENHEIM-1 47.903 7.564 PWR 0 2785 72.19 0.00 0.00 0.00 0.00 0.00 51.26 92.05 96.13 69.66 95.99 98.00
FR FESSENHEIM-2 47.903 7.565 PWR 0 2785 97.27 94.04 96.20 92.37 89.97 85.29 78.99 88.22 87.43 87.65 86.55 89.43
FR FLAMANVILLE-1 49.537 -1.881 PWR 0 3817 90.55 92.24 95.61 89.85 89.66 85.53 93.67 89.43 91.18 83.96 93.81 96.37
FR FLAMANVILLE-2 49.537 -1.881 PWR 0 3817 94.09 66.69 0.00 0.00 0.00 60.83 95.03 91.67 92.21 94.75 95.57 79.29
FR GOLFECH-1 44.105 0.845 PWR 0 3817 83.34 15.16 27.62 94.80 92.10 83.24 89.72 89.82 90.57 92.86 88.47 93.36
FR GOLFECH-2 44.104 0.845 PWR 0 3817 84.59 91.75 88.60 89.97 85.15 29.54 0.00 0.00 4.99 86.40 91.85 87.89
FR GRAVELINES-1 51.014 2.138 PWR 1 2785 83.04 94.65 94.95 91.88 83.14 94.07 80.18 0.00 46.65 89.42 85.73 90.47
FR GRAVELINES-2 51.013 2.138 PWR 1 2785 95.34 98.98 99.70 65.80 72.88 0.00 39.36 88.99 89.53 79.39 83.06 88.61
FR GRAVELINES-3 51.013 2.138 PWR 1 2785 88.08 62.01 31.68 7.80 97.04 94.74 94.17 94.45 94.84 97.70 97.32 97.86
FR GRAVELINES-4 51.012 2.138 PWR 1 2785 96.16 95.44 92.54 94.32 95.20 94.41 97.35 92.43 7.93 47.46 69.68 98.55
FR GRAVELINES-5 51.012 2.138 PWR 0 2785 83.80 96.18 96.70 81.81 14.93 48.92 94.86 93.29 95.60 95.56 96.27 95.52
FR GRAVELINES-6 51.011 2.138 PWR 0 2785 97.45 99.81 99.96 95.13 101.51 101.75 101.03 98.42 85.61 1.46 65.28 94.85
FR NOGENT-1 48.517 3.520 PWR 0 3817 83.78 95.94 61.65 4.74 12.55 65.58 90.58 92.39 90.71 93.08 99.35 99.94
FR NOGENT-2 48.516 3.520 PWR 0 3817 96.04 92.40 87.52 92.22 84.67 27.94 0.00 2.12 89.84 93.29 93.70 99.07
FR PALUEL-1 49.857 0.635 PWR 0 3817 94.42 88.10 96.10 92.25 87.80 85.32 81.95 86.67 95.24 24.57 0.00 50.89
FR PALUEL-2 49.856 0.635 PWR 0 3817 88.76 85.39 95.06 90.58 84.83 68.02 33.44 57.53 95.02 94.70 93.85 95.93
FR PALUEL-3 49.856 0.635 PWR 0 3817 95.59 96.97 96.89 26.78 0.00 0.00 0.00 0.00 68.18 95.39 81.33 97.14
FR PALUEL-4 49.856 0.635 PWR 0 3817 87.58 94.92 90.91 96.16 81.48 54.67 0.00 0.00 0.00 47.16 92.37 90.18
FR PENLY-1 49.975 1.215 PWR 0 3817 88.96 90.72 93.08 86.12 87.88 86.00 85.79 86.11 89.31 93.54 94.75 96.23
FR PENLY-2 49.975 1.215 PWR 0 3817 88.70 35.78 0.00 0.00 4.59 87.40 87.47 85.28 90.44 93.90 80.46 86.74
FR PHENIX 44.1502 4.7000 FBR 1 345 98.43 40.05 76.82 99.38 88.02 96.08 87.98 23.21 0.00 0.00 0.00 47.22
FR ST.ALBAN-1 45.404 4.754 PWR 0 3817 94.45 73.89 91.85 96.46 88.41 76.96 68.32 66.08 91.84 97.72 98.83 91.32
FR ST.ALBAN-2 45.404 4.755 PWR 0 3817 86.92 94.70 92.94 85.06 86.89 81.35 84.80 85.36 82.96 95.85 97.52 97.73
FR ST.LAURENTB-1 47.721 1.581 PWR 1 2785 96.69 97.43 97.84 90.34 36.80 0.00 47.85 95.81 96.78 95.09 97.99 97.73
FR ST.LAURENTB-2 47.720 1.581 PWR 1 2785 0.00 83.07 88.19 84.96 80.73 76.65 80.64 89.27 93.17 95.43 97.01 97.76
FR TRICASTIN-1 44.330 4.733 PWR 1 2785 97.08 98.00 96.71 47.95 45.62 91.53 87.91 81.70 92.12 95.29 94.68 91.92
FR TRICASTIN-2 44.330 4.733 PWR 1 2785 82.22 87.78 94.74 86.91 59.31 80.53 70.52 72.24 52.34 0.00 66.88 96.55
FR TRICASTIN-3 44.331 4.733 PWR 1 2785 99.27 41.08 0.00 84.52 94.66 88.69 88.11 90.58 90.35 72.85 100.20 100.75
FR TRICASTIN-4 44.331 4.733 PWR 1 2785 99.16 97.79 99.25 94.91 36.02 0.00 0.00 0.00 0.00 88.98 99.21 91.21
DE BIBLIS-A 49.709 8.415 PWR 0 3517 82.27 61.92 100.49 99.53 98.81 97.91 95.27 94.62 97.44 98.97 100.41 100.03
DE BIBLIS-B 49.708 8.415 PWR 0 3733 99.63 93.66 99.03 95.90 19.52 0.00 74.64 91.68 96.08 97.72 99.10 98.91
DE BROKDORF 53.850 9.345 PWR 1 3900 98.52 99.01 98.56 98.97 97.66 94.28 84.12 33.35 98.67 99.73 99.77 99.58
DE BRUNSBUETTEL 53.891 9.202 BWR 0 2292 98.47 94.44 14.69 85.83 98.98 97.90 98.36 65.55 0.00 11.20 99.80 99.66
DE EMSLAND 52.471 7.322 PWR 0 3850 101.15 100.86 100.80 100.17 94.74 51.00 98.36 98.47 98.11 99.89 100.57 101.04
DE GRAFENRHEINFELD 49.984 10.186 PWR 1 3765 100.34 100.00 99.83 96.64 1.68 96.47 96.25 96.44 98.68 99.83 100.10 100.64
DE GROHNDE 52.033 9.412 PWR 1 3900 99.94 99.83 97.35 96.81 93.95 69.52 36.54 93.74 94.79 97.02 98.62 96.95
DE GUNDREMMINGEN-B 48.515 10.404 BWR 1 3840 100.58 99.53 93.77 70.50 36.92 98.73 98.91 98.13 96.29 100.18 100.03 101.02
DE GUNDREMMINGEN-C 48.515 10.404 BWR 1 3840 100.92 100.36 100.21 99.94 95.14 86.81 9.41 0.00 6.90 99.20 100.52 100.49
DE ISAR-1 48.607 12.296 BWR 0 2575 100.96 98.70 100.74 98.51 100.37 99.79 97.84 88.16 74.71 5.70 93.40 95.99
DE ISAR-2 48.607 12.296 PWR 1 3950 100.79 100.21 100.18 99.29 98.28 95.39 48.87 88.87 98.35 99.65 100.93 101.59
DE KRUEMMEL 53.410 10.410 BWR 0 3690 101.68 100.11 97.89 98.48 97.28 98.58 96.11 75.72 0.00 74.81 101.13 101.24
DE NECKARWESTHEIM-1 49.039 9.176 PWR 1 2497 98.44 95.70 98.33 96.69 79.45 8.95 77.59 93.43 91.37 94.02 97.70 99.09
DE NECKARWESTHEIM-2 49.039 9.176 PWR 0 3850 101.85 101.52 101.20 101.03 100.53 99.50 69.66 41.69 100.97 102.99 104.00 103.71
DE OBRIGHEIM 49.364 9.076 PWR 0 1050 89.50 99.94 99.72 93.24 92.91 99.30 95.44 80.90 88.99 24.31 94.20 85.21
DE PHILIPPSBURG-1 49.253 8.432 BWR 0 2575 99.31 97.89 60.96 68.00 0.00 72.25 89.59 95.19 97.01 97.14 98.69 97.35
DE PHILIPPSBURG-2 49.253 8.433 PWR 1 3950 100.09 99.77 50.69 87.90 97.87 97.25 94.47 58.63 30.88 97.51 97.96 97.62
DE UNTERWESER 53.429 8.477 PWR 1 3900 98.24 100.17 98.36 92.72 81.17 0.01 70.90 71.10 97.75 100.71 76.62 99.05
HU PAKS-1 46.574 18.855 PWR 0 1485 99.87 99.48 99.89 0.00 56.49 97.63 97.78 93.40 99.83 99.86 99.82 99.95
HU PAKS-2 46.574 18.856 PWR 0 1485 0.00 0.00 0.00 0.00 0.00 0.00 0.00 13.67 84.20 98.36 99.95 56.22
HU PAKS-3 46.574 18.857 PWR 0 1485 99.93 99.70 95.71 100.13 99.50 98.38 99.64 99.96 98.69 5.58 74.19 81.84
HU PAKS-4 46.574 18.858 PWR 0 1485 99.91 99.51 73.27 99.57 25.99 54.35 99.53 99.77 97.51 99.83 99.65 97.09
IN KAIGA-1 14.865 74.438 PHWR 0 801 80.08 70.66 47.92 71.19 77.61 77.47 73.18 61.87 82.63 88.87 89.08 89.22
IN KAIGA-2 14.865 74.438 PHWR 0 801 80.42 81.34 80.93 79.31 75.04 7.54 50.98 72.04 76.62 88.73 88.93 90.04
IN KAKRAPAR-1 21.236 73.351 PHWR 0 801 72.31 67.89 67.51 49.91 0.00 51.94 70.39 69.12 55.06 71.69 71.72 72.49
IN KAKRAPAR-2 21.235 73.351 PHWR 0 801 72.10 52.48 74.06 73.22 46.66 27.14 71.20 71.43 61.58 61.00 77.69 82.47
IN MADRAS-1 12.557 80.177 PHWR 0 801 0.00 0.00 0.00 0.00 0.00 0.00 0.00 0.00 0.00 0.00 0.00 0.00
IN MADRAS-2 12.557 80.177 PHWR 0 801 96.94 80.84 101.17 69.29 96.73 96.71 91.76 80.73 95.54 116.19 117.52 78.99
IN NARORA-1 28.156 78.409 PHWR 0 801 89.76 82.09 81.21 79.57 77.50 75.88 0.00 0.00 27.63 79.14 82.50 84.22
IN NARORA-2 28.155 78.409 PHWR 0 801 88.57 81.02 80.27 80.07 77.47 57.71 69.03 70.46 78.90 80.57 81.49 77.24
IN RAJASTHAN-1 24.876 75.608 PHWR 0 346 0.00 11.54 53.10 38.96 49.60 61.59 38.07 43.46 6.85 5.84 0.00 0.00
IN RAJASTHAN-2 24.876 75.609 PHWR 0 693 58.02 50.75 78.41 69.98 52.71 63.67 12.01 38.73 85.08 85.83 87.66 83.36
IN RAJASTHAN-3 24.872 75.619 PHWR 0 801 83.11 82.32 72.99 80.76 81.03 80.10 74.10 31.34 25.07 82.41 82.90 76.46
IN RAJASTHAN-4 24.872 75.619 PHWR 0 801 88.21 86.27 84.80 83.47 67.91 82.41 82.81 74.84 72.33 67.25 93.15 96.12
IN TARAPUR-1 19.834 72.657 BWR 0 530 96.53 91.20 98.44 98.40 95.10 96.25 95.47 87.60 95.54 93.17 59.89 38.78
IN TARAPUR-2 19.834 72.657 BWR 0 530 93.49 96.10 101.72 101.65 90.22 92.40 97.38 77.10 100.04 98.14 97.21 82.93
JP FUKUSHIMA-DAIICHI-1 37.422 141.031 BWR 0 1380 0.00 0.00 0.00 0.00 0.00 0.00 0.00 0.00 0.00 0.00 0.00 0.00
JP FUKUSHIMA-DAIICHI-2 37.422 141.032 BWR 0 2381 0.00 0.00 0.00 68.42 98.99 99.06 99.05 99.08 86.69 0.00 86.02 23.00
JP FUKUSHIMA-DAIICHI-3 37.422 141.033 BWR 0 2381 100.31 100.24 100.31 100.21 100.15 99.98 99.56 14.21 0.00 0.00 0.00 0.00
JP FUKUSHIMA-DAIICHI-4 37.422 141.034 BWR 0 2381 0.00 0.00 27.34 99.64 99.67 99.37 99.58 99.65 99.71 99.62 99.79 24.83
JP FUKUSHIMA-DAIICHI-5 37.429 141.031 BWR 0 2381 99.29 99.18 99.28 99.40 99.28 99.21 98.96 98.83 98.58 64.84 27.70 0.00
JP FUKUSHIMA-DAIICHI-6 37.429 141.031 BWR 0 3293 0.00 0.00 0.00 0.00 0.00 0.00 0.00 0.00 0.00 0.00 79.18 60.53
JP FUKUSHIMA-DAINI-1 37.315 141.024 BWR 0 3293 99.77 85.94 99.62 99.58 99.46 99.37 98.90 98.18 84.11 0.00 0.00 0.00
JP FUKUSHIMA-DAINI-2 37.315 141.025 BWR 0 3293 0.00 0.00 0.00 0.00 0.00 0.00 0.00 4.97 99.93 100.23 100.30 100.33
JP FUKUSHIMA-DAINI-3 37.315 141.026 BWR 0 3293 0.00 0.00 80.14 100.02 99.87 99.85 99.46 99.11 98.95 99.23 99.49 1.17
JP FUKUSHIMA-DAINI-4 37.315 141.027 BWR 0 3293 0.00 0.00 0.00 0.00 0.00 0.00 0.00 0.00 0.00 0.00 85.39 100.02
JP GENKAI-1 33.518 129.837 PWR 0 1650 103.19 103.15 103.20 103.27 102.70 102.74 101.90 101.65 101.89 102.27 102.67 102.83
JP GENKAI-2 33.517 129.837 PWR 0 1650 104.04 104.07 45.47 0.00 20.55 103.16 102.41 102.18 102.45 103.08 103.42 103.72
JP GENKAI-3 33.517 129.837 PWR 0 3423 102.90 102.53 102.90 44.39 0.00 15.06 102.21 102.23 102.47 102.81 103.08 103.04
JP GENKAI-4 33.516 129.837 PWR 0 3423 0.00 29.73 102.18 102.23 102.08 101.94 101.87 101.85 58.82 101.80 102.32 102.40
JP HAMAOKA-1 34.6202 138.1516 BWR 0 1593 0.00 0.00 0.00 0.00 0.00 0.00 0.00 0.00 0.00 0.00 0.00 0.00
JP HAMAOKA-2 34.6202 138.1516 BWR 0 2436 99.22 63.52 0.00 0.00 0.00 0.00 0.00 0.00 0.00 0.00 0.00 0.00
JP HAMAOKA-3 34.620 138.141 BWR 0 3293 101.39 101.33 101.33 101.15 100.95 100.57 100.28 100.03 100.05 100.22 100.57 100.77
JP HAMAOKA-4 34.620 138.141 BWR 0 3293 100.65 100.66 100.55 100.40 100.36 100.10 99.83 99.54 93.03 0.00 0.00 16.86
JP HAMAOKA-5 34.619 138.141 BWR 0 3926 0.00 0.00 0.00 1.78 8.26 30.31 59.19 90.66 37.64 11.37 69.19 75.67
JP IKATA-1 33.491 132.309 PWR 0 1650 102.31 102.40 102.44 102.36 100.39 101.60 100.51 100.30 13.16 0.00 0.00 0.00
JP IKATA-2 33.491 132.310 PWR 0 1650 102.49 102.54 102.48 68.03 0.00 0.00 56.73 99.13 98.35 98.57 99.19 90.03
JP IKATA-3 33.491 132.312 PWR 0 2660 105.69 105.76 105.68 105.74 105.62 105.53 105.13 104.77 104.57 104.66 105.43 105.65
JP KASHIWAZAKIKARIWA-1 37.434 138.598 BWR 0 3293 0.00 0.00 0.00 70.89 100.64 91.54 65.40 99.47 100.02 100.41 100.81 100.89
JP KASHIWAZAKIKARIWA-2 37.434 138.598 BWR 0 3293 0.00 0.00 0.00 0.00 0.00 0.00 92.13 99.56 99.99 100.43 100.65 100.76
JP KASHIWAZAKIKARIWA-3 37.433 138.598 BWR 0 3293 0.00 0.00 0.00 35.06 100.43 100.22 99.80 99.60 99.93 100.12 100.27 100.40
JP KASHIWAZAKIKARIWA-4 37.433 138.598 BWR 0 3293 100.65 100.49 100.61 100.63 100.62 100.21 99.60 18.55 0.00 0.00 0.00 0.00
JP KASHIWAZAKIKARIWA-5 37.432 138.598 BWR 0 3293 0.00 0.00 0.00 0.00 81.02 100.46 99.87 99.60 99.97 100.42 100.45 100.71
JP KASHIWAZAKIKARIWA-6 37.432 138.598 BWR 0 3926 103.70 100.88 101.93 102.59 103.38 102.80 27.85 0.00 0.00 49.46 103.10 103.45
JP KASHIWAZAKIKARIWA-7 37.431 138.598 BWR 0 3926 35.62 102.91 102.56 103.06 102.81 101.81 102.00 101.47 101.72 101.57 65.30 102.23
JP MIHAMA-1 35.701 135.962 PWR 0 1031 42.82 0.00 94.93 104.23 103.25 101.57 100.15 99.74 15.49 0.00 0.00 85.95
JP MIHAMA-2 35.701 135.962 PWR 0 1456 102.44 102.25 102.35 102.18 102.12 100.71 98.87 40.50 0.00 0.00 1.54 101.65
JP MIHAMA-3 35.703 135.961 PWR 0 2440 104.66 104.77 104.83 104.80 103.97 102.56 100.99 28.04 0.00 0.00 0.00 0.00
JP OHI-1 35.544 135.652 PWR 0 3423 102.22 102.24 102.27 102.24 101.84 9.53 0.43 98.47 77.77 47.98 101.87 102.44
JP OHI-2 35.543 135.652 PWR 0 3423 103.48 27.95 21.82 103.74 103.37 102.46 101.36 101.03 49.55 101.84 102.69 103.15
JP OHI-3 35.542 135.652 PWR 0 3423 102.40 102.31 102.28 64.27 0.00 0.00 0.00 0.00 0.00 0.00 0.00 0.00
JP OHI-4 35.542 135.652 PWR 0 3423 103.25 103.27 103.22 103.07 102.93 102.90 102.35 42.15 61.08 0.00 83.68 102.12
JP ONAGAWA-1 38.400 141.504 BWR 0 1593 99.92 99.96 100.24 100.34 100.26 100.03 100.07 99.73 22.47 0.00 0.00 0.00
JP ONAGAWA-2 38.401 141.504 BWR 0 2436 100.80 100.83 100.84 101.07 100.98 100.91 100.80 100.56 100.38 100.24 100.24 100.64
JP ONAGAWA-3 38.401 141.504 BWR 0 2436 103.45 103.32 103.27 103.50 101.42 27.74 0.00 0.13 67.54 102.83 103.06 103.30
JP SENDAI-1 31.834 130.193 PWR 0 2660 102.28 102.27 102.29 102.36 102.21 101.92 101.54 39.00 0.00 24.55 102.12 102.14
JP SENDAI-2 31.834 130.193 PWR 0 2660 103.18 103.07 103.14 103.24 103.15 102.85 102.45 102.23 102.46 102.51 64.81 0.00
JP SHIKA-1 37.061 136.728 BWR 0 1593 102.45 102.59 102.56 102.48 102.22 93.23 100.93 100.36 31.86 0.00 14.38 102.22
JP SHIMANE-1 35.537 132.999 BWR 0 1380 102.54 103.04 102.90 102.91 102.28 102.02 101.12 101.01 101.38 101.79 102.17 102.32
JP SHIMANE-2 35.537 133.000 BWR 0 2436 100.66 101.22 55.18 34.14 100.60 99.91 99.36 99.10 19.36 0.00 0.00 0.00
JP TAKAHAMA-1 35.520 135.503 PWR 0 2440 105.18 105.20 105.36 34.64 0.00 42.83 104.03 103.71 53.56 104.46 104.96 105.00
JP TAKAHAMA-2 35.520 135.503 PWR 0 2440 105.01 105.01 104.89 105.03 104.77 104.23 98.94 42.46 83.44 98.05 104.49 56.93
JP TAKAHAMA-3 35.521 135.503 PWR 0 2660 0.00 0.00 76.09 104.77 104.33 104.04 103.79 60.04 57.71 103.58 104.15 104.38
JP TAKAHAMA-4 35.521 135.503 PWR 0 2660 105.39 105.20 105.35 105.57 105.25 104.96 104.63 33.09 0.00 7.69 104.76 104.85
JP TOKAI-2 36.466 140.614 BWR 0 3293 97.63 0.00 0.00 14.17 101.30 101.42 101.15 101.18 101.19 101.34 101.56 101.58
JP TOMARI-1 43.038 140.515 PWR 0 1650 101.93 102.00 102.03 102.14 102.34 102.28 101.61 41.76 0.00 0.00 84.17 101.54
JP TOMARI-2 43.038 140.516 PWR 0 1650 102.87 102.93 75.79 0.00 0.00 64.67 102.18 101.45 101.78 102.33 102.84 102.96
JP TSURUGA-1 35.672 136.079 BWR 0 1070 92.00 101.10 101.07 101.09 100.90 49.75 99.71 99.29 56.01 13.62 100.57 100.99
JP TSURUGA-2 35.673 136.080 PWR 0 3411 101.32 101.29 101.33 101.92 101.76 101.52 101.08 100.84 101.07 101.00 101.00 44.29
KR KORI-1 35.321 129.295 PWR 0 1729 103.82 90.29 32.25 103.99 103.67 103.33 103.49 102.53 86.51 103.16 103.45 103.27
KR KORI-2 35.321 129.296 PWR 0 1882 105.66 105.68 105.80 105.89 105.90 105.98 106.14 105.30 105.27 105.68 106.21 79.20
KR KORI-3 35.321 129.297 PWR 0 2912 51.99 4.63 88.50 108.30 108.34 108.28 108.31 103.39 106.84 107.67 108.03 108.10
KR KORI-4 35.321 129.298 PWR 0 2912 108.44 108.38 108.43 108.43 108.44 108.33 108.44 106.31 0.00 54.63 97.04 108.32
KR HANUL-1 37.093 129.393 PWR 0 2785 103.77 103.74 103.80 103.10 96.65 102.56 100.11 101.88 102.38 53.63 27.17 102.77
KR HANUL-2 37.093 129.394 PWR 0 2775 103.66 103.33 103.07 95.01 21.96 49.68 101.50 100.81 100.70 96.69 100.55 100.60
KR HANUL-3 37.093 129.395 PWR 0 2825 103.49 103.51 103.62 28.20 57.06 104.25 4.59 103.90 103.86 103.80 103.86 103.83
KR HANUL-4 37.093 129.396 PWR 0 2825 103.65 103.87 103.70 95.55 103.65 103.84 94.76 103.38 103.31 103.68 103.89 103.85
KR HANUL-5 37.093 129.397 PWR 0 2815 13.20 32.40 0.00 0.00 19.97 40.85 10.09 103.35 104.24 104.17 101.09 94.34
KR WOLSONG-1 35.710 129.476 PHWR 0 2061 103.08 102.50 100.73 102.88 12.04 72.33 91.25 102.28 102.88 100.12 101.39 101.69
KR WOLSONG-2 35.710 129.477 PHWR 0 2061 105.78 105.98 105.88 105.91 105.85 84.75 105.32 95.77 15.04 104.86 105.87 106.02
KR WOLSONG-3 35.710 129.478 PHWR 0 2061 105.60 105.60 105.59 105.62 89.87 103.24 104.25 103.11 103.66 104.41 91.85 42.68
KR WOLSONG-4 35.710 129.479 PHWR 0 2061 105.98 106.03 106.12 106.19 106.02 105.65 51.74 73.81 104.37 105.03 105.84 105.99
KR HANBIT-1 35.404 126.419 PWR 0 2787 105.89 105.48 105.78 105.90 105.48 104.38 103.70 102.77 103.91 10.39 34.90 105.83
KR HANBIT-2 35.403 126.419 PWR 0 2787 105.17 105.16 105.26 105.30 91.53 0.00 64.89 102.81 103.65 104.65 105.01 105.17
KR HANBIT-3 35.403 126.419 PWR 0 2825 104.77 104.70 104.64 104.52 104.17 103.95 98.21 102.87 103.36 1.09 64.63 105.00
KR HANBIT-4 35.402 126.419 PWR 0 2825 104.22 104.10 103.90 5.46 51.16 104.11 103.84 103.30 103.68 103.90 103.97 104.08
KR HANBIT-5 35.402 126.419 PWR 0 2825 0.00 0.00 0.00 0.00 104.46 104.42 75.09 103.78 104.21 104.76 104.79 90.23
KR HANBIT-6 35.401 126.419 PWR 0 2825 0.00 0.00 0.00 83.05 104.98 97.01 104.29 103.85 104.16 104.52 104.81 104.94
LT IGNALINA-1 55.6002 26.4798 LWGR 0 4800 92.73 86.95 78.36 7.17 97.46 103.74 82.40 101.02 103.40 103.66 106.34 97.68
LT IGNALINA-2 55.6002 26.4798 LWGR 0 4800 104.90 81.22 102.00 88.34 18.20 0.00 0.00 0.00 0.00 8.77 60.69 79.48
MX LAGUNAVERDE-1 19.719 -96.405 BWR 0 2027 94.62 84.18 78.16 25.34 0.00 19.52 84.63 93.24 75.57 92.48 93.56 95.06
MX LAGUNAVERDE-2 19.719 -96.404 BWR 0 2027 94.75 94.90 89.37 93.10 92.84 91.94 90.55 89.56 87.41 40.10 0.00 55.31
NL BORSSELE 51.431 3.719 PWR 0 1366 89.79 100.64 100.48 100.59 100.05 99.55 99.39 98.52 92.72 13.35 100.28 100.61
PK CHASNUPP-1 32.392 71.463 PWR 0 999 100.20 86.40 85.30 47.65 0.00 0.00 12.98 94.37 99.79 77.18 97.60 96.38
PK KANUPP 24.845 66.790 PHWR 0 337 3.76 10.08 14.83 13.46 7.02 10.77 12.38 25.92 18.98 25.06 26.36 31.03
RO CERNAVODA-1 44.322 28.061 PHWR 0 2180 100.31 100.17 90.19 99.03 100.70 99.62 98.41 85.51 0.03 97.20 100.15 100.00
RU BALAKOVO-1 52.092 47.952 PWR 0 3000 101.73 102.58 12.08 0.00 25.53 100.90 100.29 100.39 101.82 102.18 102.89 103.50
RU BALAKOVO-2 52.092 47.954 PWR 0 3000 99.93 102.55 103.84 102.22 30.20 0.00 93.64 99.28 101.73 101.14 71.73 101.12
RU BALAKOVO-3 52.093 47.956 PWR 0 3000 103.20 102.62 102.98 100.05 100.89 100.67 94.49 86.35 0.00 46.53 101.22 100.04
RU BALAKOVO-4 52.093 47.958 PWR 0 3200 95.93 102.41 93.21 101.93 102.28 66.08 0.00 59.79 98.39 102.26 97.55 92.13
RU BELOYARSK-3 56.842 61.319 FBR 0 1470 98.64 98.20 91.25 39.67 0.00 94.62 98.84 99.63 99.42 40.95 100.27 98.33
RU BILIBINO-1 68.059 166.492 LWGR 0 62 25.83 46.76 42.51 41.53 34.18 37.23 44.76 57.42 56.43 13.65 0.00 29.78
RU BILIBINO-2 68.059 166.493 LWGR 0 62 48.64 0.00 0.00 0.00 10.59 17.85 16.69 15.79 8.75 21.57 43.74 37.59
RU BILIBINO-3 68.059 166.494 LWGR 0 62 9.13 50.68 36.20 24.64 4.80 0.00 29.69 46.10 50.57 45.95 52.08 37.37
RU BILIBINO-4 68.059 166.495 LWGR 0 62 30.44 41.65 29.56 23.25 35.51 25.78 7.42 0.00 14.08 34.34 45.92 37.12
RU KALININ-1 57.903 35.057 PWR 0 3000 97.81 98.88 99.77 101.49 103.93 41.28 0.00 65.79 104.27 77.24 104.38 104.35
RU KALININ-2 57.904 35.059 PWR 0 3000 103.06 102.07 99.81 6.13 38.27 102.05 101.59 102.38 102.62 102.47 99.83 102.93
RU KALININ-3 57.905 35.061 PWR 0 3200 0.00 0.00 0.00 0.00 0.00 0.00 0.00 0.00 0.00 0.00 0.00 0.74
RU KOLA-1 67.467 32.491 PWR 0 1375 86.89 98.55 27.80 0.00 30.35 61.37 50.70 98.00 64.63 96.39 97.80 99.12
RU KOLA-2 67.467 32.492 PWR 0 1375 87.53 95.36 69.63 99.28 99.56 30.14 0.00 0.00 19.82 0.28 42.64 52.65
RU KOLA-3 67.467 32.493 PWR 0 1375 77.48 92.13 104.56 96.97 95.55 84.24 61.18 0.00 51.17 90.07 89.70 94.47
RU KOLA-4 67.467 32.494 PWR 0 1375 79.21 45.67 95.17 62.23 13.61 18.97 82.87 99.64 72.75 82.00 54.54 85.09
RU KURSK-1 51.674 35.607 LWGR 0 3200 100.49 100.87 99.92 10.27 11.35 67.94 94.27 95.82 96.70 97.38 99.72 99.72
RU KURSK-2 51.674 35.607 LWGR 0 3200 0.00 0.00 0.00 0.00 0.00 3.79 52.72 77.36 101.13 102.29 102.17 103.57
RU KURSK-3 51.673 35.607 LWGR 0 3200 99.97 101.43 100.01 98.24 101.60 19.26 21.59 98.74 100.38 100.68 82.21 93.89
RU KURSK-4 51.673 35.607 LWGR 0 3200 96.40 99.19 97.02 98.47 99.01 96.30 21.38 0.00 0.00 0.00 96.66 99.50
RU LENINGRAD-1 59.840 29.027 LWGR 0 3200 0.00 0.00 0.00 0.00 0.00 0.00 0.00 0.00 0.00 34.66 94.53 66.84
RU LENINGRAD-2 59.840 29.028 LWGR 0 3200 98.20 95.18 94.93 64.11 0.71 93.45 96.54 90.37 92.88 89.84 88.83 87.23
RU LENINGRAD-3 59.840 29.029 LWGR 0 3200 46.42 94.14 96.16 95.35 94.30 94.75 87.30 44.99 98.36 98.26 85.17 86.85
RU LENINGRAD-4 59.840 29.030 LWGR 0 3200 99.20 97.38 98.95 100.05 89.51 80.78 92.13 88.42 98.99 69.20 62.43 91.19
RU NOVOVORONEZH-3 51.274 39.206 PWR 0 1375 83.97 83.06 80.95 74.96 72.08 0.00 1.97 74.09 85.67 85.61 89.13 89.62
RU NOVOVORONEZH-4 51.274 39.206 PWR 0 1375 96.15 96.10 95.61 93.67 83.95 83.44 86.87 86.23 47.26 2.93 96.89 95.07
RU NOVOVORONEZH-5 52.381 39.211 PWR 0 3000 96.96 66.66 85.46 101.03 99.89 70.82 0.00 0.00 0.00 0.00 0.00 0.00
RU ROSTOV-1 47.599 42.373 PWR 0 3200 99.68 103.47 103.52 103.55 0.00 57.16 99.37 99.65 100.55 101.13 101.44 101.38
RU SMOLENSK-1 54.169 33.245 LWGR 0 3200 99.11 100.24 98.61 49.78 0.00 0.00 0.00 0.00 0.00 0.00 0.00 0.00
RU SMOLENSK-2 54.168 33.245 LWGR 0 3200 100.45 101.74 95.29 99.87 100.19 93.25 89.78 91.97 30.92 98.18 100.77 101.54
RU SMOLENSK-3 54.168 33.245 LWGR 0 3200 99.17 99.23 99.70 82.13 0.00 71.53 97.42 97.84 99.58 100.62 99.96 100.19
SK BOHUNICE-1 48.5001 17.6798 PWR 0 1375 91.17 81.84 0.00 68.83 80.92 86.23 85.73 88.37 87.28 87.20 91.83 80.95
SK BOHUNICE-2 48.5001 17.6798 PWR 0 1375 86.70 88.61 89.20 71.52 92.13 89.69 88.09 90.48 5.54 74.11 91.77 88.99
SK BOHUNICE-3 48.492 17.687 PWR 0 1471 88.81 78.66 80.74 80.80 89.83 88.01 0.00 0.00 83.73 89.17 91.77 89.49
SK BOHUNICE-4 48.492 17.687 PWR 0 1471 86.04 63.34 86.76 89.53 16.81 0.00 4.65 88.98 88.28 89.69 93.65 92.77
SK MOCHOVCE-1 48.261 18.455 PWR 0 1471 90.15 93.46 94.32 0.11 55.82 98.21 96.95 97.76 100.79 99.81 96.55 85.78
SK MOCHOVCE-2 48.260 18.455 PWR 0 1471 80.10 81.12 74.78 13.12 69.49 53.23 93.52 45.47 47.36 10.36 20.71 95.51
SI KRSKO 45.939 15.516 PWR 0 1994 99.61 99.36 99.30 95.13 97.45 94.36 93.93 85.98 9.27 84.21 98.99 94.74
ZA KOEBERG-1 -33.677 18.433 PWR 0 2775 99.60 99.49 44.15 0.00 83.23 95.08 95.30 95.19 82.64 75.57 99.40 99.73
ZA KOEBERG-2 -33.677 18.434 PWR 0 2775 98.92 100.08 100.16 100.20 99.00 100.11 100.21 100.04 100.29 99.93 100.02 99.73
ES ALMARAZ-1 39.807 -5.698 PWR 0 2947 99.85 99.85 99.57 99.59 99.00 97.50 96.03 97.19 97.42 99.26 99.52 99.86
ES ALMARAZ-2 39.807 -5.697 PWR 0 2947 88.45 99.84 99.69 99.69 99.31 97.83 97.50 97.13 97.34 10.26 98.88 100.03
ES ASCO-1 41.202 0.571 PWR 0 2954 99.63 99.56 99.44 99.60 95.32 98.05 97.59 95.15 7.39 72.76 98.82 97.72
ES ASCO-2 41.202 0.572 PWR 0 2941 98.84 88.53 28.21 59.85 98.35 92.07 96.98 96.69 97.17 66.61 73.17 51.08
ES COFRENTES 39.216 -1.051 BWR 0 3237 97.85 98.90 99.50 100.00 61.16 98.98 98.12 98.01 99.15 90.68 93.91 96.36
ES JOSECABRERA-1 40.3492 -1.1156 PWR 0 510 51.98 95.50 95.24 94.32 95.40 94.38 91.19 95.56 94.81 93.49 95.00 93.78
ES SANTAMARIADEGARONA 42.775 -3.205 BWR 0 1381 99.60 99.87 98.69 87.52 99.77 100.01 100.41 99.72 99.88 100.25 100.19 100.43
ES TRILLO-1 40.699 -2.622 PWR 0 3010 98.64 93.77 99.25 99.17 40.92 70.53 98.82 98.92 98.83 98.94 99.29 90.09
ES VANDELLOS-2 40.949 0.867 PWR 0 2941 99.61 98.35 80.64 99.57 99.20 98.06 97.33 84.21 96.71 97.62 83.58 99.68
SE BARSEBACK-2 55.7444 12.9208 BWR 0 1800 97.90 41.60 97.73 96.76 48.01 94.49 93.28 90.10 93.29 94.04 96.25 96.95
SE FORSMARK-1 60.405 18.168 BWR 0 2928 99.81 100.07 99.95 99.70 95.27 63.83 93.89 93.36 97.60 98.91 99.37 99.75
SE FORSMARK-2 60.405 18.170 BWR 0 3253 99.98 99.97 99.62 99.69 98.62 91.65 62.70 95.67 97.79 98.71 99.48 99.72
SE FORSMARK-3 60.407 18.155 BWR 0 3300 99.91 99.93 99.31 99.48 98.48 96.80 63.93 0.29 96.06 98.78 99.82 100.47
SE OSKARSHAMN-1 57.415 16.666 BWR 0 1375 97.33 95.63 101.42 101.16 94.43 80.45 6.06 61.87 99.90 100.79 100.75 96.41
SE OSKARSHAMN-2 57.415 16.667 BWR 0 1800 99.48 99.27 94.88 98.60 96.46 96.70 96.63 38.41 35.99 96.64 98.34 98.49
SE OSKARSHAMN-3 57.416 16.671 BWR 0 3900 99.89 100.03 99.80 99.59 70.31 58.07 98.24 96.15 98.90 99.16 97.32 90.35
SE RINGHALS-1 57.259 12.111 BWR 0 2540 101.07 100.90 100.49 100.23 98.62 94.25 96.47 17.29 64.95 98.99 100.06 101.12
SE RINGHALS-2 57.259 12.112 PWR 0 2500 99.33 99.27 99.10 98.62 85.91 7.83 95.48 82.64 96.40 96.53 98.54 98.98
SE RINGHALS-3 57.259 12.113 PWR 0 3135 101.12 101.15 99.00 97.81 45.26 98.02 85.69 96.26 97.70 99.40 98.35 100.80
SE RINGHALS-4 57.259 12.114 PWR 0 2775 99.47 99.59 99.56 98.71 96.71 95.00 94.40 87.50 16.06 91.11 98.49 98.84
CH BEZNAU-1 47.552 8.229 PWR 1 1130 100.77 100.76 100.70 100.57 86.92 0.00 59.79 97.76 98.92 99.81 100.64 100.91
CH BEZNAU-2 47.552 8.230 PWR 1 1130 100.40 100.41 100.30 100.28 99.98 99.13 96.70 64.92 98.53 99.41 100.15 100.30
CH GOESGEN 47.366 7.969 PWR 1 3002 101.56 101.34 100.87 100.38 95.48 31.33 98.96 98.71 99.43 97.46 101.02 101.40
CH LEIBSTADT 47.601 8.183 BWR 0 3600 100.59 100.66 100.41 99.79 91.58 97.65 95.60 14.50 23.88 93.37 100.69 100.98
CH MUEHLEBERG 46.969 7.266 BWR 0 1097 101.54 101.63 101.07 101.01 100.66 99.20 94.29 20.94 95.25 100.89 101.48 101.57
GB DUNGENESSA-1 50.913 0.962 GCR 0 840 94.01 90.87 93.17 44.90 0.00 0.00 0.42 76.32 87.68 57.69 91.82 91.24
GB DUNGENESSA-2 50.913 0.962 GCR 0 840 92.06 87.13 89.33 95.54 90.77 91.32 90.58 81.32 90.05 72.26 45.14 90.88
GB DUNGENESSB-1 50.913 0.962 GCR 0 1500 96.17 56.53 97.25 96.57 46.87 8.10 0.00 66.82 93.80 29.47 84.78 82.92
GB DUNGENESSB-2 50.912 0.962 GCR 0 1500 92.37 96.71 41.78 27.21 91.31 93.52 96.40 37.34 48.01 88.21 66.44 85.56
GB HARTLEPOOLA-1 54.634 -1.180 GCR 0 1500 93.33 75.76 99.26 98.82 62.67 0.00 0.00 0.00 0.00 0.00 0.00 9.96
GB HARTLEPOOLA-2 54.634 -1.180 GCR 0 1500 98.17 97.95 79.71 57.33 95.22 92.97 85.76 94.21 25.83 0.00 0.00 35.99
GB HEYSHAMA-1 54.029 -2.912 GCR 0 1500 0.00 39.62 91.49 98.38 99.75 98.38 98.12 75.60 3.28 0.04 0.00 21.14
GB HEYSHAMA-2 54.028 -2.912 GCR 0 1500 0.00 27.47 96.52 95.94 93.28 52.91 73.44 0.00 0.00 0.00 0.00 28.71
GB HEYSHAMB-1 54.028 -2.912 GCR 0 1550 98.89 99.35 88.93 99.79 65.24 42.49 19.03 12.47 99.43 93.76 99.92 83.22
GB HEYSHAMB-2 54.027 -2.912 GCR 0 1550 95.01 100.25 92.88 0.80 39.19 91.68 97.87 97.11 84.06 99.04 47.93 80.49
GB HINKLEYPOINTB-1 51.208 -3.131 GCR 0 1494 95.20 93.49 32.51 93.87 98.16 99.63 70.09 88.41 90.56 101.68 82.40 80.72
GB HINKLEYPOINTB-2 51.208 -3.131 GCR 0 1494 69.68 68.96 73.01 88.86 68.51 87.47 90.55 76.89 67.11 51.98 89.95 96.80
GB HUNTERSTONB-1 55.721 -4.893 GCR 0 1496 97.41 95.81 102.95 44.05 102.02 91.74 78.34 89.56 90.02 88.29 93.10 64.78
GB HUNTERSTONB-2 55.721 -4.893 GCR 0 1496 100.78 100.79 69.64 92.16 56.77 92.98 87.17 33.60 55.11 94.29 95.80 95.75
GB OLDBURYA-1 51.649 -2.567 GCR 0 730 98.58 97.62 99.19 96.95 65.54 0.00 0.00 0.00 0.00 0.00 0.00 0.00
GB OLDBURYA-2 51.649 -2.567 GCR 0 660 88.27 80.08 99.77 98.70 84.68 71.21 95.35 75.88 90.45 80.43 98.48 98.01
GB SIZEWELLA-1 52.215 1.623 GCR 0 1010 100.00 100.00 57.66 0.00 0.00 0.00 0.00 0.00 0.00 0.00 0.00 85.78
GB SIZEWELLA-2 52.215 1.623 GCR 0 1010 100.00 100.00 99.39 86.48 98.47 96.05 91.27 88.78 79.06 86.11 88.21 98.80
GB SIZEWELLB 52.215 1.623 PWR 0 3425 99.27 99.31 98.89 80.37 49.25 72.28 97.91 96.99 98.43 82.45 98.92 99.12
GB TORNESS-1 55.966 -2.399 GCR 0 1623 56.91 32.61 93.82 87.78 96.97 79.17 0.00 51.41 91.90 89.30 88.73 88.11
GB TORNESS-2 55.966 -2.399 GCR 0 1623 90.06 95.26 56.55 51.26 0.50 73.54 92.13 70.41 90.97 90.36 94.98 88.16
GB WYLFA-1 53.416 -4.480 GCR 0 1920 97.25 101.66 100.85 99.25 92.76 98.08 95.42 93.41 94.68 91.40 94.42 96.64
GB WYLFA-2 53.415 -4.480 GCR 0 1920 95.16 96.77 97.39 5.56 2.93 84.21 90.89 89.97 93.82 74.64 81.50 92.51
UA KHMELNITSKI-1 50.301 26.649 PWR 0 3000 101.26 101.48 75.32 0.00 0.00 77.08 99.87 100.54 80.03 98.39 94.64 80.91
UA KHMELNITSKI-2 50.301 26.647 PWR 0 3000 0.00 0.00 0.00 0.00 0.00 0.00 0.00 0.00 0.01 0.06 0.07 0.08
UA ROVNO-1 51.326 25.900 PWR 0 1375 92.75 105.86 102.54 30.21 52.27 94.55 80.45 98.69 96.43 99.88 101.09 77.22
UA ROVNO-2 51.326 25.901 PWR 0 1375 105.66 105.45 104.03 93.97 100.93 83.53 12.23 91.88 101.84 101.88 101.48 88.52
UA ROVNO-3 51.326 25.902 PWR 0 3000 100.47 100.25 73.74 91.57 98.70 97.67 94.75 96.10 83.16 0.00 33.00 94.02
UA ROVNO-4 51.326 25.903 PWR 0 3000 0.00 0.00 0.00 0.00 0.00 0.00 0.00 0.00 0.00 10.68 33.98 50.27
UA SOUTHUKRAINE-1 47.811 31.220 PWR 0 3000 95.31 101.69 99.28 91.82 98.38 79.19 88.80 94.27 81.00 0.00 77.62 98.78
UA SOUTHUKRAINE-2 47.811 31.220 PWR 0 3000 98.76 100.44 97.30 99.09 25.06 17.82 92.36 87.97 79.03 96.45 96.28 101.54
UA SOUTHUKRAINE-3 47.812 31.224 PWR 0 3000 66.82 100.41 95.62 96.98 97.30 97.77 15.46 4.36 80.59 99.99 99.47 101.13
UA ZAPOROZHYE-1 47.508 34.627 PWR 0 3000 98.66 100.07 100.50 32.98 0.00 56.90 96.95 97.77 99.45 101.08 89.78 95.99
UA ZAPOROZHYE-2 47.508 34.627 PWR 0 3000 100.09 96.25 96.47 98.06 88.54 73.50 0.00 58.74 98.87 100.34 91.67 97.87
UA ZAPOROZHYE-3 47.507 34.627 PWR 0 3000 99.51 94.19 90.84 63.61 88.50 79.97 95.01 94.96 56.80 0.00 43.76 99.47
UA ZAPOROZHYE-4 47.507 34.627 PWR 0 3000 0.00 68.13 95.57 15.24 87.08 92.98 97.94 97.74 92.77 100.32 100.55 90.64
UA ZAPOROZHYE-5 47.506 34.627 PWR 0 3000 101.49 100.81 98.90 100.13 98.69 97.10 86.48 0.00 38.03 99.75 90.51 70.98
UA ZAPOROZHYE-6 47.506 34.627 PWR 0 3000 102.23 44.25 5.44 101.42 85.84 77.64 99.27 99.29 100.75 102.26 94.66 73.56
US ANO-1 35.310 -93.230 PWR 0 2568 102.86 102.81 102.81 67.31 56.14 72.42 101.18 101.16 101.51 102.39 102.89 101.91
US ANO-2 35.310 -93.229 PWR 0 3026 101.51 88.93 101.29 101.00 100.72 100.37 100.16 96.69 90.47 94.48 101.14 101.27
US BEAVERVALLEY-1 40.624 -80.432 PWR 0 2900 101.99 102.93 96.75 102.00 101.71 101.71 101.03 101.37 101.65 53.61 43.48 103.11
US BEAVERVALLEY-2 40.624 -80.431 PWR 0 2900 101.68 101.98 101.80 98.16 97.70 100.25 97.64 99.60 99.44 100.84 101.52 101.97
US BRAIDWOOD-1 41.247 -88.230 PWR 0 3587 100.59 103.60 104.13 102.59 102.54 101.96 101.18 101.85 101.64 28.58 103.00 103.69
US BRAIDWOOD-2 41.247 -88.229 PWR 0 3587 101.31 104.28 104.23 104.05 103.19 101.99 102.10 102.52 102.43 103.87 104.16 98.11
US BROWNSFERRY-2 34.703 -87.119 BWR 0 3458 101.86 101.49 101.03 101.35 100.20 99.60 88.54 99.75 99.50 100.94 100.76 100.98
US BROWNSFERRY-3 34.703 -87.119 BWR 0 3458 100.90 87.44 0.15 97.64 99.25 98.05 96.34 95.28 99.34 100.26 88.97 100.55
US BRUNSWICK-1 33.958 -78.007 BWR 0 2923 99.59 86.28 0.00 87.72 109.26 106.47 105.49 87.22 108.68 105.79 109.63 106.07
US BRUNSWICK-2 33.957 -78.007 BWR 0 2923 100.18 103.49 101.88 100.84 91.70 96.35 91.51 91.37 100.07 101.15 99.41 99.93
US BYRON-1 42.074 -89.277 PWR 0 3587 98.43 102.35 102.38 102.12 101.68 102.48 101.90 101.88 102.43 103.02 103.82 103.86
US BYRON-2 42.074 -89.276 PWR 0 3587 102.31 102.64 71.31 69.68 102.32 102.12 102.14 102.49 102.06 102.99 102.75 103.31
US CALLAWAY-1 38.763 -91.781 PWR 0 3565 97.82 48.17 103.83 28.21 0.00 50.70 102.80 102.73 103.19 103.63 103.69 104.41
US CALVERTCLIFFS-1 38.435 -76.439 PWR 0 2737 104.47 105.24 98.74 30.84 74.76 100.95 93.79 99.31 99.97 101.77 102.94 103.15
US CALVERTCLIFFS-2 38.434 -76.439 PWR 0 2737 97.21 105.76 105.44 105.52 103.86 100.12 97.01 98.67 97.91 100.44 101.97 102.69
US CATAWBA-1 35.053 -81.071 PWR 0 3411 99.05 76.97 97.84 103.00 97.83 101.54 101.34 97.97 101.59 101.97 97.42 97.57
US CATAWBA-2 35.053 -81.070 PWR 0 3411 103.66 103.59 103.38 103.21 102.42 101.82 101.69 101.90 33.29 11.96 99.23 103.43
US CLINTON-1 40.172 -88.834 BWR 0 3473 86.69 7.98 89.02 101.69 79.85 102.87 83.77 102.90 102.44 102.73 103.08 102.91
US COLUMBIA 46.471 -119.333 BWR 0 3486 96.98 101.25 100.87 100.38 95.50 96.67 93.65 25.05 99.28 99.66 99.97 100.59
US COMANCHEPEAK-1 32.301 -97.787 PWR 0 3612 99.21 99.28 84.65 0.00 79.68 100.95 100.20 100.46 100.73 101.01 101.76 102.14
US COMANCHEPEAK-2 32.301 -97.786 PWR 0 3458 99.88 99.86 99.41 100.05 99.86 98.85 98.41 98.51 98.53 99.15 99.76 100.29
US COOPER 40.361 -95.643 BWR 0 2419 100.31 97.55 100.08 98.84 95.35 97.79 97.06 97.55 97.52 57.24 72.61 92.07
US CRYSTALRIVER-3 28.966 -82.697 PWR 0 2568 102.98 103.01 90.37 102.92 101.92 100.33 100.30 100.51 82.47 100.72 102.82 102.24
US DAVISBESSE-1 41.597 -83.092 PWR 0 2817 0.00 0.00 7.47 97.60 100.08 100.08 100.07 84.57 100.19 100.78 101.45 101.18
US DIABLOCANYON-1 35.212 -120.854 PWR 0 3411 97.86 94.59 57.92 0.00 0.00 59.86 92.47 101.61 101.34 101.29 101.46 100.52
US DIABLOCANYON-2 35.212 -120.853 PWR 0 3411 100.41 95.79 100.27 100.45 100.21 95.06 99.17 99.21 97.07 76.08 0.00 43.35
US COOK-1 41.975 -86.564 PWR 0 3304 103.94 103.89 97.07 80.33 103.18 102.27 101.40 101.37 102.24 103.03 103.53 103.97
US COOK-2 41.975 -86.563 PWR 0 3468 92.59 105.42 97.02 73.37 103.78 102.00 99.07 100.23 101.51 1.30 41.48 106.01
US DRESDEN-2 41.386 -88.268 BWR 0 2957 102.14 102.17 102.13 79.58 67.44 102.13 102.23 68.11 62.40 97.41 0.12 63.02
US DRESDEN-3 41.385 -88.268 BWR 0 2957 90.16 93.37 101.31 102.53 83.64 102.20 102.48 101.89 102.05 81.09 0.00 73.09
US DUANEARNOLD-1 42.101 -91.776 BWR 0 1912 103.93 103.36 103.57 86.07 102.30 101.34 101.19 101.07 100.98 85.27 99.70 103.18
US FERMI-2 41.963 -83.257 BWR 0 3430 99.56 103.04 101.24 102.24 101.20 100.52 98.60 69.02 88.11 101.46 15.97 78.88
US FARLEY-1 31.223 -85.115 PWR 0 2775 103.26 103.34 95.62 102.49 101.34 100.07 99.77 99.98 98.87 1.64 36.69 101.48
US FARLEY-2 31.223 -85.114 PWR 0 2775 103.13 102.78 34.90 41.62 103.24 102.77 99.57 99.57 96.78 99.77 101.53 102.09
US FITZPATRICK 43.521 -76.403 BWR 0 2536 103.60 90.33 99.19 102.96 102.67 101.93 98.09 86.49 70.10 20.16 104.59 105.40
US FORTCALHOUN-1 41.520 -96.076 PWR 0 1500 102.82 102.62 83.45 73.13 100.50 99.75 98.16 98.70 99.38 101.40 101.69 101.86
US GRANDGULF-1 32.007 -91.045 BWR 0 4408 106.27 75.32 22.81 106.76 105.50 105.63 105.28 105.16 105.88 105.86 106.72 107.13
US ROBINSON-2 34.402 -80.158 PWR 0 2339 105.75 105.86 105.40 65.68 6.30 101.90 101.46 102.05 103.32 96.58 105.42 106.28
US HATCH-1 31.935 -82.346 BWR 0 2804 97.48 38.58 40.85 98.68 100.76 100.59 100.60 99.78 101.83 102.10 101.41 103.45
US HATCH-2 31.934 -82.346 BWR 0 2804 101.26 99.87 100.87 99.66 99.74 98.43 97.63 98.61 78.19 88.86 99.86 100.38
US HOPECREEK-1 39.467 -75.535 BWR 0 3840 79.12 97.97 63.49 30.33 100.65 95.86 98.68 94.93 95.73 31.75 0.00 0.00
US INDIANPOINT-2 41.269 -73.950 PWR 0 3216 103.87 103.83 103.59 103.29 102.31 102.10 101.05 100.85 60.48 68.99 17.04 104.77
US INDIANPOINT-3 41.269 -73.950 PWR 0 3216 101.97 102.04 102.24 102.18 101.91 101.47 100.91 100.92 101.39 101.67 101.91 102.04
US KEWAUNEE 44.470 -87.498 PWR 0 1772 49.83 99.42 98.88 102.91 102.78 102.45 101.67 101.69 102.51 24.80 0.00 79.04
US LASALLE-1 41.246 -88.672 BWR 0 3546 38.17 57.48 102.92 103.15 102.44 98.39 100.80 101.15 100.18 102.65 102.99 101.49
US LASALLE-2 41.246 -88.672 BWR 0 3546 103.84 103.44 103.74 103.40 101.37 94.54 101.24 101.66 100.80 102.99 101.71 103.44
US LIMERICK-1 40.225 -75.584 BWR 0 3515 102.20 92.33 36.28 103.41 101.37 101.57 100.98 101.04 100.80 102.92 103.16 103.72
US LIMERICK-2 40.225 -75.584 BWR 0 3515 102.95 103.96 103.36 102.75 98.25 90.49 99.97 100.29 92.57 100.98 101.77 101.43
US MCGUIRE-1 35.433 -80.946 PWR 0 3469 105.14 105.12 16.73 61.10 103.87 102.19 101.25 101.33 101.92 55.65 64.69 105.11
US MCGUIRE-2 35.433 -80.946 PWR 0 3411 105.05 104.94 104.77 104.25 103.66 102.32 101.34 101.03 101.96 103.28 104.03 104.63
US MILLSTONE-2 41.312 -72.166 PWR 0 2700 102.33 101.02 83.00 100.95 99.56 100.83 99.17 100.26 100.24 100.64 95.85 100.95
US MILLSTONE-3 41.311 -72.166 PWR 0 3650 102.18 102.20 97.43 4.30 65.63 102.39 101.95 98.80 99.98 100.61 100.93 100.67
US MONTICELLO 45.334 -93.850 BWR 0 1775 100.74 101.61 102.42 102.08 98.51 84.13 97.74 98.83 99.12 101.35 101.81 101.53
US NINEMILEPOINT-1 43.522 -76.412 BWR 0 1850 67.39 109.12 109.26 94.19 95.93 104.33 105.05 98.24 96.98 107.72 109.17 109.34
US NINEMILEPOINT-2 43.521 -76.413 BWR 0 3988 102.14 95.92 39.94 14.07 102.28 101.23 101.49 100.87 95.83 98.11 102.95 99.59
US NORTHANNA-1 38.061 -77.792 PWR 0 2940 100.61 76.08 100.70 100.72 100.48 100.18 100.05 100.12 36.18 77.64 99.94 101.05
US NORTHANNA-2 38.061 -77.792 PWR 0 2940 100.81 100.55 100.76 100.82 5.27 94.82 99.54 99.54 99.60 99.93 100.24 100.27
US OCONEE-1 34.796 -82.894 PWR 0 2568 67.99 102.33 101.81 102.13 101.80 100.48 100.80 100.20 91.39 100.81 101.33 101.77
US OCONEE-2 34.796 -82.894 PWR 0 2568 103.04 102.44 56.33 0.00 0.00 41.76 102.22 101.63 101.49 101.90 102.75 102.65
US OCONEE-3 34.795 -82.894 PWR 0 2568 102.39 93.54 101.27 98.92 102.50 102.23 101.52 100.66 100.76 25.15 0.00 0.00
US OYSTERCREEK 39.815 -74.208 BWR 0 1930 101.68 102.58 102.18 97.49 82.16 92.89 96.59 97.18 64.62 100.37 27.59 102.88
US PALISADES 42.323 -86.316 PWR 0 2565 109.95 105.71 109.75 108.46 107.43 106.56 84.89 79.06 37.38 0.00 41.54 110.06
US PALOVERDE-1 33.387 -112.863 PWR 0 3990 101.06 83.12 100.34 6.03 60.04 79.09 97.57 97.17 97.10 97.14 97.50 96.92
US PALOVERDE-2 33.387 -112.863 PWR 0 3990 108.76 69.75 70.73 101.45 101.37 78.66 83.87 96.61 96.97 97.55 97.93 98.39
US PALOVERDE-3 33.386 -112.863 PWR 0 3990 101.95 95.95 76.32 102.02 97.89 56.94 99.12 99.08 99.18 2.77 0.00 69.66
US PEACHBOTTOM-2 39.759 -76.270 BWR 0 3514 102.89 88.16 102.52 101.54 101.74 100.67 99.76 93.74 43.41 66.55 103.30 86.78
US PEACHBOTTOM-3 39.758 -76.270 BWR 0 3514 103.05 101.92 103.19 102.97 100.83 102.02 101.48 101.88 101.28 102.64 102.87 103.04
US PERRY-1 41.801 -81.147 BWR 0 3758 98.37 101.96 99.71 101.46 67.96 78.15 100.01 100.09 98.17 99.99 101.15 84.87
US PILGRIM-1 41.945 -70.578 BWR 0 2028 100.80 100.79 89.52 100.55 100.28 99.31 98.69 99.76 97.53 99.58 99.05 100.53
US POINTBEACH-1 44.282 -87.534 PWR 0 1800 99.30 98.50 97.65 5.55 0.00 66.10 98.63 98.99 98.37 99.25 99.20 99.19
US POINTBEACH-2 44.281 -87.534 PWR 0 1800 100.60 100.04 100.13 100.64 84.35 100.43 98.78 99.46 99.94 91.43 80.50 100.23
US PRAIRIEISLAND-1 44.622 -92.631 PWR 0 1677 104.47 99.64 104.66 101.40 99.07 94.43 100.33 93.31 23.65 0.00 16.83 103.90
US PRAIRIEISLAND-2 44.622 -92.631 PWR 0 1677 104.63 104.66 104.70 99.52 100.89 100.33 100.02 100.63 101.32 103.05 95.96 103.81
US QUADCITIES-1 41.727 -90.308 BWR 0 2957 87.47 87.38 87.16 86.85 86.70 85.83 85.33 85.63 85.52 86.83 87.25 87.08
US QUADCITIES-2 41.726 -90.308 BWR 0 2957 101.62 79.21 2.26 89.55 89.67 88.98 88.71 89.09 88.98 89.73 90.10 90.16
US GINNA 43.279 -77.311 PWR 0 1775 103.32 103.42 103.49 103.47 103.32 102.84 101.80 100.92 101.70 94.77 103.63 103.71
US RIVERBEND-1 30.727 -91.372 BWR 0 3091 100.50 102.47 101.87 101.66 96.65 100.38 99.45 89.55 99.34 42.25 23.29 93.20
US SALEM-1 39.463 -75.534 PWR 0 3459 98.68 101.21 98.68 0.00 0.00 76.71 100.77 101.02 87.04 101.45 101.67 31.92
US SALEM-2 39.463 -75.534 PWR 0 3459 101.45 102.95 98.35 97.71 65.48 99.02 70.39 100.87 78.15 100.75 100.81 62.65
US SANONOFRE-2 33.367 -117.556 PWR 0 3438 105.26 30.14 0.00 68.53 104.70 104.78 105.08 104.72 104.56 104.75 89.92 104.80
US SANONOFRE-3 33.367 -117.556 PWR 0 3438 79.31 102.02 103.51 103.81 103.24 93.88 103.34 102.89 88.93 0.00 0.00 4.40
US SEABROOK-1 42.897 -70.849 PWR 0 3648 100.23 100.22 100.31 100.37 100.41 100.45 100.23 100.36 100.25 100.23 100.28 100.38
US SEQUOYAH-1 35.228 -85.094 PWR 0 3455 102.08 102.75 85.02 102.40 101.75 100.69 100.10 99.90 100.55 77.76 29.26 102.87
US SEQUOYAH-2 35.227 -85.094 PWR 0 3455 38.56 102.45 102.19 102.09 101.39 100.27 99.86 99.54 100.47 100.86 101.28 102.50
US HARRIS-1 35.635 -78.955 PWR 0 2900 103.96 103.94 103.27 98.97 56.50 101.16 100.67 101.03 101.60 48.36 41.46 103.58
US SOUTHTEXAS-1 28.797 -96.044 PWR 0 3853 91.45 103.22 102.76 102.25 102.47 102.02 101.70 101.76 102.08 102.32 102.71 99.05
US SOUTHTEXAS-2 28.796 -96.044 PWR 0 3853 102.01 102.10 98.20 6.83 102.16 101.75 101.32 101.38 101.53 101.98 102.56 102.71
US ST.LUCIE-1 27.348 -80.244 PWR 0 3020 102.28 102.20 66.17 12.57 101.82 100.91 101.52 101.16 44.27 91.80 101.38 101.93
US ST.LUCIE-2 27.348 -80.244 PWR 0 3020 101.42 99.78 101.66 101.53 101.00 100.76 100.58 100.16 31.77 86.46 100.47 78.05
US SURRY-1 37.166 -76.700 PWR 0 2857 101.82 101.96 98.79 101.89 94.09 101.06 100.57 100.87 101.19 97.69 0.00 87.93
US SURRY-2 37.166 -76.700 PWR 0 2857 100.68 100.94 101.03 101.27 74.78 100.40 99.91 100.34 100.47 100.65 101.56 100.45
US SUSQUEHANNA-1 41.093 -76.143 BWR 0 3952 94.86 77.45 0.00 20.75 100.59 99.50 99.78 97.92 98.86 102.01 75.72 102.49
US SUSQUEHANNA-2 41.092 -76.143 BWR 0 3952 103.18 102.40 102.73 101.86 97.14 98.47 99.20 99.44 99.29 98.53 101.85 101.23
US THREEMILEISLAND-1 40.154 -76.727 PWR 0 2568 105.42 106.08 105.72 105.23 99.87 102.24 99.40 102.22 103.03 105.16 105.07 99.76
US TURKEYPOINT-3 25.435 -80.330 PWR 0 2644 104.94 103.99 104.21 103.25 95.22 85.65 100.16 100.36 83.49 0.00 0.00 52.54
US TURKEYPOINT-4 25.435 -80.329 PWR 0 2644 104.98 104.26 104.02 103.30 78.89 100.32 99.34 97.91 101.08 102.47 103.57 98.84
US VERMONTYANKEE 42.779 -72.514 BWR 0 1912 103.49 103.34 103.08 9.82 84.31 57.01 75.84 96.89 98.28 99.10 100.40 100.30
US SUMMER-1 34.299 -81.314 PWR 0 2900 102.04 102.01 97.53 63.46 101.89 101.33 100.87 100.87 101.36 101.93 102.11 89.99
US VOGTLE-1 33.143 -81.760 PWR 0 3626 103.24 103.21 87.48 101.85 100.91 100.50 100.21 100.65 100.93 101.56 102.19 102.67
US VOGTLE-2 33.142 -81.760 PWR 0 3626 102.21 97.33 102.79 57.04 42.02 101.06 100.38 91.68 101.21 101.94 89.59 102.76
US WATERFORD-3 29.994 -90.471 PWR 0 3716 103.05 100.48 102.54 103.13 102.67 102.24 101.61 101.34 101.51 102.46 102.77 102.99
US WATTSBAR-1 35.601 -84.789 PWR 0 3459 94.82 104.19 103.24 102.91 101.31 100.26 99.68 99.63 87.76 101.33 102.69 103.46
US WOLFCREEK 38.239 -95.691 PWR 0 3565 101.89 88.88 101.67 101.86 101.44 100.88 96.48 93.38 100.37 95.90 102.04 102.05
