AR ATUCHA-1 -33.967 -59.209 PHWR 0 1179.0 96.60 91.80 21.90 23.70 94.60 91.60 99.70 100.20 100.00 99.00 98.40 97.10
AR EMBALSE -32.232 -64.442 PHWR 0 2015.0 98.20 101.70 98.30 98.70 99.30 93.50 99.60 99.60 99.40 54.50 0.00 55.10
AM ARMENIAN-2 40.181 44.147 PWR 0 1375 94.99 95.03 86.47 69.07 85.21 86.89 83.73 82.04 10.78 0.00 39.40 92.31
BE DOEL-1 51.323 4.259 PWR 0 1192 101.55 105.63 98.69 82.20 0.00 70.28 95.48 93.16 100.13 100.34 0.00 93.35
BE DOEL-2 51.323 4.259 PWR 0 1311 102.31 100.06 102.20 101.40 66.51 23.42 99.93 100.36 98.41 101.97 101.50 101.97
BE DOEL-3 51.325 4.257 PWR 1 2775 99.82 103.62 99.73 97.66 97.73 65.03 19.24 13.64 48.06 100.43 101.38 101.47
BE DOEL-4 51.325 4.257 PWR 0 2988 98.84 102.31 88.48 0.00 32.94 97.82 96.03 98.44 99.17 100.14 100.30 100.51
BE TIHANGE-1 50.533 5.271 PWR 0 2873 101.61 105.24 101.11 101.24 88.27 94.28 96.91 96.49 16.09 31.85 100.78 101.46
BE TIHANGE-2 50.533 5.271 PWR 1 3064 96.14 30.18 0.00 40.03 99.14 99.16 96.36 98.87 100.61 100.76 101.09 101.10
BE TIHANGE-3 50.532 5.271 PWR 0 3000 40.68 100.14 91.49 100.01 99.40 99.35 98.62 98.50 99.68 100.46 100.59 100.68
BR ANGRA-1 -23.008 -44.457 PWR 0 1484.0 89.70 52.90 0.00 36.10 59.00 99.70 99.80 99.90 99.90 94.20 91.70 100.00
BR ANGRA-2 -23.007 -44.458 PWR 0 3764.0 95.00 103.30 99.40 98.20 50.20 19.90 99.70 98.00 100.20 99.40 100.10 99.90
BG KOZLODUY-5 43.747 23.770 PWR 0 3000 101.22 104.96 101.01 96.77 90.18 20.58 40.57 99.34 98.42 100.72 100.72 101.27
BG KOZLODUY-6 43.746 23.771 PWR 0 3000 101.49 105.21 101.43 101.92 100.52 99.30 99.35 64.21 0.00 86.72 101.86 101.68
CA BRUCE-3 44.341 -81.572 PHWR 0 2832.0 100.80 104.20 100.40 101.20 101.30 99.90 98.60 88.60 48.60 0.00 32.30 86.30
CA BRUCE-4 44.342 -81.572 PHWR 0 2832.0 100.30 92.50 80.60 9.50 100.30 99.80 98.00 97.30 87.40 97.10 66.30 93.40
CA BRUCE-5 44.320 -81.588 PHWR 0 2832.0 98.90 78.80 73.90 90.40 0.00 0.80 97.50 98.80 98.70 98.10 99.50 99.90
CA BRUCE-6 44.319 -81.588 PHWR 0 2690.0 100.70 101.80 78.90 100.70 100.30 100.60 99.20 99.30 77.50 90.40 100.30 100.40
CA BRUCE-7 44.319 -81.588 PHWR 0 2832.0 86.90 0.00 6.70 101.20 92.50 99.70 82.80 99.10 99.00 92.00 100.60 100.70
CA BRUCE-8 44.318 -81.588 PHWR 0 2690.0 90.70 99.30 69.40 90.20 100.10 99.50 98.70 95.20 99.70 98.40 100.50 100.10
CA DARLINGTON-1 43.867 -78.724 PHWR 0 2776.0 99.80 103.30 85.80 0.00 0.00 82.00 96.70 95.60 95.20 98.30 100.50 99.40
CA DARLINGTON-2 43.867 -78.724 PHWR 0 2776.0 100.40 104.10 100.50 91.50 94.00 100.20 98.70 96.20 96.60 98.60 100.60 98.70
CA DARLINGTON-3 43.866 -78.724 PHWR 0 2776.0 98.80 103.80 101.10 100.90 100.90 100.30 98.60 96.60 96.10 99.20 99.00 99.30
CA DARLINGTON-4 43.866 -78.724 PHWR 0 2776.0 100.10 103.70 99.80 100.50 100.40 100.40 90.70 95.90 96.70 88.00 100.80 97.90
CA GENTILLY-2 46.394 -72.355 PHWR 0 2156.0 0.00 82.80 97.30 10.50 0.00 44.40 95.20 79.70 92.70 92.80 96.20 96.50
CA PICKERING-1 43.812 -79.070 PHWR 0 1744.0 79.80 85.90 17.30 95.00 14.40 0.00 72.40 84.00 91.00 72.60 39.40 92.50
CA PICKERING-4 43.811 -79.067 PHWR 0 1744.0 93.00 98.70 96.20 95.20 94.40 80.30 93.30 93.70 66.10 95.00 19.90 46.40
CA PICKERING-5 43.811 -79.065 PHWR 0 1744.0 96.50 100.10 96.20 93.80 65.70 89.40 95.20 94.10 94.60 95.80 94.10 55.00
CA PICKERING-6 43.811 -79.064 PHWR 0 1744.0 89.90 103.50 99.20 99.10 98.90 67.70 98.20 97.70 97.10 99.20 99.10 98.30
CA PICKERING-7 43.810 -79.063 PHWR 0 1744.0 98.80 102.70 99.30 17.10 0.00 0.00 0.00 0.00 0.00 0.00 0.70 90.60
CA PICKERING-8 43.810 -79.062 PHWR 0 1744.0 96.50 59.80 0.00 0.00 53.30 96.10 44.20 40.30 95.30 95.30 97.60 96.80
CA POINTLEPREAU 45.068 -66.455 PHWR 0 2180.0 86.40 85.90 76.80 0.00 0.00 0.00 0.00 0.00 0.00 0.00 0.00 0.00
CN DAYABAY-1 22.599 114.544 PWR 0 2905.0 100.80 101.60 101.10 100.80 100.30 99.40 98.50 98.70 98.60 99.40 98.80 99.90
CN DAYABAY-2 22.599 114.544 PWR 0 2905.0 101.00 104.80 101.20 100.80 100.40 100.00 44.50 98.60 99.30 99.70 0.20 90.90
CN LINGAO-1 22.606 114.550 PWR 0 2895.0 99.00 104.20 30.60 76.60 99.50 100.40 100.70 100.40 99.40 100.10 91.40 100.50
CN LINGAO-2 22.605 114.550 PWR 0 2895.0 44.50 53.60 100.30 101.10 101.40 101.00 101.00 100.50 100.20 100.40 101.00 27.30
CN QINSHAN-1 30.440 120.950 PWR 0 966.0 55.70 97.10 101.90 102.00 101.40 99.20 99.30 98.60 99.50 100.50 100.80 100.90
CN QINSHAN2-1 30.421 120.945 PWR 0 1930.0 104.60 106.40 104.00 104.50 103.80 103.00 99.40 97.20 100.10 45.60 0.00 82.40
CN QINSHAN2-2 30.421 120.946 PWR 0 1930.0 104.10 106.00 104.30 104.40 63.90 0.80 85.70 98.50 100.40 100.00 101.30 72.10
CN QINSHAN3-1 30.436 120.961 PHWR 0 2064.0 94.40 106.00 104.00 104.30 103.30 34.50 98.30 98.80 100.10 102.30 103.80 73.50
CN QINSHAN3-2 30.435 120.961 PHWR 0 2064.0 104.00 105.90 103.90 58.70 0.30 100.00 99.30 98.90 100.20 102.50 104.00 95.30
CN TIANWAN1 34.690 119.456 PWR 0 3000.0 0.00 0.00 63.10 106.60 105.70 104.00 103.70 86.10 4.50 105.50 106.10 106.20
CN TIANWAN2 34.689 119.456 PWR 0 3000.0 106.10 108.70 104.60 106.20 0.00 0.00 82.80 104.30 104.30 100.80 105.50 106.30
TW CHINSHAN-1 25.292 121.567 BWR 0 1775.0 99.80 100.00 99.80 100.00 93.20 99.80 99.60 99.80 97.10 2.80 0.00 14.00
TW CHINSHAN-2 25.292 121.568 BWR 0 1775.0 100.00 103.40 5.90 26.30 99.10 75.10 98.20 99.50 97.30 99.00 99.90 100.00
TW KUOSHENG-1 25.203 121.662 BWR 0 2943.0 100.20 102.40 85.10 99.30 99.60 97.30 98.80 97.10 96.10 98.80 97.50 94.60
TW KUOSHENG-2 25.203 121.662 BWR 0 2943.0 97.50 102.50 99.00 97.60 98.00 90.90 96.60 96.30 94.10 96.00 40.60 47.10
TW MAANSHAN-1 21.959 120.753 PWR 0 2785.0 100.90 100.90 100.70 100.30 100.00 99.70 99.60 99.50 99.40 99.60 99.60 99.80
TW MAANSHAN-2 21.959 120.754 PWR 0 2785.0 99.90 100.00 100.10 56.30 37.00 100.20 100.10 100.10 100.10 100.20 100.10 101.50
CZ DUKOVANY-1 49.089 16.149 PWR 0 1375 102.65 106.21 102.02 102.09 100.25 99.89 81.30 99.63 100.82 30.11 92.18 103.05
CZ DUKOVANY-2 49.089 16.149 PWR 0 1375 99.09 103.37 20.04 0.00 62.12 98.72 99.04 98.45 100.74 100.38 100.24 101.84
CZ DUKOVANY-3 49.089 16.149 PWR 0 1375 98.49 25.74 102.58 102.34 100.93 99.23 98.66 98.95 100.70 101.67 101.99 101.35
CZ DUKOVANY-4 49.088 16.149 PWR 0 1375 100.46 105.71 102.86 102.63 101.29 100.01 100.00 100.08 101.53 100.09 20.94 67.52
CZ TEMELIN-1 49.181 14.377 PWR 0 3000 99.96 99.88 60.25 55.94 96.80 98.90 79.97 0.00 0.00 0.00 0.00 54.81
CZ TEMELIN-2 49.181 14.377 PWR 0 3000 95.26 102.11 93.80 96.74 18.85 4.72 97.00 99.80 100.12 94.07 94.83 96.19
FI LOVIISA-1 60.372 26.342 PWR 0 1500 101.91 105.42 101.59 101.68 100.89 100.13 95.94 19.12 2.72 98.49 101.56 101.94
FI LOVIISA-2 60.371 26.343 PWR 0 1500 102.08 105.47 101.91 101.91 100.97 100.57 99.26 96.00 53.01 58.20 101.46 102.09
FI OLKILUOTO-1 61.235 21.444 BWR 0 2500 101.14 104.46 100.96 100.64 40.84 83.49 97.67 98.40 99.16 99.71 100.30 100.06
FI OLKILUOTO-2 61.235 21.445 BWR 0 2500 96.60 104.64 100.99 100.78 72.79 93.32 97.61 98.41 99.37 100.00 100.72 100.69
FR BELLEVILLE-1 47.511 2.871 PWR 0 3817 31.21 69.21 92.13 91.84 86.59 85.44 89.85 76.27 10.07 0.00 0.00 24.80
FR BELLEVILLE-2 47.510 2.871 PWR 0 3817 32.83 99.21 86.19 92.67 80.98 80.97 88.83 79.29 91.60 95.16 94.38 97.91
FR BLAYAIS-1 45.256 -0.691 PWR 1 2785 99.59 93.23 35.34 0.00 93.84 96.34 96.30 97.15 97.82 96.81 99.32 99.08
FR BLAYAIS-2 45.256 -0.691 PWR 1 2785 101.43 101.51 99.13 100.83 99.56 98.17 31.67 50.21 96.82 99.95 100.12 101.95
FR BLAYAIS-3 45.256 -0.690 PWR 0 2785 103.82 107.16 103.68 103.69 103.07 102.49 100.41 23.92 17.32 102.39 103.48 103.83
FR BLAYAIS-4 45.256 -0.690 PWR 0 2785 99.69 99.34 98.94 99.45 4.61 53.43 92.21 89.35 92.31 95.35 95.28 95.14
FR BUGEY-2 45.798 5.267 PWR 0 2785 95.49 97.37 93.39 87.25 94.65 91.97 78.94 79.87 80.64 7.51 17.65 96.04
FR BUGEY-3 45.798 5.268 PWR 0 2785 0.00 26.90 78.49 98.11 95.44 93.19 71.81 79.57 81.55 81.56 82.20 81.98
FR BUGEY-4 45.800 5.267 PWR 0 2785 94.32 100.58 97.39 99.28 96.14 93.52 75.98 2.39 97.06 98.53 100.04 100.84
FR BUGEY-5 45.800 5.268 PWR 0 2785 94.78 90.07 96.53 90.05 82.94 79.36 87.71 79.15 36.18 50.24 91.91 99.12
FR CATTENOM-1 49.416 6.217 PWR 0 3817 73.94 15.93 39.67 96.13 89.39 84.26 89.88 89.94 91.31 91.22 91.69 92.16
FR CATTENOM-2 49.416 6.217 PWR 0 3817 96.34 94.90 97.74 89.16 40.13 0.00 0.00 14.04 96.74 94.62 92.03 96.18
FR CATTENOM-3 49.415 6.217 PWR 0 3817 96.15 95.72 85.33 9.54 0.00 58.79 94.76 93.64 89.29 96.14 96.08 99.61
FR CATTENOM-4 49.415 6.217 PWR 0 3817 96.36 95.97 94.28 95.13 92.02 89.60 88.97 92.54 88.54 25.69 49.16 94.54
FR CHINONB-1 47.230 0.168 PWR 1 2785 99.24 102.44 98.38 99.14 97.72 61.57 7.62 97.00 90.47 95.92 96.09 99.28
FR CHINONB-2 47.229 0.168 PWR 1 2785 98.82 100.47 96.12 94.96 88.15 95.87 95.27 67.67 0.00 0.00 0.00 26.94
FR CHINONB-3 47.224 0.171 PWR 1 2785 96.81 97.09 95.30 85.89 92.89 94.05 72.08 0.00 76.88 87.74 92.59 94.43
FR CHINONB-4 47.224 0.171 PWR 1 2785 98.13 101.38 96.14 72.00 0.00 0.00 43.83 91.52 94.50 95.88 97.14 98.60
FR CHOOZB-1 50.089 4.791 PWR 0 4270 100.22 99.96 99.96 99.79 78.35 98.54 90.90 95.27 93.95 95.93 94.56 80.39
FR CHOOZB-2 50.089 4.791 PWR 0 4270 90.29 41.45 0.00 93.57 95.59 97.11 93.35 93.51 98.83 99.71 100.34 100.51
FR CIVAUX-1 46.457 0.654 PWR 0 4270 100.36 96.94 0.00 67.44 89.07 2.33 76.76 94.08 92.78 93.72 94.10 94.47
FR CIVAUX-2 46.457 0.655 PWR 0 4270 95.88 97.22 95.27 94.64 79.64 1.03 93.01 88.92 95.74 97.87 95.25 98.77
FR CRUAS-1 44.634 4.757 PWR 0 2785 98.88 87.44 98.65 98.23 47.57 0.00 70.42 90.36 92.51 59.95 97.57 98.92
FR CRUAS-2 44.633 4.757 PWR 0 2785 96.71 100.67 88.45 91.02 88.09 87.92 88.55 39.48 0.00 0.00 63.91 95.13
FR CRUAS-3 44.633 4.757 PWR 0 2785 92.63 91.08 93.27 92.10 90.69 24.35 0.00 0.00 0.00 47.23 99.56 98.64
FR CRUAS-4 44.632 4.757 PWR 0 2785 100.35 104.33 98.03 12.06 0.00 30.70 96.53 96.64 96.54 95.87 100.38 101.26
FR DAMPIERRE-1 47.732 2.513 PWR 1 2785 97.34 97.87 95.00 31.49 64.70 76.86 83.76 84.73 94.37 95.92 84.20 97.69
FR DAMPIERRE-2 47.732 2.514 PWR 1 2785 84.97 20.72 14.37 93.04 84.66 86.91 87.45 71.93 94.19 90.20 97.38 95.88
FR DAMPIERRE-3 47.732 2.515 PWR 1 2785 96.76 96.86 92.03 91.33 92.29 96.74 90.27 55.58 28.84 97.22 97.94 96.13
FR DAMPIERRE-4 47.732 2.516 PWR 1 2785 95.30 96.34 86.63 55.82 0.00 0.00 0.00 82.22 88.96 99.77 100.74 100.95
FR FESSENHEIM-1 47.903 7.564 PWR 0 2660 95.18 102.48 99.00 97.72 90.76 93.13 95.41 24.15 0.00 0.00 5.96 98.81
FR FESSENHEIM-2 47.903 7.565 PWR 0 2660 73.42 58.74 0.00 20.26 95.44 81.80 7.51 86.00 92.49 95.91 91.38 95.63
FR FLAMANVILLE-1 49.537 -1.881 PWR 0 3817 95.14 68.93 0.00 0.00 0.00 0.00 0.00 1.00 55.71 93.14 98.46 98.53
FR FLAMANVILLE-2 49.537 -1.881 PWR 0 3817 92.63 95.93 93.96 73.05 93.02 95.43 68.29 0.00 0.00 0.00 0.00 19.91
FR GOLFECH-1 44.105 0.845 PWR 0 3817 98.07 100.64 86.18 9.78 0.00 46.29 87.19 88.26 92.46 94.75 94.87 96.94
FR GOLFECH-2 44.104 0.845 PWR 0 3817 93.60 100.22 95.38 93.65 91.86 93.94 86.62 83.92 31.69 0.00 30.32 87.17
FR GRAVELINES-1 51.014 2.138 PWR 1 2785 92.63 91.69 92.78 95.14 93.50 92.76 91.01 36.58 57.58 88.54 86.57 89.80
FR GRAVELINES-2 51.013 2.138 PWR 1 2785 98.28 97.88 92.32 10.78 0.00 76.57 88.05 82.13 93.80 92.17 93.00 94.60
FR GRAVELINES-3 51.013 2.138 PWR 1 2785 98.96 93.27 19.24 35.43 93.02 93.05 87.09 88.44 54.29 63.46 87.86 90.86
FR GRAVELINES-4 51.012 2.138 PWR 1 2785 99.78 99.80 98.52 99.42 50.42 32.97 97.09 88.68 65.23 93.23 80.74 93.70
FR GRAVELINES-5 51.012 2.138 PWR 0 2785 97.44 93.97 86.65 98.20 80.84 44.09 0.00 68.16 97.99 96.56 95.39 96.52
FR GRAVELINES-6 51.011 2.138 PWR 0 2785 94.06 102.89 102.08 101.84 100.96 90.53 91.31 100.24 87.34 0.00 0.00 0.00
FR NOGENT-1 48.517 3.520 PWR 0 3817 98.73 93.54 51.05 0.00 20.93 60.92 94.62 94.41 96.70 97.77 98.33 87.75
FR NOGENT-2 48.516 3.520 PWR 0 3817 99.62 103.16 98.56 98.96 93.86 71.94 0.00 0.00 0.00 50.40 92.42 88.79
FR PALUEL-1 49.857 0.635 PWR 0 3817 12.35 94.92 85.53 92.96 89.22 87.15 89.30 87.78 92.70 89.87 90.86 96.47
FR PALUEL-2 49.856 0.635 PWR 0 3817 96.52 94.79 89.14 84.72 88.05 0.00 45.65 83.91 94.01 94.71 92.94 91.72
FR PALUEL-3 49.856 0.635 PWR 0 3817 84.85 85.57 88.74 85.01 72.09 81.09 89.05 84.73 90.37 86.72 97.86 92.24
FR PALUEL-4 49.856 0.635 PWR 0 3817 98.22 98.43 98.45 98.50 96.09 96.15 92.26 85.33 0.00 0.00 0.00 53.89
FR PENLY-1 49.975 1.215 PWR 0 3817 93.44 99.21 93.53 94.99 94.20 84.77 61.24 93.11 96.81 97.64 98.77 99.71
FR PENLY-2 49.975 1.215 PWR 0 3817 99.43 102.50 98.97 81.20 0.00 61.04 90.94 74.11 91.10 88.25 93.54 96.90
FR PHENIX 44.1502 4.7000 FBR 1 350 42.82 59.35 66.94 99.51 49.48 0.00 83.61 73.61 0.00 67.81 60.38 94.58
FR ST.ALBAN-1 45.404 4.754 PWR 0 3817 4.65 77.05 95.05 97.99 95.42 12.56 0.00 0.00 0.00 9.97 85.90 97.55
FR ST.ALBAN-2 45.404 4.755 PWR 0 3817 66.78 85.65 49.59 0.00 0.00 0.00 0.00 64.12 89.22 95.16 94.53 97.76
FR ST.LAURENTB-1 47.721 1.581 PWR 1 2785 98.67 98.66 98.18 95.48 25.02 61.19 83.92 88.58 95.22 94.34 97.10 93.85
FR ST.LAURENTB-2 47.720 1.581 PWR 1 2785 90.47 96.53 20.04 42.75 89.55 86.83 90.28 84.72 93.58 95.48 94.79 98.10
FR TRICASTIN-1 44.330 4.733 PWR 1 2785 95.45 94.76 94.66 97.58 92.02 41.91 28.88 91.01 92.30 95.48 95.73 96.85
FR TRICASTIN-2 44.330 4.733 PWR 1 2785 89.85 89.38 94.33 95.09 94.15 92.54 93.81 80.16 0.00 0.00 0.00 0.00
FR TRICASTIN-3 44.331 4.733 PWR 1 2785 99.08 99.36 98.43 74.23 0.00 0.00 75.07 88.62 95.56 97.30 98.33 97.53
FR TRICASTIN-4 44.331 4.733 PWR 1 2785 97.92 81.10 97.15 97.83 96.32 93.32 29.95 0.00 14.27 97.43 95.49 97.83
DE BIBLIS-A 49.709 8.415 PWR 0 3517 0.00 68.02 97.59 97.21 95.24 97.10 88.73 85.96 91.31 92.74 97.25 83.64
DE BIBLIS-B 49.708 8.415 PWR 0 3733 99.42 99.00 97.50 99.31 96.96 96.70 94.15 93.81 96.85 97.85 93.69 77.30
DE BROKDORF 53.850 9.345 PWR 1 3900 97.37 101.28 95.86 99.97 96.99 39.33 89.51 96.40 98.76 98.80 99.90 98.06
DE BRUNSBUETTEL 53.891 9.202 BWR 0 2292 0.00 0.00 0.00 0.00 0.00 0.00 0.00 0.00 0.00 0.00 0.00 0.00
DE EMSLAND 52.471 7.322 PWR 0 3850 100.59 104.39 100.70 100.65 98.35 20.54 98.64 97.62 99.54 100.03 100.59 100.81
DE GRAFENRHEINFELD 49.984 10.186 PWR 1 3765 100.07 103.55 89.14 0.00 69.70 96.07 97.07 97.16 98.06 98.91 99.31 99.53
DE GROHNDE 52.033 9.412 PWR 1 3900 98.46 103.73 94.71 98.73 27.63 64.60 92.90 92.72 95.24 97.25 98.45 99.39
DE GUNDREMMINGEN-B 48.515 10.404 BWR 1 3840 74.16 104.93 101.29 99.12 99.99 48.37 4.93 98.77 100.40 100.82 100.47 100.37
DE GUNDREMMINGEN-C 48.515 10.404 BWR 1 3840 100.58 105.44 101.44 101.53 98.29 98.94 99.05 98.32 89.46 0.00 63.50 101.34
DE ISAR-1 48.607 12.296 BWR 0 2575 99.87 104.33 100.49 99.21 97.22 97.64 98.36 96.01 97.40 100.00 98.35 94.68
DE ISAR-2 48.607 12.296 PWR 1 3950 101.60 105.05 101.14 100.73 98.81 98.20 32.72 85.76 98.91 99.30 100.10 100.53
DE KRUEMMEL 53.410 10.410 BWR 0 3690 0.00 0.00 0.00 0.00 0.00 0.00 0.00 0.00 0.00 0.00 0.00 0.00
DE NECKARWESTHEIM-1 49.039 9.176 PWR 1 2497 65.71 71.45 64.95 70.12 31.98 64.92 81.10 70.00 64.72 22.57 0.00 54.30
DE NECKARWESTHEIM-2 49.039 9.176 PWR 0 3850 100.13 103.71 100.06 100.01 98.84 98.24 98.13 68.48 52.81 99.09 99.59 100.31
DE PHILIPPSBURG-1 49.253 8.432 BWR 0 2575 98.60 101.35 92.05 30.58 0.00 65.04 97.00 96.92 98.22 96.47 99.83 68.38
DE PHILIPPSBURG-2 49.253 8.433 PWR 1 3950 99.05 102.25 98.39 98.96 97.37 83.05 0.00 93.75 98.75 98.65 99.32 99.38
DE UNTERWESER 53.429 8.477 PWR 1 3900 99.81 103.22 98.10 100.18 96.92 87.30 83.45 51.69 13.95 35.19 77.12 101.05
HU PAKS-1 46.574 18.855 PWR 0 1485 99.90 103.57 90.19 1.93 98.98 100.00 100.00 100.00 100.00 99.95 74.17 99.72
HU PAKS-2 46.574 18.856 PWR 0 1485 99.92 103.54 99.86 98.50 99.99 42.30 0.00 0.00 85.83 99.68 97.21 95.50
HU PAKS-3 46.574 18.857 PWR 0 1375 99.88 103.56 97.32 100.09 95.45 100.00 99.59 99.89 17.70 78.03 100.00 99.94
HU PAKS-4 46.574 18.858 PWR 0 1485 99.96 103.57 94.86 100.14 0.00 67.20 100.00 99.84 100.00 99.93 99.89 99.76
IN KAIGA-1 14.865 74.438 PHWR 0 801.0 62.10 62.80 62.10 62.10 62.10 62.50 63.00 62.70 61.90 61.90 62.40 62.40
IN KAIGA-2 14.865 74.438 PHWR 0 801.0 55.10 0.00 22.60 57.70 58.40 59.20 59.30 20.20 51.10 52.20 57.40 57.50
IN KAIGA-3 14.865 74.442 PHWR 0 800.0 0.00 0.00 0.00 63.60 0.00 82.30 52.60 0.00 0.00 18.50 36.40 0.00
IN KAKRAPAR-1 21.236 73.351 PHWR 0 801.0 54.90 47.40 47.60 53.20 49.70 45.00 0.00 0.00 0.00 0.00 0.00 0.00
IN KAKRAPAR-2 21.235 73.351 PHWR 0 801.0 54.80 54.80 54.00 53.90 53.70 43.30 53.20 54.10 54.20 53.90 54.00 50.70
IN MADRAS-1 12.557 80.177 PHWR 0 801.0 48.90 50.40 50.90 26.20 10.70 28.10 49.00 23.30 53.00 48.60 34.00 43.90
IN MADRAS-2 12.557 80.177 PHWR 0 801.0 50.00 51.50 44.50 49.30 49.60 49.80 37.20 0.00 35.50 50.80 52.30 16.80
IN NARORA-1 28.156 78.409 PHWR 0 801.0 0.00 2.90 41.40 40.60 46.10 48.40 45.20 52.50 47.10 7.80 46.40 5.20
IN NARORA-2 28.155 78.409 PHWR 0 801.0 0.00 0.00 0.00 0.00 0.00 0.00 0.00 0.00 0.00 0.00 0.00 0.00
IN RAJASTHAN-1 24.876 75.608 PHWR 0 693.0 0.00 0.00 0.00 0.00 0.00 0.00 0.00 0.00 0.00 0.00 0.00 0.00
IN RAJASTHAN-2 24.876 75.609 PHWR 0 693.0 0.00 0.00 0.00 0.00 0.00 0.00 0.00 0.00 0.00 0.00 0.00 0.00
IN RAJASTHAN-3 24.872 75.619 PHWR 0 801.0 67.20 69.30 66.10 59.00 54.40 53.20 53.40 37.70 0.00 54.70 62.80 68.80
IN RAJASTHAN-4 24.872 75.619 PHWR 0 801.0 57.30 58.90 54.40 65.30 51.00 66.10 66.10 59.80 55.10 55.90 57.60 59.10
IN TARAPUR-1 19.834 72.657 BWR 0 530.0 79.70 101.00 95.60 96.40 80.70 85.60 93.70 89.50 69.20 83.80 7.50 0.00
IN TARAPUR-2 19.834 72.657 BWR 0 530.0 102.30 107.60 95.60 102.50 99.30 93.70 99.90 102.10 81.40 92.40 101.70 77.70
IN TARAPUR-3 19.830 72.663 PHWR 0 1730.0 43.00 46.50 34.30 3.60 17.50 34.60 43.90 44.10 43.40 44.70 45.10 45.10
IN TARAPUR-4 19.830 72.664 PHWR 0 1730.0 43.30 45.70 43.60 29.40 41.90 27.40 43.80 44.10 44.50 44.60 39.90 29.70
JP FUKUSHIMA-DAIICHI-1 37.422 141.031 BWR 0 1380.0 99.50 103.00 99.50 99.50 99.10 99.60 99.30 98.50 98.40 53.00 0.00 0.00
JP FUKUSHIMA-DAIICHI-2 37.422 141.032 BWR 0 2381.0 99.10 102.60 33.60 0.00 28.70 98.80 98.90 98.70 98.70 98.50 98.50 98.70
JP FUKUSHIMA-DAIICHI-3 37.422 141.033 BWR 0 2381.0 100.10 103.80 100.20 100.40 100.30 100.10 99.80 99.20 99.10 99.30 99.90 100.10
JP FUKUSHIMA-DAIICHI-4 37.422 141.034 BWR 0 2381.0 92.70 92.30 71.40 0.00 0.00 0.00 41.60 99.30 99.40 99.30 99.70 99.60
JP FUKUSHIMA-DAIICHI-5 37.429 141.031 BWR 0 2381.0 59.50 0.00 0.00 0.00 0.00 23.70 102.10 102.90 102.80 103.30 104.00 104.20
JP FUKUSHIMA-DAIICHI-6 37.429 141.031 BWR 0 3293.0 0.00 74.80 100.50 100.80 100.80 100.70 100.70 100.40 100.40 100.60 100.90 100.90
JP FUKUSHIMA-DAINI-1 37.315 141.024 BWR 0 3293.0 99.50 103.20 99.70 100.00 100.10 99.90 99.60 99.40 99.10 99.20 99.50 99.40
JP FUKUSHIMA-DAINI-2 37.315 141.025 BWR 0 3293.0 100.00 103.70 100.10 100.30 100.30 100.30 100.00 99.50 99.30 99.40 11.80 0.00
JP FUKUSHIMA-DAINI-3 37.315 141.026 BWR 0 3293.0 99.10 102.70 99.30 99.50 99.50 99.50 98.90 72.50 14.70 0.00 0.00 79.00
JP FUKUSHIMA-DAINI-4 37.315 141.027 BWR 0 3293.0 99.90 5.30 0.00 7.30 100.30 100.20 100.00 99.60 99.10 99.20 99.60 99.80
JP GENKAI-1 33.518 129.837 PWR 0 1650.0 0.00 22.50 104.00 104.10 103.90 103.60 102.80 102.60 103.20 103.50 103.90 104.20
JP GENKAI-2 33.517 129.837 PWR 0 1650.0 104.10 107.70 92.60 0.00 0.00 0.00 45.70 102.10 102.90 103.10 103.60 103.90
JP GENKAI-3 33.517 129.837 PWR 0 3423.0 102.70 106.40 102.40 102.80 3.00 0.00 77.10 101.50 102.20 102.30 102.50 102.40
JP GENKAI-4 33.516 129.837 PWR 0 3423.0 12.80 0.00 24.70 101.60 101.40 80.50 101.20 101.30 101.80 101.60 101.80 101.70
JP HAMAOKA-1 34.6202 138.1516 BWR 0 1593.0 0.00 0.00 0.00 0.00 0.00 0.00 0.00 0.00 0.00 0.00 0.00 0.00
JP HAMAOKA-2 34.6202 138.1516 BWR 0 2436.0 0.00 0.00 0.00 0.00 0.00 0.00 0.00 0.00 0.00 0.00 0.00 0.00
JP HAMAOKA-3 34.620 138.141 BWR 0 3293.0 48.70 0.00 0.00 35.60 100.60 100.50 100.30 99.90 99.90 100.10 100.50 100.70
JP HAMAOKA-4 34.620 138.141 BWR 0 3293.0 100.90 104.10 100.40 87.00 85.40 100.60 100.00 86.60 99.90 100.20 100.60 100.70
JP HAMAOKA-5 34.619 138.141 BWR 0 3926.0 104.20 104.20 104.10 104.00 103.80 103.60 103.10 97.70 20.60 0.00 1.70 0.80
JP HIGASHIDORI1(TOHOKU) 41.188 141.393 BWR 0 3293.0 99.60 103.10 66.70 0.00 0.00 0.00 40.20 99.50 99.40 99.40 99.50 99.40
JP IKATA-1 33.491 132.309 PWR 0 1650.0 101.50 105.10 101.90 84.30 0.00 25.20 100.10 98.20 98.00 99.10 99.90 101.00
JP IKATA-2 33.491 132.310 PWR 0 1650.0 51.90 0.00 36.90 101.60 101.00 99.80 99.70 98.40 98.40 98.80 99.70 100.60
JP IKATA-3 33.491 132.312 PWR 0 2660.0 104.50 108.10 104.30 104.60 104.40 104.20 103.80 103.40 20.40 0.00 73.50 104.70
JP KASHIWAZAKIKARIWA-1 37.434 138.598 BWR 0 3293.0 0.00 0.00 0.00 0.00 0.00 0.00 0.00 0.00 0.00 0.00 0.00 0.00
JP KASHIWAZAKIKARIWA-2 37.434 138.598 BWR 0 3293.0 0.00 0.00 0.00 0.00 0.00 0.00 0.00 0.00 0.00 0.00 0.00 0.00
JP KASHIWAZAKIKARIWA-3 37.433 138.598 BWR 0 3293.0 0.00 0.00 0.00 0.00 0.00 0.00 0.00 0.00 0.00 0.00 0.00 0.00
JP KASHIWAZAKIKARIWA-4 37.433 138.598 BWR 0 3293.0 0.00 0.00 0.00 0.00 0.00 0.00 0.00 0.00 0.00 0.00 0.00 0.00
JP KASHIWAZAKIKARIWA-5 37.432 138.598 BWR 0 3293.0 0.00 0.00 0.00 0.00 0.00 0.00 0.00 0.00 0.00 0.00 0.00 0.00
JP KASHIWAZAKIKARIWA-6 37.432 138.598 BWR 0 3926.0 0.00 0.00 0.00 0.00 0.00 0.00 0.00 0.00 0.00 0.00 0.00 0.00
JP KASHIWAZAKIKARIWA-7 37.431 138.598 BWR 0 3926.0 0.00 0.00 0.00 0.00 0.00 0.00 0.00 0.00 0.00 0.00 0.00 0.00
JP MIHAMA-1 35.701 135.962 PWR 0 1031.0 103.20 106.90 80.70 0.00 0.00 18.20 101.00 99.60 100.40 101.60 92.40 103.20
JP MIHAMA-2 35.701 135.962 PWR 0 1456.0 0.00 0.00 0.00 0.00 0.00 0.00 0.80 95.80 99.70 101.00 96.10 102.60
JP MIHAMA-3 35.703 135.961 PWR 0 2440.0 105.50 109.30 105.70 105.90 105.60 105.10 103.80 102.70 0.90 0.00 56.30 105.10
JP OHI-1 35.544 135.652 PWR 0 3423.0 101.80 105.90 102.10 102.10 102.00 11.00 0.00 89.00 100.60 101.00 101.40 101.60
JP OHI-2 35.543 135.652 PWR 0 3423.0 103.70 103.50 91.20 103.70 103.50 103.30 102.50 101.50 102.20 102.90 103.30 103.80
JP OHI-3 35.542 135.652 PWR 0 3423.0 102.30 4.60 0.00 0.00 0.00 0.00 0.00 0.00 0.00 0.00 75.10 101.80
JP OHI-4 35.542 135.652 PWR 0 3423.0 102.70 106.30 102.70 102.80 102.60 102.60 102.20 101.40 29.80 0.00 0.00 76.40
JP ONAGAWA-1 38.400 141.504 BWR 0 1593.0 101.00 46.70 0.00 0.00 0.00 0.00 0.00 0.00 0.00 0.00 0.00 0.00
JP ONAGAWA-2 38.401 141.504 BWR 0 2436.0 3.30 103.40 100.90 101.10 100.60 100.70 100.60 100.30 100.40 100.20 100.50 100.60
JP ONAGAWA-3 38.401 141.504 BWR 0 2436.0 103.50 107.00 103.20 103.30 103.20 103.40 103.20 103.00 103.00 102.90 85.30 0.00
JP SENDAI-1 31.834 130.193 PWR 0 2660.0 106.40 106.70 106.80 106.50 106.20 105.90 104.60 19.70 0.00 0.00 45.70 106.80
JP SENDAI-2 31.834 130.193 PWR 0 2660.0 102.10 106.10 102.50 102.70 102.50 102.50 101.70 101.50 101.90 102.00 81.50 0.00
JP SHIKA-1 37.061 136.728 BWR 0 1593.0 0.00 0.00 0.00 0.00 0.00 0.00 0.00 0.00 0.00 0.00 0.00 0.00
JP JP-59SHIKA-2 37.061 136.729 BWR 0 3926.0 0.00 0.00 0.00 0.00 44.30 104.60 104.50 104.60 104.60 104.70 104.60 104.70
JP SHIMANE-1 35.537 132.999 BWR 0 1380.0 0.00 0.00 0.00 35.20 102.60 102.30 101.10 100.50 101.50 101.60 102.10 102.50
JP SHIMANE-2 35.537 133.000 BWR 0 2436.0 100.30 103.90 100.20 100.10 99.80 99.40 98.10 97.40 19.30 0.00 0.00 0.00
JP TAKAHAMA-1 35.520 135.503 PWR 0 2440.0 105.10 109.00 63.30 0.00 0.00 0.00 67.60 103.10 104.00 104.70 105.30 105.50
JP TAKAHAMA-2 35.520 135.503 PWR 0 2440.0 0.00 0.00 0.00 0.00 0.00 74.40 104.80 103.90 104.80 105.60 106.10 106.00
JP TAKAHAMA-3 35.521 135.503 PWR 0 2660.0 0.00 0.00 0.00 0.00 0.00 0.00 0.00 89.50 104.50 104.80 105.20 105.00
JP TAKAHAMA-4 35.521 135.503 PWR 0 2660.0 105.30 109.00 105.20 105.30 105.10 105.00 104.20 74.50 0.00 0.00 0.00 15.10
JP TOKAI-2 36.466 140.614 BWR 0 3293.0 101.40 105.00 55.10 0.00 0.00 0.00 71.80 102.50 102.50 102.60 102.90 102.80
JP TOMARI-1 43.038 140.515 PWR 0 1650.0 102.20 105.90 102.20 102.40 102.30 102.20 101.50 12.40 0.00 0.00 0.00 46.20
JP TOMARI-2 43.038 140.516 PWR 0 1650.0 102.20 102.20 39.00 0.00 0.00 0.00 0.20 98.30 101.80 102.10 102.40 102.60
JP TOMARI-3 43.034 140.517 PWR 0 0.0 0.00 0.00 0.00 0.00 0.00 0.00 0.00 0.00 0.00 0.00 0.00 0.00
JP TSURUGA-1 35.672 136.079 BWR 0 1070.0 100.00 100.00 100.00 100.00 45.70 98.80 52.30 100.00 100.00 100.00 20.00 0.00
JP TSURUGA-2 35.673 136.080 PWR 0 3411.0 0.00 0.00 0.00 0.00 0.00 0.00 0.00 70.20 51.70 0.00 0.00 0.00
KR KORI-1 35.321 129.295 PWR 0 1729.0 76.50 103.50 100.00 100.20 100.10 99.90 99.70 84.90 99.50 99.70 62.40 69.80
KR KORI-2 35.321 129.296 PWR 0 1882.0 100.70 104.20 100.80 101.00 93.60 0.00 65.50 100.00 100.00 100.20 100.60 94.30
KR KORI-3 35.321 129.297 PWR 0 2785.0 99.50 97.60 99.60 89.30 0.20 79.70 99.30 98.60 98.40 98.90 99.30 99.20
KR KORI-4 35.321 129.298 PWR 0 2785.0 99.70 103.40 99.80 99.90 99.80 99.60 99.80 99.10 98.90 99.20 99.90 72.30
KR HANUL-1 37.093 129.393 PWR 0 2785.0 99.50 103.10 99.60 99.70 99.60 99.50 94.30 98.90 98.10 94.80 99.40 99.40
KR HANUL-2 37.093 129.394 PWR 0 2775.0 100.00 103.60 100.10 100.30 100.10 100.00 99.70 99.40 52.10 2.20 100.00 100.50
KR HANUL-3 37.093 129.395 PWR 0 2825.0 95.50 102.70 96.60 100.70 100.60 96.40 16.70 99.80 99.80 99.80 100.30 100.40
KR HANUL-4 37.093 129.396 PWR 0 2825.0 100.30 103.80 100.30 100.50 100.30 100.00 99.70 99.40 99.50 99.60 99.90 99.80
KR HANUL-5 37.093 129.397 PWR 0 2815.0 99.40 103.40 99.90 100.10 99.90 99.80 99.70 99.40 99.10 99.30 99.70 99.80
KR ULCHIN-6(HANUL-6) 37.093 129.398 PWR 0 2825.0 99.50 103.20 99.70 99.80 99.70 99.60 99.50 99.20 16.60 92.20 100.00 99.90
KR WOLSONG-1 35.710 129.476 PHWR 0 2061.0 44.60 102.30 98.40 98.40 98.10 98.40 97.40 96.70 96.60 97.20 97.40 96.90
KR WOLSONG-2 35.710 129.477 PHWR 0 2061.0 100.30 104.00 100.30 100.40 9.40 99.30 99.70 98.30 97.90 99.00 99.80 93.50
KR WOLSONG-3 35.710 129.478 PHWR 0 2061.0 101.10 104.70 101.10 100.60 100.40 97.50 13.10 99.30 98.80 99.80 100.80 101.00
KR WOLSONG-4 35.710 129.479 PHWR 0 2061.0 100.70 104.30 100.80 27.80 100.60 100.10 100.40 99.10 98.60 99.60 100.50 100.70
KR HANBIT-1 35.404 126.419 PWR 0 2787.0 101.80 105.40 101.80 101.90 101.40 100.60 99.50 98.60 98.80 100.20 101.30 101.50
KR HANBIT-2 35.403 126.419 PWR 0 2787.0 101.80 105.40 101.90 100.00 101.50 100.80 100.00 99.30 14.20 52.80 101.60 101.80
KR HANBIT-3 35.403 126.419 PWR 0 2825.0 100.40 103.90 100.50 98.70 100.10 99.60 99.10 98.50 98.80 48.70 31.90 100.50
KR HANBIT-4 35.402 126.419 PWR 0 2825.0 100.70 102.40 100.70 99.00 83.30 14.70 99.30 99.30 99.60 100.30 100.70 100.90
KR HANBIT-5 35.402 126.419 PWR 0 2825.0 99.70 103.30 99.70 9.60 72.40 100.30 99.80 99.30 99.50 98.20 100.20 100.10
KR HANBIT-6 35.401 126.419 PWR 0 2825.0 100.20 103.90 100.30 100.20 99.70 99.40 98.00 98.20 98.20 98.30 9.20 82.60
LT IGNALINA-2 55.6002 26.4798 LWGR 0 4800 105.60 109.29 105.06 103.02 103.70 103.82 94.45 1.75 25.35 103.17 99.68 103.11
MX LAGUNAVERDE-1 19.719 -96.405 BWR 0 2027.0 98.20 102.10 98.20 91.90 97.20 80.60 95.00 72.90 0.00 0.00 0.00 64.70
MX LAGUNAVERDE-2 19.719 -96.404 BWR 0 2027.0 100.80 100.50 98.90 99.50 98.50 98.00 98.30 97.20 96.60 89.30 91.30 100.00
NL BORSSELE 51.431 3.719 PWR 0 1366 100.92 104.49 100.57 36.13 76.63 99.33 98.85 98.54 99.33 100.43 101.24 101.32
PK CHASNUPP-1 32.392 71.463 PWR 0 999.0 68.50 91.80 92.30 99.60 88.00 98.10 77.00 4.70 0.00 0.00 0.00 0.00
PK KANUPP 24.845 66.790 PHWR 0 433.0 17.00 25.10 57.00 36.20 35.70 8.00 18.80 37.50 41.10 43.40 46.30 54.40
RO CERNAVODA-1 44.322 28.061 PHWR 0 2180 99.98 104.01 100.63 92.76 28.91 0.00 86.81 98.33 99.52 100.88 100.47 100.87
RO CERNAVODA-2 44.322 28.062 PHWR 0 2180 98.95 93.73 99.33 89.38 98.76 97.24 96.53 96.48 98.23 99.74 95.86 100.23
RU BALAKOVO-1 52.092 47.952 PWR 0 3000 101.34 108.14 95.60 104.32 102.69 101.77 99.60 94.76 4.43 0.00 83.25 87.72
RU BALAKOVO-2 52.092 47.954 PWR 0 3000 99.08 108.39 107.10 102.96 99.63 101.53 62.76 2.71 96.29 107.90 100.93 88.39
RU BALAKOVO-3 52.093 47.956 PWR 0 3000 79.02 0.00 75.51 103.58 102.09 101.43 85.66 100.26 103.82 103.14 105.10 98.49
RU BALAKOVO-4 52.093 47.958 PWR 0 3200 99.42 109.13 88.11 96.13 99.63 102.70 101.07 102.21 103.69 103.22 99.10 97.69
RU BELOYARSK-3 56.842 61.319 FBR 0 1470 99.29 103.12 70.85 0.00 12.51 96.26 99.30 100.88 91.17 51.62 101.45 100.28
RU BILIBINO-1 68.059 166.492 LWGR 0 62.0 45.60 0.00 0.00 0.00 17.50 31.80 29.00 44.70 47.80 54.90 55.70 37.50
RU BILIBINO-2 68.059 166.493 LWGR 0 62.0 41.00 55.70 49.70 27.60 0.00 0.00 17.00 14.90 34.40 54.90 40.00 43.30
RU BILIBINO-3 68.059 166.494 LWGR 0 62.0 39.30 53.30 52.70 40.50 46.70 28.60 13.00 0.00 28.10 41.50 37.40 35.00
RU BILIBINO-4 68.059 166.495 LWGR 0 62.0 33.50 53.40 37.60 47.20 35.80 23.30 33.80 31.90 16.30 0.00 18.60 38.30
RU KALININ-1 57.903 35.057 PWR 0 3000 101.43 98.83 97.88 104.32 100.83 90.31 101.26 93.11 0.00 7.86 102.80 104.47
RU KALININ-2 57.904 35.059 PWR 0 3000 103.64 107.19 101.93 103.28 101.36 99.38 12.89 45.92 104.49 105.36 108.42 87.46
RU KALININ-3 57.905 35.061 PWR 0 3200 100.17 106.04 102.54 85.11 0.00 100.22 98.80 99.47 101.70 103.18 102.68 92.76
RU KOLA-1 67.467 32.491 PWR 0 1375 99.78 97.42 102.04 96.59 0.00 4.01 94.77 80.22 97.56 96.35 87.06 47.69
RU KOLA-2 67.467 32.492 PWR 0 1375 45.44 82.18 102.98 102.95 93.64 101.20 54.58 12.57 41.37 47.72 66.24 102.67
RU KOLA-3 67.467 32.493 PWR 0 1375 94.89 77.67 0.00 4.15 69.31 49.38 49.83 67.37 49.45 68.33 46.31 49.29
RU KOLA-4 67.467 32.494 PWR 0 1375 79.65 89.86 99.52 100.71 91.36 43.58 0.00 48.04 86.33 94.45 96.77 102.56
RU KURSK-1 51.674 35.607 LWGR 0 3200 100.94 101.45 89.39 76.52 94.13 65.08 0.00 54.02 93.68 96.26 98.36 90.05
RU KURSK-2 51.674 35.607 LWGR 0 3200 102.41 106.61 99.56 0.00 0.10 99.39 102.35 100.72 102.53 103.82 105.50 90.40
RU KURSK-3 51.673 35.607 LWGR 0 3200 0.00 0.00 0.00 0.00 0.00 0.00 0.00 0.00 22.38 100.19 100.83 88.11
RU KURSK-4 51.673 35.607 LWGR 0 3200 101.15 105.73 101.58 100.93 100.98 97.44 96.87 96.08 98.65 0.00 0.00 0.00
RU LENINGRAD-1 59.840 29.027 LWGR 0 3200 103.00 104.95 102.31 100.03 71.42 0.00 0.00 12.62 102.22 101.59 89.46 81.82
RU LENINGRAD-2 59.840 29.028 LWGR 0 3200 91.12 106.27 101.99 103.09 99.01 95.46 96.86 99.66 101.69 14.03 41.65 90.30
RU LENINGRAD-3 59.840 29.029 LWGR 0 3200 0.00 0.00 0.00 0.00 50.52 99.39 99.24 96.84 100.60 100.53 96.72 94.11
RU LENINGRAD-4 59.840 29.030 LWGR 0 3200 101.57 102.38 96.72 96.73 72.52 97.21 97.69 94.80 83.85 93.56 95.82 82.72
RU NOVOVORONEZH-3 51.274 39.206 PWR 0 1375 81.79 79.95 70.62 67.71 43.67 0.00 40.24 64.96 60.33 56.03 50.03 49.83
RU NOVOVORONEZH-4 51.274 39.206 PWR 0 1375 105.02 95.29 81.66 101.56 100.74 99.77 95.72 94.24 73.45 0.00 71.16 106.07
RU NOVOVORONEZH-5 52.381 39.211 PWR 0 3000 100.15 102.04 100.41 100.77 99.21 99.49 43.37 8.74 96.42 99.00 101.67 102.20
RU ROSTOV-1 47.599 42.373 PWR 0 3200 105.10 109.49 105.68 61.68 13.66 103.22 103.83 104.36 105.64 105.90 105.92 94.09
RU SMOLENSK-1 54.169 33.245 LWGR 0 3200 101.49 105.32 101.14 80.22 63.57 99.91 98.85 98.84 101.63 102.13 101.90 100.20
RU SMOLENSK-2 54.168 33.245 LWGR 0 3200 79.02 12.05 24.12 69.91 101.52 98.91 98.04 98.03 101.36 102.85 102.38 101.24
RU SMOLENSK-3 54.168 33.245 LWGR 0 3200 104.43 107.83 103.82 104.07 102.24 100.69 99.29 34.92 0.00 0.00 0.00 0.00
SK BOHUNICE-2 48.5001 17.6798 PWR 0 1375 94.14 98.74 94.30 96.99 93.68 90.88 92.02 92.54 93.13 94.97 94.40 65.13
SK BOHUNICE-3 48.492 17.687 PWR 0 1430 95.92 96.32 98.22 97.13 96.41 96.28 96.02 23.94 12.90 95.01 96.55 97.52
SK BOHUNICE-4 48.492 17.687 PWR 0 1375 92.80 97.90 91.87 95.03 90.29 0.00 0.00 88.13 94.01 73.08 98.45 97.36
SK MOCHOVCE-1 48.261 18.455 PWR 0 1471 99.48 104.86 99.26 0.28 97.61 95.46 97.46 97.44 95.63 95.79 93.10 97.03
SK MOCHOVCE-2 48.260 18.455 PWR 0 1471 101.67 105.11 101.04 39.13 96.08 94.89 91.81 93.88 83.30 24.56 97.75 95.58
SI KRSKO 45.939 15.516 PWR 0 1994 104.23 107.83 104.05 104.34 103.70 85.21 102.46 102.41 102.78 103.01 104.25 104.20
ZA KOEBERG-1 -33.677 18.433 PWR 0 2785.0 99.10 102.40 90.60 99.00 98.70 98.90 96.40 95.00 99.00 94.10 99.00 99.10
ZA KOEBERG-2 -33.677 18.434 PWR 0 2785.0 40.70 0.00 0.00 42.00 98.80 99.70 68.50 56.60 99.60 99.90 67.30 92.00
ES ALMARAZ-1 39.807 -5.698 PWR 0 2729 100.16 103.79 99.32 42.20 7.88 99.01 98.30 95.19 98.19 99.20 100.40 101.12
ES ALMARAZ-2 39.807 -5.697 PWR 0 2729 100.19 103.78 99.95 100.14 99.83 98.59 97.67 97.49 97.73 99.02 99.63 100.19
ES ASCO-1 41.202 0.571 PWR 0 2931 97.84 101.13 97.02 98.51 98.11 29.42 19.41 95.32 91.65 98.04 99.13 99.01
ES ASCO-2 41.202 0.572 PWR 0 2910 97.29 96.90 96.47 97.66 97.44 97.28 97.04 96.58 96.94 73.98 0.00 28.44
ES COFRENTES 39.216 -1.051 BWR 0 3237 78.33 100.95 99.29 77.68 98.19 90.99 73.69 77.13 99.40 71.27 45.46 99.97
ES SANTAMARIADEGARONA 42.775 -3.205 BWR 0 1381 99.30 103.51 100.17 99.31 100.25 99.44 88.69 96.00 98.90 96.01 99.48 99.39
ES TRILLO-1 40.699 -2.622 PWR 0 3010 99.22 99.18 83.14 0.00 80.22 99.10 98.82 98.73 98.57 99.16 97.89 99.51
ES VANDELLOS-2 40.949 0.867 PWR 0 2941 99.34 102.97 99.32 99.58 98.85 78.23 87.37 72.73 0.00 0.00 78.75 92.06
SE FORSMARK-1 60.405 18.168 BWR 0 2928 92.34 103.29 100.38 100.05 33.70 0.00 68.37 89.22 97.93 98.53 99.24 93.24
SE FORSMARK-2 60.405 18.170 BWR 0 2928 99.58 96.60 96.34 100.21 98.59 39.80 64.11 47.69 26.95 93.25 94.66 97.64
SE FORSMARK-3 60.407 18.155 BWR 0 3300 100.99 104.76 100.94 100.61 99.08 77.74 37.63 51.91 96.59 65.59 0.00 0.00
SE OSKARSHAMN-1 57.415 16.666 BWR 0 1375 97.59 104.45 89.50 100.73 87.63 47.77 20.04 96.08 96.95 84.91 98.17 97.44
SE OSKARSHAMN-2 57.415 16.667 BWR 0 1800 98.28 97.70 81.83 97.40 29.34 58.74 95.94 90.88 95.53 96.83 97.73 97.23
SE OSKARSHAMN-3 57.416 16.671 BWR 0 3300 99.66 72.66 99.40 99.61 98.19 97.69 97.62 90.38 87.92 2.67 0.00 0.00
SE RINGHALS-1 57.259 12.111 BWR 0 2540 100.08 103.73 100.08 99.20 97.09 96.65 93.54 40.99 0.00 0.00 0.00 0.00
SE RINGHALS-2 57.259 12.112 PWR 0 2660 98.74 77.79 99.79 99.35 2.65 25.62 84.66 58.03 86.47 89.21 92.71 93.18
SE RINGHALS-3 57.259 12.113 PWR 0 3160 95.55 104.04 99.96 99.56 97.59 94.93 51.95 24.97 89.57 99.40 100.34 101.62
SE RINGHALS-4 57.259 12.114 PWR 0 2775 100.47 104.26 100.64 99.96 87.97 9.62 85.87 91.78 96.16 97.64 99.21 100.33
CH BEZNAU-1 47.552 8.229 PWR 1 1130 100.53 104.11 100.37 100.53 99.74 17.51 88.19 97.87 99.04 99.97 100.51 100.68
CH BEZNAU-2 47.552 8.230 PWR 1 1130 98.74 103.88 100.25 98.47 99.73 98.76 98.02 57.61 99.01 99.87 99.86 100.38
CH GOESGEN 47.366 7.969 PWR 1 2900 102.17 105.25 101.56 101.45 93.40 12.22 100.19 100.25 101.15 101.50 102.20 102.62
CH LEIBSTADT 47.601 8.183 BWR 0 3600 100.55 104.14 99.48 100.04 98.10 96.53 93.39 5.49 98.46 99.45 100.18 100.88
CH MUEHLEBERG 46.969 7.266 BWR 0 1097 104.70 104.41 104.33 103.53 103.43 100.82 101.15 26.61 80.07 106.12 102.81 106.82
GB DUNGENESSB-1 50.913 0.962 GCR 0 1500 92.64 92.59 50.64 0.00 0.00 36.35 8.99 0.00 0.00 38.52 99.71 99.88
GB DUNGENESSB-2 50.912 0.962 GCR 0 1500 33.89 67.22 54.38 96.99 98.17 59.38 0.00 0.00 0.00 0.00 0.00 0.00
GB HARTLEPOOLA-1 54.634 -1.180 GCR 0 1500 0.00 0.00 0.00 0.00 0.00 0.00 0.00 0.00 0.00 0.00 0.00 0.00
GB HARTLEPOOLA-2 54.634 -1.180 GCR 0 1500 0.00 0.00 0.00 0.00 0.00 0.00 0.00 0.00 0.00 0.00 0.00 0.00
GB HEYSHAMA-1 54.029 -2.912 GCR 0 1500 0.00 0.00 0.00 0.00 0.00 0.00 0.00 0.00 0.00 0.00 0.00 0.00
GB HEYSHAMA-2 54.028 -2.912 GCR 0 1500 0.00 0.00 0.00 0.00 0.00 0.00 0.00 0.00 0.00 0.00 0.00 0.00
GB HEYSHAMB-1 54.028 -2.912 GCR 0 1550 91.38 102.22 84.13 99.10 82.42 92.77 97.53 90.74 36.05 0.00 27.14 62.60
GB HEYSHAMB-2 54.027 -2.912 GCR 0 1550 46.69 101.88 99.90 84.16 98.79 74.43 75.29 97.88 86.11 99.06 84.74 94.39
GB HINKLEYPOINTB-1 51.208 -3.131 GCR 0 1494 90.45 89.43 58.43 52.96 32.82 79.34 0.00 78.80 94.24 99.67 100.18 93.39
GB HINKLEYPOINTB-2 51.208 -3.131 GCR 0 1494 95.49 95.50 95.78 100.91 80.84 90.47 100.75 95.87 62.05 0.00 0.00 74.71
GB HUNTERSTONB-1 55.721 -4.893 GCR 0 1496 80.15 0.00 0.00 0.00 68.31 86.19 101.27 85.20 100.08 65.68 37.43 106.47
GB HUNTERSTONB-2 55.721 -4.893 GCR 0 1496 89.45 84.12 87.19 39.02 23.11 0.00 0.00 42.06 91.98 94.55 88.67 103.40
GB OLDBURYA-1 51.649 -2.567 GCR 0 730 0.00 0.00 0.00 0.00 0.00 0.00 0.00 0.00 0.00 0.00 0.00 0.00
GB OLDBURYA-2 51.649 -2.567 GCR 0 660 81.07 98.57 96.04 95.79 94.67 92.91 75.48 35.20 90.48 96.72 96.95 96.04
GB SIZEWELLB 52.215 1.623 PWR 0 3425 99.65 103.20 50.09 46.28 94.43 98.65 99.06 98.91 90.92 99.40 92.08 100.14
GB TORNESS-1 55.966 -2.399 GCR 0 1623 65.08 98.51 84.10 32.12 74.55 86.30 92.37 95.82 86.35 96.41 88.90 95.42
GB TORNESS-2 55.966 -2.399 GCR 0 1623 75.53 72.42 76.03 92.58 98.05 91.05 98.42 89.91 96.55 84.92 97.20 87.84
GB WYLFA-1 53.416 -4.480 GCR 0 1920 98.56 96.86 97.46 93.15 97.40 85.88 86.38 83.70 86.09 90.11 89.01 98.14
GB WYLFA-2 53.415 -4.480 GCR 0 1920 89.68 87.12 92.24 23.20 0.00 0.00 0.00 13.67 41.22 77.59 73.76 85.14
UA KHMELNITSKI-1 50.301 26.649 PWR 0 3000 101.25 105.20 80.44 90.38 100.04 53.85 0.00 25.77 101.37 101.71 85.82 101.34
UA KHMELNITSKI-2 50.301 26.647 PWR 0 3000 0.00 56.04 102.69 102.90 101.75 69.83 0.00 0.00 15.41 69.20 93.75 102.60
UA ROVNO-1 51.326 25.900 PWR 0 1375 106.13 96.16 77.98 82.82 100.28 99.39 98.05 97.18 93.92 29.17 0.00 0.00
UA ROVNO-2 51.326 25.901 PWR 0 1375 107.42 66.51 95.48 95.58 87.76 80.17 99.05 98.62 99.87 79.93 54.08 0.00
UA ROVNO-3 51.326 25.902 PWR 0 3000 87.74 92.25 88.81 46.05 0.00 14.82 88.88 95.84 95.25 98.03 98.53 99.29
UA ROVNO-4 51.326 25.903 PWR 0 3000 79.63 73.60 52.02 58.35 54.88 55.49 66.08 47.24 0.00 31.64 33.02 78.04
UA SOUTHUKRAINE-1 47.811 31.220 PWR 0 3000 106.19 100.24 99.38 86.89 90.78 94.61 94.15 18.97 18.22 99.93 96.63 88.82
UA SOUTHUKRAINE-2 47.811 31.220 PWR 0 3000 101.98 89.86 99.24 98.83 88.30 17.43 0.00 80.25 96.46 99.89 95.51 88.02
UA SOUTHUKRAINE-3 47.812 31.224 PWR 0 3000 98.27 102.42 60.39 64.67 71.76 71.07 71.70 78.09 13.01 0.00 6.96 21.95
UA ZAPOROZHYE-1 47.508 34.627 PWR 0 3000 97.01 101.96 100.47 35.80 0.00 46.69 95.04 95.16 97.25 98.52 94.42 34.10
UA ZAPOROZHYE-2 47.508 34.627 PWR 0 3000 99.46 105.14 100.81 92.42 99.53 0.00 24.93 98.18 97.41 99.66 68.55 89.34
UA ZAPOROZHYE-3 47.507 34.627 PWR 0 3000 98.00 101.89 98.08 97.13 94.60 93.66 87.34 91.39 92.82 0.00 34.17 99.37
UA ZAPOROZHYE-4 47.507 34.627 PWR 0 3000 72.32 0.00 0.00 92.71 99.58 98.36 91.92 90.92 80.38 95.98 67.34 74.78
UA ZAPOROZHYE-5 47.506 34.627 PWR 0 3000 89.87 106.15 101.21 99.65 96.33 97.69 96.34 10.80 34.49 98.59 76.36 94.05
UA ZAPOROZHYE-6 47.506 34.627 PWR 0 3000 70.98 108.26 103.89 8.85 0.00 99.46 98.74 99.31 100.32 100.13 60.77 67.49
US ANO-1 35.310 -93.230 PWR 0 2568.0 102.10 56.70 102.10 100.80 97.50 100.60 99.80 99.80 101.00 82.20 0.00 47.30
US ANO-2 35.310 -93.229 PWR 0 3026.0 101.70 89.20 50.10 62.10 101.00 100.50 95.70 100.40 100.90 101.30 101.60 101.80
US BEAVERVALLEY-1 40.624 -80.432 PWR 0 2689.0 102.80 97.60 100.60 102.10 102.00 100.90 100.50 101.10 101.40 102.30 102.40 102.80
US BEAVERVALLEY-2 40.624 -80.431 PWR 0 2689.0 102.70 102.80 102.90 41.90 18.30 99.30 99.60 100.00 94.50 85.60 101.60 101.80
US BRAIDWOOD-1 41.247 -88.230 PWR 0 3587.0 97.80 100.30 102.60 102.30 102.10 100.70 100.10 100.10 100.70 102.00 102.30 102.40
US BRAIDWOOD-2 41.247 -88.229 PWR 0 3587.0 102.00 98.70 102.10 64.80 42.00 100.20 99.60 99.50 100.20 101.30 102.00 93.50
US BROWNSFERRY-1 34.704 -87.119 BWR 0 3458.0 102.00 103.90 103.40 100.70 99.50 99.60 98.80 75.00 100.50 78.60 0.00 88.70
US BROWNSFERRY-2 34.703 -87.119 BWR 0 3458.0 101.00 103.30 102.70 101.60 100.80 97.20 97.80 96.00 76.30 85.30 102.60 102.40
US BROWNSFERRY-3 34.703 -87.119 BWR 0 3458.0 31.10 98.80 48.60 0.00 37.10 89.20 79.40 82.80 89.70 90.50 90.60 92.40
US BRUNSWICK-1 33.958 -78.007 BWR 0 2923.0 102.30 99.50 41.10 1.10 101.00 101.60 101.40 100.70 102.00 102.70 67.00 102.10
US BRUNSWICK-2 33.957 -78.007 BWR 0 2923.0 101.20 101.70 91.70 100.20 100.00 98.20 99.10 94.40 83.90 100.40 72.80 101.10
US BYRON-1 42.074 -89.277 PWR 0 3587.0 102.40 102.40 75.00 50.30 102.00 101.10 100.50 100.90 101.30 101.90 102.00 102.20
US BYRON-2 42.074 -89.276 PWR 0 3587.0 102.80 102.70 102.50 102.10 101.90 101.30 101.20 101.30 101.40 35.80 102.70 102.70
US CALLAWAY-1 38.763 -91.781 PWR 0 3565.0 103.90 104.00 101.50 102.70 102.20 100.60 99.30 100.50 101.50 31.80 67.50 62.70
US CALVERTCLIFFS-1 38.435 -76.439 PWR 0 2700.0 102.20 76.10 50.50 101.50 100.70 98.20 96.30 96.00 98.10 98.70 100.70 101.20
US CALVERTCLIFFS-2 38.434 -76.439 PWR 0 2700.0 102.00 101.20 101.00 100.60 99.50 98.70 96.20 95.40 96.10 98.50 100.90 101.10
US CATAWBA-1 35.053 -81.071 PWR 0 3411.0 103.50 103.40 103.00 103.00 5.90 28.30 101.70 101.80 102.00 103.10 103.70 102.70
US CATAWBA-2 35.053 -81.070 PWR 0 3411.0 104.00 103.70 103.60 103.20 102.30 101.40 102.00 101.90 102.40 103.10 103.40 103.60
US CLINTON-1 40.172 -88.834 BWR 0 3473.0 32.30 75.10 103.10 103.20 102.90 102.60 102.40 102.30 102.20 102.70 103.20 87.50
US COLUMBIA 46.471 -119.333 BWR 0 3486.0 97.70 99.30 95.90 98.60 89.40 87.50 95.30 85.40 96.90 97.60 77.60 98.50
US COMANCHEPEAK-1 32.301 -97.787 PWR 0 3458.0 102.20 91.60 102.10 101.90 101.60 101.10 100.50 100.50 86.80 45.80 106.60 106.90
US COMANCHEPEAK-2 32.301 -97.786 PWR 0 3458.0 102.40 102.50 87.50 33.80 101.60 101.20 100.80 100.70 101.00 101.60 101.50 102.20
US COOPER 40.361 -95.643 BWR 0 2381.0 103.10 101.70 92.40 31.00 38.10 99.60 98.70 88.00 102.10 103.00 102.50 102.80
US CRYSTALRIVER-3 28.966 -82.697 PWR 0 2568.0 101.10 104.10 33.60 104.20 97.40 102.80 102.50 86.50 103.30 104.10 104.20 99.00
US DAVISBESSE-1 41.597 -83.092 PWR 0 2772.0 0.00 48.70 101.50 100.80 102.30 99.70 102.10 103.20 101.60 102.60 102.80 88.60
US DIABLOCANYON-1 35.212 -120.854 PWR 0 3338.0 100.00 101.40 101.50 101.60 95.20 101.40 101.10 101.00 100.80 98.30 100.60 100.60
US DIABLOCANYON-2 35.212 -120.853 PWR 0 3411.0 99.50 5.50 0.00 56.10 102.10 101.70 101.50 50.80 79.30 86.10 100.90 101.00
US COOK-1 41.975 -86.564 PWR 0 3304.0 108.30 92.90 82.40 1.00 105.50 102.90 101.40 100.90 67.70 0.00 0.00 0.00
US COOK-2 41.975 -86.563 PWR 0 3468.0 102.90 104.90 105.10 103.90 99.40 101.80 99.50 81.50 100.80 102.90 104.50 104.30
US DRESDEN-2 41.386 -88.268 BWR 0 2527.0 100.40 100.40 99.90 100.30 100.20 99.90 100.10 100.10 76.30 98.90 100.30 99.80
US DRESDEN-3 41.385 -88.268 BWR 0 2527.0 67.90 100.40 100.30 100.40 100.20 100.20 100.10 98.90 98.90 88.60 33.20 100.80
US DUANEARNOLD-1 42.101 -91.776 BWR 0 1912.0 105.90 105.90 105.10 105.40 104.50 101.80 102.10 99.80 103.40 104.70 104.90 101.00
US FERMI-2 41.963 -83.257 BWR 0 3430.0 98.70 88.10 99.70 99.20 98.70 96.90 96.90 97.10 97.20 98.90 99.40 99.30
US FARLEY-1 31.223 -85.115 PWR 0 2775.0 101.90 101.50 101.50 101.40 100.80 100.60 70.20 93.30 100.60 101.00 95.10 101.60
US FARLEY-2 31.223 -85.114 PWR 0 2775.0 101.50 101.60 101.30 97.00 100.90 100.40 100.00 100.00 100.30 54.20 19.50 102.00
US FITZPATRICK 43.521 -76.403 BWR 0 2536.0 96.40 100.60 100.40 85.30 94.60 98.50 92.30 95.70 40.90 66.60 100.60 100.50
US FORTCALHOUN-1 41.520 -96.076 PWR 0 1500.0 105.30 105.10 71.90 63.40 0.00 35.60 100.60 97.30 103.10 104.50 105.10 105.60
US GRANDGULF-1 32.007 -91.045 BWR 0 3833.0 84.20 80.60 86.40 99.10 100.10 99.10 99.50 98.40 67.90 2.60 96.30 100.90
US ROBINSON-2 34.402 -80.158 PWR 0 2339.0 106.90 106.90 104.80 105.90 104.90 102.70 102.00 101.50 82.80 0.00 27.60 99.30
US HATCH-1 31.935 -82.346 BWR 0 2804.0 100.30 7.60 22.40 99.60 100.60 98.80 84.50 100.30 95.10 100.50 88.30 101.80
US HATCH-2 31.934 -82.346 BWR 0 2804.0 101.70 101.70 87.50 100.90 68.80 99.00 99.70 99.40 98.40 99.50 101.20 100.10
US HOPECREEK-1 39.467 -75.535 BWR 0 3339.0 96.30 100.90 101.50 100.90 101.30 97.50 97.80 99.10 100.70 102.60 102.00 104.70
US INDIANPOINT-2 41.269 -73.950 PWR 0 3216.0 101.10 101.20 73.70 26.70 100.80 96.90 98.40 98.50 99.20 100.10 100.70 100.90
US INDIANPOINT-3 41.269 -73.950 PWR 0 3216.0 102.30 102.30 102.30 102.30 102.20 101.80 100.90 101.00 101.50 102.00 100.30 102.30
US KEWAUNEE 44.470 -87.498 PWR 0 1772.0 102.40 102.80 91.80 0.00 68.60 102.60 102.60 96.40 102.10 102.20 102.80 102.70
US LASALLE-1 41.246 -88.672 BWR 0 3489.0 74.90 7.40 96.90 103.10 102.40 101.50 100.40 100.50 93.80 94.10 103.30 103.10
US LASALLE-2 41.246 -88.672 BWR 0 3489.0 103.00 103.20 102.20 102.60 101.00 101.10 100.00 99.40 98.30 102.00 102.80 99.90
US LIMERICK-1 40.225 -75.584 BWR 0 3458.0 100.40 92.60 24.30 101.80 101.20 99.50 99.20 99.90 99.90 101.90 102.60 103.00
US LIMERICK-2 40.225 -75.584 BWR 0 3458.0 103.10 58.70 102.80 100.60 101.00 99.30 99.00 99.90 97.70 100.40 102.50 102.90
US MCGUIRE-1 35.433 -80.946 PWR 0 3411.0 104.80 105.20 104.80 104.30 103.70 88.40 100.60 101.10 64.00 0.00 56.60 105.30
US MCGUIRE-2 35.433 -80.946 PWR 0 3411.0 105.40 105.50 0.00 41.20 104.90 103.60 102.50 102.00 102.80 104.20 105.00 105.60
US MILLSTONE-2 41.312 -72.166 PWR 0 2700.0 100.40 100.30 100.30 16.10 28.00 91.80 96.50 99.70 99.50 99.30 99.70 99.40
US MILLSTONE-3 41.311 -72.166 PWR 0 3411.0 100.40 100.30 100.40 100.00 100.00 99.20 98.30 98.30 98.90 34.70 17.20 108.00
US MONTICELLO 45.334 -93.850 BWR 0 1775.0 103.40 103.30 103.50 103.30 102.50 100.80 99.20 99.10 41.30 102.60 102.60 102.40
US NINEMILEPOINT-1 43.522 -76.412 BWR 0 1850.0 100.90 101.00 101.00 100.80 99.50 97.00 96.30 96.20 97.30 85.00 99.90 100.40
US NINEMILEPOINT-2 43.521 -76.413 BWR 0 3467.0 100.40 100.10 67.50 41.20 99.70 98.50 97.50 98.90 99.00 99.50 85.70 99.90
US NORTHANNA-1 38.061 -77.792 PWR 0 2893.0 101.40 101.30 101.50 101.50 101.30 100.50 100.10 100.30 100.60 100.10 98.20 101.30
US NORTHANNA-2 38.061 -77.792 PWR 0 2893.0 94.60 74.30 101.10 101.00 100.90 100.00 99.70 100.00 43.20 0.00 57.80 101.60
US OCONEE-1 34.796 -82.894 PWR 0 2568.0 102.20 101.90 74.90 27.00 0.00 95.00 100.50 99.60 99.80 100.70 101.60 102.30
US OCONEE-2 34.796 -82.894 PWR 0 2568.0 103.60 103.40 101.90 95.70 102.30 102.30 101.20 100.30 84.50 78.10 0.00 58.30
US OCONEE-3 34.795 -82.894 PWR 0 2568.0 103.50 103.80 103.80 103.70 103.50 103.00 102.00 101.00 101.20 102.30 92.10 103.20
US OYSTERCREEK 39.815 -74.208 BWR 0 1930.0 92.10 92.90 91.80 80.10 99.70 97.40 96.10 97.60 98.20 70.90 27.20 84.40
US PALISADES 42.323 -86.316 PWR 0 2565.0 94.00 104.60 105.00 103.50 96.10 101.20 100.60 84.10 101.30 102.80 103.70 104.20
US PALOVERDE-1 33.387 -112.863 PWR 0 3990.0 101.20 101.30 101.10 100.70 101.00 88.40 99.70 99.90 98.90 9.10 33.90 102.10
US PALOVERDE-2 33.387 -112.863 PWR 0 3990.0 102.00 102.10 91.80 0.00 0.00 75.50 100.30 100.30 100.70 101.60 70.90 51.50
US PALOVERDE-3 33.386 -112.863 PWR 0 3990.0 32.40 100.90 100.80 101.00 100.60 100.30 99.40 99.50 72.80 98.50 100.60 101.10
US PEACHBOTTOM-2 39.759 -76.270 BWR 0 3514.0 101.70 103.20 103.20 102.30 100.90 100.50 96.90 88.80 36.80 33.60 103.70 103.70
US PEACHBOTTOM-3 39.758 -76.270 BWR 0 3514.0 102.80 87.70 102.80 102.50 101.10 101.40 100.70 101.00 100.40 101.70 102.30 102.50
US PERRY-1 41.801 -81.147 BWR 0 3758.0 102.70 102.80 95.90 66.70 101.50 98.20 99.50 100.20 99.40 101.50 101.80 101.20
US PILGRIM-1 41.945 -70.578 BWR 0 2028.0 100.40 100.40 100.30 91.00 99.50 98.20 99.60 97.50 98.90 98.60 99.70 86.60
US POINTBEACH-1 44.282 -87.534 PWR 0 1540.0 50.80 85.60 100.60 100.70 98.80 99.90 99.90 97.50 98.90 12.20 52.70 100.40
US POINTBEACH-2 44.281 -87.534 PWR 0 1540.0 101.40 101.40 101.50 15.60 58.90 101.80 100.90 98.50 99.80 100.80 101.40 100.50
US PRAIRIEISLAND-1 44.622 -92.631 PWR 0 1650.0 99.10 35.70 18.20 96.30 94.20 93.30 90.80 87.20 95.90 97.50 98.30 98.50
US PRAIRIEISLAND-2 44.622 -92.631 PWR 0 1650.0 99.70 99.70 97.50 97.00 95.40 95.10 94.90 95.10 58.50 0.00 86.10 99.50
US QUADCITIES-1 41.727 -90.308 BWR 0 2957.0 100.10 93.70 99.90 95.40 99.30 99.50 99.90 100.00 99.60 100.00 92.90 99.60
US QUADCITIES-2 41.726 -90.308 BWR 0 2511.0 99.80 97.80 5.60 98.50 100.20 100.40 100.20 99.20 99.50 99.10 100.30 62.50
US GINNA 43.279 -77.311 PWR 0 1775.0 116.40 116.40 116.40 76.50 70.50 115.40 113.30 113.10 114.60 115.80 116.60 116.70
US RIVERBEND-1 30.727 -91.372 BWR 0 3091.0 16.20 0.00 48.30 102.00 99.90 96.10 100.80 99.50 23.80 101.90 102.40 101.60
US SALEM-1 39.463 -75.534 PWR 0 3459.0 97.70 101.00 96.20 99.90 100.10 99.20 97.60 98.10 97.80 43.80 54.40 100.60
US SALEM-2 39.463 -75.534 PWR 0 3459.0 102.20 101.30 30.90 0.00 50.00 98.90 98.70 100.00 96.80 97.70 98.10 102.30
US SANONOFRE-2 33.367 -117.556 PWR 0 3438.0 35.10 104.00 105.20 100.20 104.50 73.70 103.70 104.40 100.90 104.80 104.50 90.50
US SANONOFRE-3 33.367 -117.556 PWR 0 3438.0 104.70 99.10 105.00 51.80 47.40 103.60 104.20 99.90 51.30 27.30 0.00 33.00
US SEABROOK-1 42.897 -70.849 PWR 0 3587.0 61.30 96.90 99.70 0.00 72.10 95.50 100.10 99.90 100.00 100.00 99.70 100.00
US SEQUOYAH-1 35.228 -85.094 PWR 0 3411.0 95.20 102.40 102.40 102.20 100.90 100.80 99.40 99.30 102.30 100.00 102.10 102.70
US SEQUOYAH-2 35.227 -85.094 PWR 0 3411.0 103.40 103.10 103.00 95.40 10.20 82.80 99.40 96.60 97.90 102.80 64.80 103.20
US HARRIS-1 35.635 -78.955 PWR 0 2900.0 103.40 102.80 102.30 102.00 101.50 100.00 100.40 65.20 101.30 102.50 103.10 103.30
US SOUTHTEXAS-1 28.797 -96.044 PWR 0 3853.0 106.60 106.50 89.60 10.60 105.10 104.00 103.70 103.70 104.40 104.60 106.10 106.60
US SOUTHTEXAS-2 28.796 -96.044 PWR 0 3853.0 106.60 106.40 106.10 105.30 104.90 103.60 103.30 103.30 100.20 11.10 90.10 106.60
US ST.LUCIE-1 27.348 -80.244 PWR 0 2700.0 102.40 102.40 100.20 102.20 102.00 101.90 102.10 80.80 100.70 59.70 29.60 102.70
US ST.LUCIE-2 27.348 -80.244 PWR 0 2700.0 75.70 73.50 101.00 101.40 101.80 86.90 102.10 101.70 101.30 101.80 102.80 102.70
US SURRY-1 37.166 -76.700 PWR 0 2546.0 101.50 101.30 101.60 83.00 100.70 100.40 100.10 100.10 100.50 86.30 101.20 101.50
US SURRY-2 37.166 -76.700 PWR 0 2546.0 101.90 101.60 101.90 86.00 32.90 100.70 100.40 100.30 100.20 101.00 101.70 101.80
US SUSQUEHANNA-1 41.093 -76.143 PWR 0 3489.0 101.10 100.20 9.40 38.00 103.00 100.40 101.80 97.70 103.30 105.00 105.10 106.00
US SUSQUEHANNA-2 41.092 -76.143 BWR 0 3489.0 102.70 102.40 102.60 101.10 101.30 98.50 98.70 99.20 98.90 101.10 100.70 101.90
US THREEMILEISLAND-1 40.154 -76.727 BWR 0 2568.0 108.50 108.60 108.20 107.10 106.50 104.90 104.60 105.30 104.50 106.10 107.70 108.10
US TURKEYPOINT-3 25.435 -80.330 PWR 0 2300.0 105.20 91.40 94.10 104.10 102.40 95.40 101.10 101.10 102.20 103.30 104.80 104.80
US TURKEYPOINT-4 25.435 -80.329 PWR 0 2300.0 104.70 90.80 96.10 0.00 58.80 102.20 101.40 73.30 102.40 91.00 105.30 105.30
US VERMONTYANKEE 42.779 -72.514 PWR 0 1912.0 101.20 100.80 99.30 94.50 98.60 95.60 76.70 97.70 93.20 55.20 66.40 99.80
US SUMMER-1 34.299 -81.314 BWR 0 2900.0 77.50 96.90 101.40 82.60 0.00 51.50 100.60 100.40 100.70 101.20 101.40 101.50
US VOGTLE-1 33.143 -81.760 PWR 0 3565.0 103.80 103.50 46.50 15.40 106.00 104.90 104.80 104.70 104.90 106.00 106.90 106.80
US VOGTLE-2 33.142 -81.760 PWR 0 3565.0 103.30 103.10 102.70 102.00 101.50 100.40 100.20 100.20 39.70 19.80 79.70 105.50
US WATERFORD-3 29.994 -90.471 PWR 0 3716.0 102.60 102.80 102.70 88.50 0.00 94.20 101.80 101.20 68.30 102.50 102.70 102.70
US WATTSBAR-1 35.601 -84.789 PWR 0 3459.0 104.50 33.50 14.40 103.60 69.60 97.70 100.20 67.40 82.40 103.00 104.30 104.90
US WOLFCREEK 38.239 -95.691 PWR 0 3565.0 82.90 102.00 53.50 0.00 50.50 100.90 100.40 99.80 101.00 101.80 102.10 102.10
