JP FUGENATR 35.7544 136.0164 HWLWR 1 557 46.8 46.8 46.8 46.8 46.8 46.8 46.8 46.8 46.8 46.8 46.8 46.8
JP FUKUSHIMA-DAIICHI-1 37.422 141.031 BWR 0 1380 81.1 81.1 81.1 81.1 81.1 81.1 81.1 81.1 81.1 81.1 81.1 81.1
JP FUKUSHIMA-DAIICHI-2 37.422 141.032 BWR 0 2381 76.6 76.6 76.6 76.6 76.6 76.6 76.6 76.6 76.6 76.6 76.6 76.6
JP FUKUSHIMA-DAIICHI-3 37.422 141.033 BWR 0 2381 53.6 53.6 53.6 53.6 53.6 53.6 53.6 53.6 53.6 53.6 53.6 53.6
JP FUKUSHIMA-DAIICHI-4 37.422 141.034 BWR 0 2381 70.4 70.4 70.4 70.4 70.4 70.4 70.4 70.4 70.4 70.4 70.4 70.4
JP FUKUSHIMA-DAIICHI-5 37.429 141.031 BWR 0 2381 99.0 99.0 99.0 99.0 99.0 99.0 99.0 99.0 99.0 99.0 99.0 99.0
JP FUKUSHIMA-DAIICHI-6 37.429 141.031 BWR 0 3293 67.1 67.1 67.1 67.1 67.1 67.1 67.1 67.1 67.1 67.1 67.1 67.1
JP FUKUSHIMA-DAINI-1 37.315 141.024 BWR 0 3293 98.8 98.8 98.8 98.8 98.8 98.8 98.8 98.8 98.8 98.8 98.8 98.8
JP FUKUSHIMA-DAINI-2 37.315 141.025 BWR 0 3293 49.7 49.7 49.7 49.7 49.7 49.7 49.7 49.7 49.7 49.7 49.7 49.7
JP FUKUSHIMA-DAINI-3 37.315 141.026 BWR 0 3293 65.5 65.5 65.5 65.5 65.5 65.5 65.5 65.5 65.5 65.5 65.5 65.5
JP FUKUSHIMA-DAINI-4 37.315 141.027 BWR 0 3293 64.0 64.0 64.0 64.0 64.0 64.0 64.0 64.0 64.0 64.0 64.0 64.0
JP GENKAI-1 33.518 129.837 PWR 0 1650 82.5 82.5 82.5 82.5 82.5 82.5 82.5 82.5 82.5 82.5 82.5 82.5
JP GENKAI-2 33.517 129.837 PWR 0 1650 88.6 88.6 88.6 88.6 88.6 88.6 88.6 88.6 88.6 88.6 88.6 88.6
JP GENKAI-3 33.517 129.837 PWR 0 3423 96.8 96.8 96.8 96.8 96.8 96.8 96.8 96.8 96.8 96.8 96.8 96.8
JP GENKAI-4 33.516 129.837 PWR 0 3423 83.1 83.1 83.1 83.1 83.1 83.1 83.1 83.1 83.1 83.1 83.1 83.1
JP HAMAOKA-1 34.6202 138.1516 BWR 0 1593 0.00 0.00 0.00 0.00 0.00 0.00 0.00 0.00 0.00 0.00 0.00 0.00
JP HAMAOKA-2 34.6202 138.1516 BWR 0 2436 2.3 2.3 2.3 2.3 2.3 2.3 2.3 2.3 2.3 2.3 2.3 2.3
JP HAMAOKA-3 34.620 138.141 BWR 0 3293 68.6 68.6 68.6 68.6 68.6 68.6 68.6 68.6 68.6 68.6 68.6 68.6
JP HAMAOKA-4 34.620 138.141 BWR 0 3293 67.3 67.3 67.3 67.3 67.3 67.3 67.3 67.3 67.3 67.3 67.3 67.3
JP HAMAOKA-5 34.619 138.141 BWR 0 0.00 0.00 0.00 0.00 0.00 0.00 0.00 0.00 0.00 0.00 0.00 0.00 0.00
JP HIGASHIDORI1(TOHOKU) 41.188 141.393 BWR 0 0.00 0.00 0.00 0.00 0.00 0.00 0.00 0.00 0.00 0.00 0.00 0.00 0.00
JP IKATA-1 33.491 132.309 PWR 0 1650 74.9 74.9 74.9 74.9 74.9 74.9 74.9 74.9 74.9 74.9 74.9 74.9
JP IKATA-2 33.491 132.310 PWR 0 1650 100.1 100.1 100.1 100.1 100.1 100.1 100.1 100.1 100.1 100.1 100.1 100.1
JP IKATA-3 33.491 132.312 PWR 0 2660 89.0 89.0 89.0 89.0 89.0 89.0 89.0 89.0 89.0 89.0 89.0 89.0
JP KASHIWAZAKIKARIWA-1 37.434 138.598 BWR 0 3293 63.2 63.2 63.2 63.2 63.2 63.2 63.2 63.2 63.2 63.2 63.2 63.2
JP KASHIWAZAKIKARIWA-2 37.434 138.598 BWR 0 3293 62.8 62.8 62.8 62.8 62.8 62.8 62.8 62.8 62.8 62.8 62.8 62.8
JP KASHIWAZAKIKARIWA-3 37.433 138.598 BWR 0 3293 59.6 59.6 59.6 59.6 59.6 59.6 59.6 59.6 59.6 59.6 59.6 59.6
JP KASHIWAZAKIKARIWA-4 37.433 138.598 BWR 0 3293 98.8 98.8 98.8 98.8 98.8 98.8 98.8 98.8 98.8 98.8 98.8 98.8
JP KASHIWAZAKIKARIWA-5 37.432 138.598 BWR 0 3293 87.6 87.6 87.6 87.6 87.6 87.6 87.6 87.6 87.6 87.6 87.6 87.6
JP KASHIWAZAKIKARIWA-6 37.432 138.598 BWR 0 3926 99.9 99.9 99.9 99.9 99.9 99.9 99.9 99.9 99.9 99.9 99.9 99.9
JP KASHIWAZAKIKARIWA-7 37.431 138.598 BWR 0 3926 69.4 69.4 69.4 69.4 69.4 69.4 69.4 69.4 69.4 69.4 69.4 69.4
JP MIHAMA-1 35.701 135.962 PWR 0 1031 77.0 77.0 77.0 77.0 77.0 77.0 77.0 77.0 77.0 77.0 77.0 77.0
JP MIHAMA-2 35.701 135.962 PWR 0 1456 87.7 87.7 87.7 87.7 87.7 87.7 87.7 87.7 87.7 87.7 87.7 87.7
JP MIHAMA-3 35.703 135.961 PWR 0 2440 76.8 76.8 76.8 76.8 76.8 76.8 76.8 76.8 76.8 76.8 76.8 76.8
JP OHI-1 35.544 135.652 PWR 0 3423 80.9 80.9 80.9 80.9 80.9 80.9 80.9 80.9 80.9 80.9 80.9 80.9
JP OHI-2 35.543 135.652 PWR 0 3423 84.2 84.2 84.2 84.2 84.2 84.2 84.2 84.2 84.2 84.2 84.2 84.2
JP OHI-3 35.542 135.652 PWR 0 3423 100.5 100.5 100.5 100.5 100.5 100.5 100.5 100.5 100.5 100.5 100.5 100.5
JP OHI-4 35.542 135.652 PWR 0 3423 93.4 93.4 93.4 93.4 93.4 93.4 93.4 93.4 93.4 93.4 93.4 93.4
JP ONAGAWA-1 38.400 141.504 BWR 0 1593 72.0 72.0 72.0 72.0 72.0 72.0 72.0 72.0 72.0 72.0 72.0 72.0
JP ONAGAWA-2 38.401 141.504 BWR 0 2436 75.2 75.2 75.2 75.2 75.2 75.2 75.2 75.2 75.2 75.2 75.2 75.2
JP ONAGAWA-3 38.401 141.504 BWR 0 2436 103.6 103.6 103.6 103.6 103.6 103.6 103.6 103.6 103.6 103.6 103.6 103.6
JP SENDAI-1 31.834 130.193 PWR 0 2660 85.3 85.3 85.3 85.3 85.3 85.3 85.3 85.3 85.3 85.3 85.3 85.3
JP SENDAI-2 31.834 130.193 PWR 0 2660 84.4 84.4 84.4 84.4 84.4 84.4 84.4 84.4 84.4 84.4 84.4 84.4
JP SHIKA-1 37.061 136.728 BWR 0 1593 80.0 80.0 80.0 80.0 80.0 80.0 80.0 80.0 80.0 80.0 80.0 80.0
JP SHIMANE-1 35.537 132.999 BWR 0 1380 88.2 88.2 88.2 88.2 88.2 88.2 88.2 88.2 88.2 88.2 88.2 88.2
JP SHIMANE-2 35.537 133.000 BWR 0 2436 87.6 87.6 87.6 87.6 87.6 87.6 87.6 87.6 87.6 87.6 87.6 87.6
JP TAKAHAMA-1 35.520 135.503 PWR 0 2440 88.6 88.6 88.6 88.6 88.6 88.6 88.6 88.6 88.6 88.6 88.6 88.6
JP TAKAHAMA-2 35.520 135.503 PWR 0 2440 89.2 89.2 89.2 89.2 89.2 89.2 89.2 89.2 89.2 89.2 89.2 89.2
JP TAKAHAMA-3 35.521 135.503 PWR 0 2660 88.9 88.9 88.9 88.9 88.9 88.9 88.9 88.9 88.9 88.9 88.9 88.9
JP TAKAHAMA-4 35.521 135.503 PWR 0 2660 84.5 84.5 84.5 84.5 84.5 84.5 84.5 84.5 84.5 84.5 84.5 84.5
JP TOKAI-2 36.466 140.614 BWR 0 3293 69.4 69.4 69.4 69.4 69.4 69.4 69.4 69.4 69.4 69.4 69.4 69.4
JP TOMARI-1 43.038 140.515 PWR 0 1650 86.7 86.7 86.7 86.7 86.7 86.7 86.7 86.7 86.7 86.7 86.7 86.7
JP TOMARI-2 43.038 140.516 PWR 0 1650 93.7 93.7 93.7 93.7 93.7 93.7 93.7 93.7 93.7 93.7 93.7 93.7
JP TSURUGA-1 35.672 136.079 BWR 0 1070 85.2 85.2 85.2 85.2 85.2 85.2 85.2 85.2 85.2 85.2 85.2 85.2
JP TSURUGA-2 35.673 136.080 PWR 0 3411 89.0 89.0 89.0 89.0 89.0 89.0 89.0 89.0 89.0 89.0 89.0 89.0