0.943 44.522
1.045 55.067
1.152 69.467
1.255 77.178
1.351 81.090
1.451 81.642
1.553 80.422
1.652 81.801
1.754 83.495
1.850 84.046
1.952 84.992
2.061 85.977
2.153 86.057
2.257 85.979
2.354 86.216
2.454 86.689
2.554 86.335
2.653 85.746
2.753 86.140
2.856 88.778
2.957 91.063
3.057 92.244
3.149 92.442
3.256 92.640
3.360 92.798
3.455 92.956
3.556 92.957
3.656 92.918
3.755 92.880
3.855 92.841
3.952 92.960
4.058 93.000
4.160 92.883
4.253 92.962
4.355 92.845
4.452 93.043
4.561 92.886
4.658 93.044
4.755 92.927
4.859 92.967
4.957 93.086
5.058 93.008
5.158 93.088
5.253 92.931
5.355 93.010
5.463 93.011
5.556 92.973
5.662 92.895
5.753 92.935
5.859 92.936
5.961 93.094
6.058 93.134
6.155 92.899
6.259 93.017
6.355 93.058
6.456 92.980
6.556 93.099
6.655 92.902
6.760 92.903
6.862 92.943
6.954 92.984
7.068 92.945
7.157 92.906
7.259 92.907
7.359 92.947
7.461 92.791
7.565 92.791
7.657 92.753
7.760 92.675
7.859 92.676
7.958 92.676
8.063 92.599
8.160 92.639
8.261 92.521
8.363 92.522
8.461 92.129
