2.01497e+0 1.85158e+3
2.03000e+0 1.85148e+3
2.04514e+0 1.85138e+3
2.06040e+0 1.85129e+3
2.07577e+0 1.85119e+3
2.09125e+0 1.85109e+3
2.10293e+0 1.85102e+3
2.11469e+0 1.21675e+3
2.13046e+0 1.21669e+3
2.14635e+0 1.21663e+3
2.16236e+0 1.21656e+3
2.17849e+0 1.21650e+3
2.19270e+0 1.21644e+3
2.20290e+0 1.21640e+3
2.21522e+0 9.54885e+2
2.23174e+0 9.54835e+2
2.24838e+0 9.54785e+2
2.26515e+0 9.54735e+2
2.28205e+0 9.54685e+2
2.29907e+0 9.54635e+2
2.31622e+0 7.99344e+2
2.33349e+0 8.09034e+2
2.35089e+0 8.12261e+2
2.36843e+0 8.08949e+2
2.38609e+0 7.99177e+2
2.40389e+0 7.99135e+2
2.42182e+0 7.73718e+2
2.43988e+0 7.73678e+2
2.45808e+0 7.73637e+2
2.47641e+0 7.73597e+2
2.49488e+0 7.73556e+2
2.51349e+0 7.36965e+2
2.53224e+0 7.25132e+2
2.55113e+0 7.25094e+2
2.57015e+0 7.25056e+2
2.58932e+0 7.25018e+2
2.60864e+0 7.01959e+2
2.62809e+0 6.79632e+2
2.64769e+0 6.79597e+2
2.66744e+0 6.79561e+2
2.68734e+0 6.79526e+2
2.70738e+0 6.60572e+2
2.72842e+0 6.16759e+2
2.72504e+0 6.16764e+2
2.74792e+0 6.16728e+2
2.76841e+0 6.16696e+2
2.78906e+0 6.16663e+2
2.80204e+0 6.16643e+2
2.81509e+0 5.66541e+2
2.83608e+0 5.50739e+2
2.85724e+0 5.50710e+2
2.87855e+0 5.50681e+2
2.90002e+0 5.50652e+2
2.92165e+0 4.53698e+2
2.94071e+0 4.53677e+2
2.95989e+0 4.53656e+2
2.98196e+0 4.53633e+2
3.00142e+0 4.53612e+2
3.02099e+0 3.61878e+2
3.04353e+0 3.61859e+2
3.06623e+0 3.61840e+2
3.08910e+0 3.61821e+2
3.11214e+0 3.56011e+2
3.13244e+0 3.50297e+2
3.14215e+0 3.50289e+2
3.16461e+0 3.50272e+2
3.18821e+0 3.50253e+2
3.20603e+0 3.50240e+2
3.21796e+0 2.41649e+2
3.22694e+0 2.41644e+2
3.24196e+0 2.41636e+2
3.26614e+0 2.41624e+2
3.29050e+0 2.41611e+2
3.30889e+0 2.41602e+2
3.32738e+0 1.58815e+2
3.35220e+0 1.58807e+2
3.36781e+0 1.58802e+2
3.38348e+0 1.58796e+2
3.40556e+0 1.58789e+2
3.42777e+0 1.16859e+2
3.45013e+0 1.16854e+2
3.46297e+0 1.16850e+2
3.47909e+0 1.16847e+2
3.50179e+0 1.16841e+2
3.52463e+0 8.59878e+1
3.55092e+0 8.59833e+1
3.57740e+0 8.59788e+1
3.60408e+0 8.56282e+1
3.63097e+0 8.45938e+1
3.65805e+0 8.45894e+1
3.68533e+0 8.45850e+1
3.70593e+0 8.45817e+1
3.72664e+0 7.08237e+1
3.75443e+0 7.08200e+1
3.78244e+0 7.25511e+1
3.81065e+0 7.43246e+1
3.83907e+0 7.43207e+1
3.86770e+0 7.43168e+1
3.89655e+0 7.43129e+1
3.92561e+0 6.99462e+1
3.95489e+0 6.85460e+1
3.98439e+0 6.85424e+1
4.01411e+0 6.42550e+1
4.04405e+0 6.02359e+1
4.07421e+0 6.04762e+1
4.10460e+0 6.12092e+1
4.13521e+0 6.12060e+1
4.16605e+0 6.12028e+1
4.19712e+0 6.11996e+1
4.22843e+0 5.83048e+1
4.25997e+0 5.73686e+1
4.29174e+0 5.73656e+1
4.31172e+0 5.73637e+1
4.33179e+0 4.57636e+1
4.36410e+0 4.57612e+1
4.39665e+0 4.57588e+1
4.42944e+0 4.03780e+1
4.46248e+0 3.89364e+1
4.49576e+0 3.89344e+1
4.52929e+0 3.66465e+1
4.56307e+0 3.59129e+1
4.59711e+0 3.59111e+1
4.61851e+0 3.59099e+1
4.64001e+0 3.10552e+1
4.67461e+0 3.10535e+1
4.70511e+0 3.10521e+1
4.73580e+0 2.43759e+1
4.77112e+0 2.43747e+1
4.79333e+0 2.43739e+1
4.81564e+0 2.38864e+1
4.85156e+0 2.28485e+1
4.88775e+0 2.28473e+1
4.92420e+0 2.26626e+1
4.96093e+0 2.24793e+1
4.99793e+0 2.24781e+1
5.03521e+0 2.24769e+1
5.06805e+0 2.24759e+1
5.10111e+0 3.63216e+1
5.12962e+0 3.64670e+1
5.14393e+0 3.64663e+1
5.16788e+0 3.61721e+1
5.20642e+0 3.63164e+1
5.24526e+0 3.47384e+1
5.28438e+0 3.47366e+1
5.32379e+0 3.47348e+1
5.35354e+0 3.47334e+1
5.36848e+0 3.47327e+1
5.39347e+0 3.47316e+1
5.43370e+0 3.34916e+1
5.47423e+0 3.33550e+1
5.50482e+0 3.36239e+1
5.52018e+0 3.36232e+1
5.54588e+0 3.36221e+1
5.58724e+0 3.36203e+1
5.62892e+0 3.36186e+1
5.66037e+0 3.36173e+1
5.69377e+0 3.36159e+1
5.68672e+0 3.36162e+1
5.73446e+0 3.28104e+1
5.77723e+0 3.30744e+1
5.82032e+0 3.36107e+1
5.86373e+0 3.36089e+1
5.90747e+0 3.36071e+1
5.95153e+0 3.20175e+1
5.99592e+0 3.20158e+1
6.04064e+0 3.08727e+1
6.08569e+0 3.04998e+1
6.13108e+0 3.04982e+1
6.17681e+0 3.04966e+1
6.22288e+0 3.04950e+1
6.27123e+0 3.04933e+1
6.26347e+0 3.04936e+1
6.31605e+0 3.04918e+1
6.36513e+0 3.04901e+1
6.35725e+0 3.04904e+1
6.41062e+0 3.02436e+1
6.45843e+0 2.91638e+1
6.50660e+0 2.97564e+1
6.53689e+0 2.99965e+1
6.56732e+0 2.99955e+1
6.61630e+0 2.96332e+1
6.66565e+0 2.91573e+1
6.70290e+0 2.95112e+1
6.72161e+0 2.95106e+1
6.75290e+0 2.95096e+1
6.79695e+0 2.95083e+1
6.82225e+0 2.95075e+1
6.85401e+0 2.85696e+1
6.90513e+0 2.85681e+1
6.95663e+0 2.85666e+1
7.00851e+0 2.85651e+1
7.06079e+0 2.76565e+1
7.11345e+0 2.76551e+1
7.16651e+0 2.76537e+1
7.21996e+0 2.75409e+1
7.27381e+0 2.72082e+1
7.32806e+0 2.67713e+1
7.38272e+0 2.66621e+1
7.43778e+0 2.67685e+1
7.49325e+0 2.67671e+1
7.54914e+0 2.67657e+1
7.60545e+0 2.67643e+1
7.64795e+0 2.63349e+1
7.69069e+0 2.66545e+1
7.74805e+0 2.67608e+1
7.80584e+0 2.67594e+1
7.86406e+0 2.59083e+1
7.92272e+0 2.59070e+1
7.98181e+0 2.59056e+1
8.04134e+0 2.59042e+1
8.07877e+0 2.59034e+1
8.11638e+0 2.57983e+1
8.17692e+0 2.54866e+1
8.23790e+0 2.54853e+1
8.29935e+0 2.54840e+1
8.36125e+0 2.54826e+1
8.42361e+0 2.52765e+1
8.48644e+0 2.46708e+1
8.54973e+0 2.46696e+1
8.61350e+0 2.46683e+1
8.67774e+0 2.46670e+1
8.74247e+0 2.46657e+1
8.80767e+0 2.46644e+1
8.87337e+0 2.42684e+1
8.93955e+0 2.40721e+1
9.00622e+0 2.38774e+1
9.07340e+0 2.34940e+1
9.14107e+0 2.31168e+1
9.20925e+0 2.27456e+1
9.27794e+0 2.27444e+1
9.34713e+0 2.21100e+1
9.41685e+0 2.15802e+1
9.48709e+0 2.09783e+1
9.54011e+0 2.09774e+1
9.56673e+0 2.09770e+1
9.61126e+0 2.09763e+1
9.68295e+0 1.96643e+1
9.75517e+0 1.91931e+1
9.82793e+0 1.89612e+1
9.90123e+0 1.87321e+1
9.97507e+0 1.78461e+1
1.00495e+1 1.74184e+1
1.01244e+1 1.72776e+1
1.01999e+1 1.78433e+1
1.02792e+1 1.78423e+1
1.02665e+1 1.78425e+1
1.03527e+1 1.76981e+1
1.04299e+1 1.74843e+1
1.05077e+1 1.72731e+1
1.05860e+1 1.67237e+1
1.06650e+1 1.61266e+1
1.07146e+1 1.59321e+1
1.07645e+1 1.49962e+1
1.08448e+1 1.41150e+1
1.09257e+1 1.31788e+1
1.09868e+1 1.23049e+1
1.10174e+1 1.23047e+1
1.10379e+1 1.21076e+1
1.10790e+1 1.08142e+1
1.11409e+1 1.02475e+1
1.11824e+1 9.20222e+0
1.12240e+1 9.20198e+0
1.12972e+1 7.55129e+0
1.13498e+1 7.46022e+0
1.14026e+1 5.85636e+0
1.14664e+1 4.52369e+0
1.14984e+1 4.52360e+0
1.15304e+1 4.52351e+0
1.15626e+1 3.32911e+0
1.16164e+1 3.32900e+0
1.17031e+1 2.22386e+0
1.17904e+1 1.58464e+0
1.18453e+1 1.58459e+0
1.19004e+1 1.11107e+0
1.19892e+1 8.61693e-1
1.20786e+1 7.78994e-1
1.22162e+1 7.06280e-1