2.0 1407.250000
2.1 1407.250000
2.1 749.786000
2.2 749.786000
2.2 484.845000
2.3 484.845000
2.3 329.072000
2.4 329.072000
2.4 303.475000
2.5 303.475000
2.5 266.656000
2.6 266.656000
2.6 245.914000
2.7 245.914000
2.7 230.484000
2.8 230.484000
2.8 209.167000
2.9 209.167000
2.9 175.110000
3.0 175.110000
3.0 144.251000
3.1 144.251000
3.1 153.834000
3.2 153.834000
3.2 116.903000
3.3 116.903000
3.3 90.283800
3.4 90.283800
3.4 86.002500
3.5 86.002500
3.5 73.169900
3.6 73.169900
3.6 74.346900
3.7 74.346900
3.7 61.247300
3.8 61.247300
3.8 64.273500
3.9 64.273500
3.9 58.332200
4.0 58.332200
4.0 48.836900
4.1 48.836900
4.1 50.431300
4.2 50.431300
4.2 45.769000
4.3 45.769000
4.3 33.679600
4.4 33.679600
4.4 26.865200
4.5 26.865200
4.5 23.230800
4.6 23.230800
4.6 18.530900
4.7 18.530900
4.7 11.235500
4.8 11.235500
4.8 9.560020
4.9 9.560020
4.9 8.537840
5.0 8.537840
5.0 8.816460
5.1 8.816460
5.1 12.776400
5.2 12.776400
5.2 11.456700
5.3 11.456700
5.3 11.046600
5.4 11.046600
5.4 9.786470
5.5 9.786470
5.5 9.398150
5.6 9.398150
5.6 8.809770
5.7 8.809770
5.7 7.617920
5.8 7.617920
5.8 8.666610
5.9 8.666610
5.9 7.025820
6.0 7.025820
6.0 5.254290
6.1 5.254290
6.1 5.253810
6.2 5.253810
6.2 5.168970
6.3 5.168970
6.3 5.168370
6.4 5.168370
6.4 4.008190
6.5 4.008190
6.5 4.541600
6.6 4.541600
6.6 3.927230
6.7 3.927230
6.7 3.926820
6.8 3.926820
6.8 3.926460
6.9 3.926460
6.9 3.287610
7.0 3.287610
7.0 2.708580
7.1 2.708580
7.1 2.664950
7.2 2.664950
7.2 1.655350
7.3 1.655350
7.3 1.655190
7.4 1.655190
7.4 1.627150
7.5 1.627150
7.5 1.627150
7.6 1.627150
7.6 1.683090
7.7 1.683090
7.7 2.496980
7.8 2.496980
7.8 1.584780
7.9 1.584780
7.9 0.01
8.0 0.01
8.0 0
8.1 0
8.1 0
8.2 0
8.2 0
8.3 0
8.3 0
8.4 0
8.4 0
8.5 0
8.5 0
8.6 0
8.6 0
8.7 0
8.7 0
8.8 0
8.8 0
8.9 0
8.9 0
9.0 0
9.0 0
9.1 0
9.1 0
9.2 0
9.2 0
9.3 0
9.3 0
9.4 0
9.4 0
9.5 0
9.5 0
9.6 0
9.6 0
9.7 0
9.7 0
9.8 0
9.8 0
9.9 0
9.9 0
10.0 0
10.0 0
10.1 0
10.1 0
10.2 0
10.2 0
10.3 0
10.3 0
10.4 0
10.4 0
10.5 0
10.5 0
10.6 0
10.6 0
10.7 0
10.7 0
10.8 0
10.8 0
10.9 0
10.9 0
11.0 0
11.0 0
11.1 0
11.1 0
11.2 0
11.2 0
11.3 0
11.3 0
11.4 0
11.4 0
11.5 0
11.5 0
11.6 0
11.6 0
11.7 0
11.7 0
11.8 0
11.8 0
11.9 0
11.9 0
12.0 0
12.0 0
12.1 0
12.1 0
12.2 0
12.2 0
12.3 0
12.3 0
12.4 0
12.4 0
12.5 0
12.5 0
12.6 0
12.6 0
12.7 0
12.7 0
12.8 0
12.8 0
12.9 0
12.9 0
13.0 0
13.0 0
13.1 0
13.1 0
13.2 0
13.2 0
13.3 0
13.3 0
13.4 0
13.4 0
13.5 0
13.5 0
13.6 0
13.6 0
13.7 0
13.7 0
13.8 0
13.8 0
13.9 0
13.9 0
14.0 0
14.0 0
14.1 0
14.1 0
14.2 0
14.2 0
14.3 0
14.3 0
14.4 0
14.4 0
14.5 0
14.5 0
14.6 0
14.6 0
14.7 0
14.7 0
14.8 0
14.8 0
14.9 0
14.9 0
15.0 0
15.0 0
15.1 0
15.1 0
15.2 0
15.2 0
15.3 0
15.3 0
15.4 0
15.4 0
15.5 0
15.5 0
15.6 0
15.6 0
15.7 0
15.7 0
15.8 0
15.8 0
15.9 0
15.9 0
16.0 0
