2.01560e+0 1.63058e+0
2.01310e+0 1.63059e+0
2.02812e+0 1.63051e+0
2.03567e+0 1.63047e+0
2.04514e+0 1.63041e+0
2.05657e+0 1.63035e+0
2.07191e+0 1.63026e+0
2.08737e+0 1.63018e+0
2.10293e+0 1.63009e+0
2.11862e+0 1.63001e+0
2.13442e+0 1.62992e+0
2.15034e+0 1.62984e+0
2.16638e+0 1.62975e+0
2.18254e+0 1.62967e+0
2.19882e+0 1.62958e+0
2.21522e+0 1.62950e+0
2.23174e+0 1.62941e+0
2.24838e+0 1.62932e+0
2.26515e+0 1.62924e+0
2.28275e+0 1.62915e+0
2.27993e+0 1.62916e+0
2.29907e+0 1.62907e+0
2.31622e+0 1.60291e+0
2.33349e+0 1.60283e+0
2.35089e+0 1.60274e+0
2.36843e+0 1.60266e+0
2.38609e+0 1.60258e+0
2.40389e+0 1.60249e+0
2.42182e+0 1.60241e+0
2.43988e+0 1.60232e+0
2.45808e+0 1.60224e+0
2.47641e+0 1.60216e+0
2.49488e+0 1.60207e+0
2.51349e+0 1.60199e+0
2.53224e+0 1.60190e+0
2.55113e+0 1.60182e+0
2.57015e+0 1.60174e+0
2.58932e+0 1.60165e+0
2.60864e+0 1.58870e+0
2.62809e+0 1.57585e+0
2.64769e+0 1.57577e+0
2.66744e+0 1.57569e+0
2.68734e+0 1.57560e+0
2.70738e+0 1.57552e+0
2.72757e+0 1.57544e+0
2.74792e+0 1.57536e+0
2.76841e+0 1.57528e+0
2.78906e+0 1.57519e+0
2.80986e+0 1.57511e+0
2.83082e+0 1.57503e+0
2.85193e+0 1.57495e+0
2.87320e+0 1.57486e+0
2.89463e+0 1.57478e+0
2.91622e+0 1.55576e+0
2.93797e+0 1.54941e+0
2.95989e+0 1.54933e+0
2.98196e+0 1.54925e+0
3.00420e+0 1.54293e+0
3.02661e+0 1.52429e+0
3.04919e+0 1.52421e+0
3.07193e+0 1.52414e+0
3.09484e+0 1.52406e+0
3.11792e+0 1.50564e+0
3.14118e+0 1.49951e+0
3.16461e+0 1.49943e+0
3.18821e+0 1.49935e+0
3.21199e+0 1.49927e+0
3.23595e+0 1.49919e+0
3.26008e+0 1.49911e+0
3.28440e+0 1.49903e+0
3.30889e+0 1.49896e+0
3.33357e+0 1.49888e+0
3.35844e+0 1.49880e+0
3.38348e+0 1.49872e+0
3.40872e+0 1.49261e+0
3.43414e+0 1.47458e+0
3.45976e+0 1.47450e+0
3.48556e+0 1.47442e+0
3.51156e+0 1.47435e+0
3.53775e+0 1.47427e+0
3.56414e+0 1.47419e+0
3.59072e+0 1.47412e+0
3.61750e+0 1.45631e+0
3.64448e+0 1.45037e+0
3.67166e+0 1.45029e+0
3.69905e+0 1.45022e+0
3.72664e+0 1.45014e+0
3.75443e+0 1.45007e+0
3.78244e+0 1.44999e+0
3.81065e+0 1.44408e+0
3.83907e+0 1.42663e+0
3.86770e+0 1.43811e+0
3.89655e+0 1.43225e+0
3.92561e+0 1.42641e+0
3.95489e+0 1.42633e+0
3.98439e+0 1.42626e+0
4.01411e+0 1.42618e+0
4.04405e+0 1.42611e+0
4.07421e+0 1.42604e+0
4.10460e+0 1.42022e+0
4.13521e+0 1.40306e+0
4.16605e+0 1.40299e+0
4.19712e+0 1.40292e+0
4.22843e+0 1.40284e+0
4.25997e+0 1.40277e+0
4.29174e+0 1.40270e+0
4.32375e+0 1.38575e+0
4.35600e+0 1.38010e+0
4.38849e+0 1.38003e+0
4.42122e+0 1.37996e+0
4.45419e+0 1.37988e+0
4.48742e+0 1.37981e+0
4.52088e+0 1.36314e+0
4.55460e+0 1.35759e+0
4.58857e+0 1.35751e+0
4.62280e+0 1.35744e+0
4.65728e+0 1.35737e+0
4.69201e+0 1.35730e+0
4.72701e+0 1.34091e+0
4.76227e+0 1.33544e+0
4.79778e+0 1.33537e+0
4.83357e+0 1.31924e+0
4.86962e+0 1.31386e+0
4.90594e+0 1.31910e+0
4.94253e+0 1.31372e+0
4.97015e+0 1.31367e+0
4.99793e+0 2.71518e+0
5.03521e+0 2.71504e+0
5.07276e+0 2.71490e+0
5.11060e+0 2.70382e+0
5.14871e+0 2.67116e+0
5.18712e+0 2.67102e+0
5.22580e+0 2.67088e+0
5.26478e+0 2.67074e+0
5.30405e+0 2.65985e+0
5.34361e+0 2.62772e+0
5.38346e+0 2.62758e+0
5.42362e+0 2.60633e+0
5.46407e+0 2.58526e+0
5.50482e+0 2.58512e+0
5.54588e+0 2.58499e+0
5.58724e+0 2.58485e+0
5.62892e+0 2.55363e+0
5.67090e+0 2.54321e+0
5.71319e+0 2.53284e+0
5.75581e+0 2.50225e+0
5.79874e+0 2.50211e+0
5.84199e+0 2.50198e+0
5.88556e+0 2.50185e+0
5.92946e+0 2.48162e+0
5.97368e+0 2.46155e+0
6.01824e+0 2.45151e+0
6.06312e+0 2.42190e+0
6.10267e+0 2.42179e+0
6.14248e+0 2.42168e+0
6.18830e+0 2.42155e+0
6.23445e+0 2.39230e+0
6.28095e+0 2.38254e+0
6.32780e+0 2.36328e+0
6.37499e+0 2.34416e+0
6.42254e+0 2.34404e+0
6.47044e+0 2.32509e+0
6.51870e+0 2.30628e+0
6.56732e+0 2.30616e+0
6.61630e+0 2.29676e+0
6.66565e+0 2.26901e+0
6.71537e+0 2.25976e+0
6.76545e+0 2.23246e+0
6.81591e+0 2.22336e+0
6.86675e+0 2.19650e+0
6.91797e+0 2.19639e+0
6.96956e+0 2.19627e+0
7.02155e+0 2.17851e+0
7.07392e+0 2.16089e+0
7.12668e+0 2.14342e+0
7.17983e+0 2.12608e+0
7.23338e+0 2.10889e+0
7.28733e+0 2.09184e+0
7.34168e+0 2.06657e+0
7.39644e+0 2.05814e+0
7.45161e+0 2.03328e+0
7.50719e+0 2.02499e+0
7.56318e+0 1.99247e+0
7.61959e+0 1.98435e+0
7.67642e+0 1.96037e+0
7.73367e+0 1.94452e+0
7.79136e+0 1.96017e+0
7.84947e+0 1.92869e+0
7.90801e+0 1.92083e+0
7.96699e+0 1.89763e+0
8.02642e+0 1.88228e+0
8.08628e+0 1.86706e+0
8.14659e+0 1.84450e+0
8.20735e+0 1.83698e+0
8.26857e+0 1.80749e+0
8.33024e+0 1.79287e+0
8.39237e+0 1.77837e+0
8.45497e+0 1.72877e+0
8.51803e+0 1.71479e+0
8.58156e+0 1.69407e+0
8.64556e+0 1.68037e+0
8.71005e+0 1.66678e+0
8.77501e+0 1.64002e+0
8.84046e+0 1.62676e+0
8.90639e+0 1.61360e+0
8.97282e+0 1.58769e+0
9.03975e+0 1.57485e+0
9.10717e+0 1.56212e+0
9.17510e+0 1.51243e+0
9.24353e+0 1.50020e+0
9.31247e+0 1.48807e+0
9.38193e+0 1.46418e+0
9.45190e+0 1.45234e+0
9.52240e+0 1.42901e+0
9.59342e+0 1.39477e+0
9.66497e+0 1.37792e+0
9.73706e+0 1.36128e+0
9.80968e+0 1.35027e+0
9.88285e+0 1.30732e+0
9.94732e+0 1.30025e+0
1.00029e+1 1.28629e+0
1.00682e+1 1.27076e+0
1.01433e+1 1.24532e+0
1.02189e+1 1.22532e+0
1.02951e+1 1.20565e+0
1.03719e+1 1.17676e+0
1.04493e+1 1.15786e+0
1.05272e+1 1.13927e+0
1.06057e+1 1.11197e+0
1.06848e+1 1.09412e+0
1.07645e+1 1.06790e+0
1.08448e+1 1.04231e+0
1.09257e+1 1.02144e+0
1.10072e+1 1.00910e+0
1.10893e+1 9.77008e-1
1.11720e+1 9.53596e-1
1.12553e+1 9.30745e-1
1.13393e+1 9.12114e-1
1.14238e+1 8.97468e-1
1.15090e+1 8.72435e-1
1.15949e+1 8.44687e-1
1.16814e+1 8.24446e-1
1.17685e+1 7.98224e-1
1.18563e+1 7.79096e-1
1.19447e+1 7.60427e-1
1.20338e+1 7.36241e-1
1.21117e+1 7.06027e-1
1.24002e+1 6.50465e-1
1.25058e+1 6.29489e-1
1.25944e+1 6.01766e-1
1.26837e+1 5.79989e-1
1.28037e+1 5.63582e-1
1.28945e+1 5.36563e-1
1.29981e+1 5.19261e-1
1.22148e+1 6.88870e-1
1.22956e+1 6.69397e-1