2.01497e+0 1.17852e+3
2.03000e+0 1.17846e+3
2.04514e+0 1.17839e+3
2.06040e+0 1.17833e+3
2.07577e+0 1.17827e+3
2.08737e+0 1.17822e+3
2.09903e+0 1.17818e+3
2.11469e+0 5.51879e+2
2.13046e+0 5.51850e+2
2.14436e+0 5.51825e+2
2.15835e+0 5.51799e+2
2.17444e+0 5.51770e+2
2.19066e+0 5.51741e+2
2.20290e+0 5.51720e+2
2.21522e+0 2.94046e+2
2.22760e+0 2.94035e+2
2.24004e+0 2.94023e+2
2.25675e+0 2.94008e+2
2.27147e+0 2.93994e+2
2.28629e+0 2.93981e+2
2.30120e+0 2.93967e+2
2.31622e+0 1.75406e+2
2.33349e+0 1.75397e+2
2.35089e+0 1.75388e+2
2.36843e+0 1.75378e+2
2.38609e+0 1.75369e+2
2.40389e+0 1.70478e+2
2.42182e+0 1.56623e+2
2.43762e+0 1.56616e+2
2.45352e+0 1.56609e+2
2.47182e+0 1.56601e+2
2.49025e+0 1.56593e+2
2.50883e+0 1.49185e+2
2.52519e+0 1.42130e+2
2.54167e+0 1.42123e+2
2.56062e+0 1.42116e+2
2.57972e+0 1.42108e+2
2.59655e+0 1.42102e+2
2.60621e+0 1.42098e+2
2.61349e+0 1.31082e+2
2.62809e+0 1.31077e+2
2.64769e+0 1.31070e+2
2.66744e+0 1.31063e+2
2.68734e+0 1.31056e+2
2.69985e+0 1.31052e+2
2.71241e+0 1.27914e+2
2.73265e+0 1.24849e+2
2.75303e+0 1.24842e+2
2.77356e+0 1.24836e+2
2.78647e+0 1.24832e+2
2.79944e+0 1.24828e+2
2.81509e+0 1.17021e+2
2.83082e+0 1.17016e+2
2.84929e+0 1.17011e+2
2.86787e+0 1.17006e+2
2.88926e+0 1.17000e+2
2.90541e+0 1.16995e+2
2.92165e+0 9.95582e+1
2.94344e+0 9.95530e+1
2.95714e+0 9.95497e+1
2.97091e+0 9.95465e+1
2.98474e+0 9.95432e+1
2.99863e+0 9.95400e+1
3.01259e+0 7.56587e+1
3.02661e+0 7.56562e+1
3.04919e+0 7.56522e+1
3.06338e+0 7.56497e+1
3.07764e+0 7.56473e+1
3.10059e+0 7.68737e+1
3.11792e+0 7.68707e+1
3.13535e+0 7.68677e+1
3.15873e+0 7.68637e+1
3.17934e+0 7.68601e+1
3.20008e+0 7.68566e+1
3.22394e+0 4.89162e+1
3.24799e+0 4.89137e+1
3.27222e+0 4.89111e+1
3.29662e+0 4.89086e+1
3.31197e+0 4.81242e+1
3.32738e+0 3.21489e+1
3.34598e+0 3.21476e+1
3.36468e+0 3.21463e+1
3.38978e+0 3.21447e+1
3.40872e+0 3.21434e+1
3.42777e+0 2.56432e+1
3.45334e+0 2.56418e+1
3.46941e+0 2.56410e+1
3.48556e+0 2.60572e+1
3.51156e+0 2.64797e+1
3.53775e+0 2.64783e+1
3.56083e+0 2.64771e+1
3.57408e+0 2.64764e+1
3.59072e+0 2.83548e+1
3.61750e+0 2.91653e+1
3.63434e+0 2.91643e+1
3.65126e+0 2.91634e+1
3.67849e+0 2.92797e+1
3.69561e+0 2.96352e+1
3.71282e+0 2.96342e+1
3.74051e+0 2.96327e+1
3.76841e+0 2.96311e+1
3.79652e+0 3.04781e+1
3.82483e+0 3.05997e+1
3.84978e+0 3.05983e+1
3.87489e+0 3.05969e+1
3.90380e+0 3.05953e+1
3.93291e+0 2.77708e+1
3.96225e+0 2.79943e+1
3.98809e+0 2.82197e+1
4.01411e+0 2.69937e+1
4.04405e+0 2.60300e+1
4.07421e+0 2.60286e+1
4.10460e+0 2.59225e+1
4.13137e+0 2.25083e+1
4.15832e+0 2.25072e+1
4.18933e+0 2.25061e+1
4.21275e+0 2.23244e+1
4.23629e+0 1.85429e+1
4.25997e+0 1.85422e+1
4.27980e+0 1.85416e+1
4.27980e+0 1.85416e+1
4.30372e+0 1.85408e+1
4.33179e+0 1.50319e+1
4.35195e+0 1.50314e+1
4.36815e+0 1.50310e+1
4.39665e+0 1.50303e+1
4.41711e+0 1.47893e+1
4.43768e+0 1.08841e+1
4.46662e+0 1.08836e+1
4.49159e+0 1.08832e+1
4.51249e+0 1.07954e+1
4.53771e+0 7.63069e+0
4.55884e+0 7.63044e+0
4.57156e+0 7.63029e+0
4.59711e+0 7.62999e+0
4.61851e+0 7.62974e+0
4.63570e+0 4.77843e+0
4.66594e+0 4.77821e+0
4.70074e+0 4.77796e+0
4.72262e+0 3.14078e+0
4.73580e+0 3.14072e+0
4.75343e+0 3.14064e+0
4.77999e+0 3.14052e+0
4.80671e+0 3.14039e+0
4.83357e+0 1.78530e+0
4.86510e+0 1.78521e+0
4.89683e+0 1.78513e+0
4.91963e+0 1.75650e+0
4.94253e+0 1.42410e+0
4.97015e+0 1.42404e+0