2.02248e+0 2.21111e+3
2.03000e+0 2.21106e+3
2.03756e+0 2.21100e+3
2.04514e+0 2.21094e+3
2.05276e+0 2.21088e+3
2.06040e+0 2.21082e+3
2.06807e+0 2.21077e+3
2.07577e+0 2.21071e+3
2.08349e+0 2.21065e+3
2.09125e+0 2.21059e+3
2.09903e+0 2.21053e+3
2.10489e+0 2.21049e+3
2.11076e+0 1.57517e+3
2.11862e+0 1.57512e+3
2.12651e+0 1.57508e+3
2.13442e+0 1.57504e+3
2.14237e+0 1.57500e+3
2.15034e+0 1.57496e+3
2.15835e+0 1.57492e+3
2.16638e+0 1.57488e+3
2.17444e+0 1.57484e+3
2.18254e+0 1.57479e+3
2.18863e+0 1.57476e+3
2.19473e+0 1.57473e+3
2.20290e+0 1.57469e+3
2.21110e+0 1.29747e+3
2.21933e+0 1.29743e+3
2.22760e+0 1.29740e+3
2.23589e+0 1.29736e+3
2.24421e+0 1.29733e+3
2.25256e+0 1.29730e+3
2.26095e+0 1.29726e+3
2.26936e+0 1.29723e+3
2.27781e+0 1.29719e+3
2.28629e+0 1.29716e+3
2.29480e+0 1.29713e+3
2.30334e+0 1.29709e+3
2.31192e+0 1.12174e+3
2.32052e+0 1.12171e+3
2.32916e+0 1.12169e+3
2.33783e+0 1.12166e+3
2.34653e+0 1.12163e+3
2.35527e+0 1.12160e+3
2.36403e+0 1.12157e+3
2.37283e+0 1.12154e+3
2.38167e+0 1.12151e+3
2.39053e+0 1.12148e+3
2.39943e+0 1.12145e+3
2.40836e+0 1.09461e+3
2.41733e+0 1.06840e+3
2.42632e+0 1.06838e+3
2.43535e+0 1.06835e+3
2.44442e+0 1.06832e+3
2.45124e+0 1.06830e+3
2.45808e+0 1.06828e+3
2.46494e+0 1.06826e+3
2.47182e+0 1.06824e+3
2.48102e+0 1.06821e+3
2.49025e+0 1.06818e+3
2.49952e+0 1.06815e+3
2.50650e+0 1.06813e+3
2.51349e+0 1.00135e+3
2.52285e+0 1.00133e+3
2.53224e+0 1.00130e+3
2.54167e+0 1.00127e+3
2.55113e+0 1.00125e+3
2.56062e+0 1.00122e+3
2.57015e+0 1.00119e+3
2.57972e+0 1.00117e+3
2.58932e+0 1.00114e+3
2.59896e+0 1.00112e+3
2.60864e+0 9.61512e+2
2.61835e+0 9.23474e+2
2.62809e+0 9.23450e+2
2.63788e+0 9.23426e+2
2.64769e+0 9.23402e+2
2.65755e+0 9.23378e+2
2.66744e+0 9.23354e+2
2.67737e+0 9.23329e+2
2.68734e+0 9.23305e+2
2.69734e+0 9.23281e+2
2.70738e+0 9.15838e+2
2.71746e+0 8.38045e+2
2.72757e+0 8.38023e+2
2.73773e+0 8.38001e+2
2.74792e+0 8.37979e+2
2.75815e+0 8.37957e+2
2.76841e+0 8.37935e+2
2.77872e+0 8.37913e+2
2.78906e+0 8.37891e+2
2.79944e+0 8.37869e+2
2.80986e+0 7.85481e+2
2.82032e+0 7.36368e+2
2.83082e+0 7.36349e+2
2.84136e+0 7.36329e+2
2.85193e+0 7.36310e+2
2.86255e+0 7.36291e+2
2.87320e+0 7.36271e+2
2.88390e+0 7.36252e+2
2.89463e+0 7.36233e+2
2.90541e+0 7.36214e+2
2.91622e+0 6.26497e+2
2.92708e+0 6.26481e+2
2.93797e+0 6.26464e+2
2.94891e+0 6.26448e+2
2.95989e+0 6.26432e+2
2.97091e+0 6.26415e+2
2.98196e+0 6.26399e+2
2.99306e+0 6.26382e+2
3.00420e+0 6.26366e+2
3.01539e+0 5.07834e+2
3.02661e+0 5.07820e+2
3.03788e+0 5.07807e+2
3.04919e+0 5.07794e+2
3.06054e+0 5.07780e+2
3.07193e+0 5.07767e+2
3.08336e+0 5.07754e+2
3.09484e+0 5.07741e+2
3.10636e+0 5.07727e+2
3.11792e+0 4.99588e+2
3.12953e+0 4.99575e+2
3.14118e+0 4.99562e+2
3.15287e+0 4.99549e+2
3.16461e+0 4.99536e+2
3.17639e+0 4.99522e+2
3.18525e+0 4.99513e+2
3.19414e+0 4.99503e+2
3.20603e+0 4.99490e+2
3.21796e+0 3.61717e+2
3.22694e+0 3.61710e+2
3.23595e+0 3.61702e+2
3.24799e+0 3.61693e+2
3.26008e+0 3.61684e+2
3.27222e+0 3.61674e+2
3.28135e+0 3.61667e+2
3.29050e+0 3.61660e+2
3.30275e+0 3.61650e+2
3.31197e+0 3.61643e+2
3.32121e+0 2.57702e+2
3.33357e+0 2.57695e+2
3.34598e+0 2.57689e+2
3.35844e+0 2.57682e+2
3.37094e+0 2.57675e+2
3.38034e+0 2.57670e+2
3.38663e+0 2.57667e+2
3.39608e+0 2.57662e+2
3.40872e+0 2.55585e+2
3.42141e+0 1.95840e+2
3.43414e+0 1.95835e+2
3.44693e+0 1.95830e+2
3.45976e+0 1.95825e+2
3.47264e+0 1.95820e+2
3.48556e+0 1.95815e+2
3.49854e+0 1.95810e+2
3.50830e+0 1.95806e+2
3.51809e+0 1.56212e+2
3.53118e+0 1.56208e+2
3.54433e+0 1.56204e+2
3.55752e+0 1.56200e+2
3.56745e+0 1.56197e+2
3.57740e+0 1.56194e+2
3.59072e+0 1.56189e+2
3.60408e+0 1.56185e+2
3.61750e+0 1.51222e+2
3.63097e+0 1.51218e+2
3.64448e+0 1.51214e+2
3.65805e+0 1.51210e+2
3.67166e+0 1.51206e+2
3.68533e+0 1.51202e+2
3.69905e+0 1.51198e+2
3.71282e+0 1.44050e+2
3.72664e+0 1.37240e+2
3.74051e+0 1.37236e+2
3.75443e+0 1.37232e+2
3.76841e+0 1.37229e+2
3.78244e+0 1.39457e+2
3.79652e+0 1.41722e+2
3.81065e+0 1.41718e+2
3.82483e+0 1.41715e+2
3.83907e+0 1.41711e+2
3.85336e+0 1.41707e+2
3.86770e+0 1.41703e+2
3.88210e+0 1.41700e+2
3.89655e+0 1.41696e+2
3.91105e+0 1.41692e+2
3.92561e+0 1.37189e+2
3.94022e+0 1.37186e+2
3.95489e+0 1.37182e+2
3.96961e+0 1.37179e+2
3.98439e+0 1.37175e+2
3.99922e+0 1.37171e+2
4.01411e+0 1.33888e+2
4.02905e+0 1.30683e+2
4.04405e+0 1.30679e+2
4.05910e+0 1.30676e+2
4.07421e+0 1.30673e+2
4.08937e+0 1.33870e+2
4.10460e+0 1.34951e+2
4.11987e+0 1.34948e+2
4.13521e+0 1.34944e+2
4.15060e+0 1.34941e+2
4.16605e+0 1.34937e+2
4.18156e+0 1.34933e+2
4.19712e+0 1.34930e+2
4.21275e+0 1.32767e+2
4.22843e+0 1.30638e+2
4.24417e+0 1.30635e+2
4.25997e+0 1.30632e+2
4.27582e+0 1.30628e+2
4.29174e+0 1.30625e+2
4.30771e+0 1.30621e+2
4.32375e+0 1.20494e+2
4.33984e+0 1.20491e+2
4.35600e+0 1.20488e+2
4.37221e+0 1.20485e+2
4.38849e+0 1.20482e+2
4.40482e+0 1.20478e+2
4.42122e+0 1.18547e+2
4.43768e+0 1.16647e+2
4.45419e+0 1.16643e+2
4.47077e+0 1.16640e+2
4.48742e+0 1.16637e+2
4.50412e+0 1.16634e+2
4.52088e+0 1.15694e+2
4.53771e+0 1.14761e+2
4.55460e+0 1.14758e+2
4.57156e+0 1.14755e+2
4.58857e+0 1.14752e+2
4.60565e+0 1.14749e+2
4.62280e+0 1.12910e+2
4.64001e+0 1.12907e+2
4.65728e+0 1.12904e+2
4.67461e+0 1.12901e+2
4.69201e+0 1.12898e+2
4.70948e+0 1.12895e+2
4.72701e+0 1.05836e+2
4.74460e+0 1.05833e+2
4.76227e+0 1.05831e+2
4.77999e+0 1.05828e+2
4.79778e+0 1.05825e+2
4.81564e+0 1.05822e+2
4.83357e+0 1.05820e+2
4.85156e+0 1.05817e+2
4.86962e+0 1.05814e+2
4.88775e+0 1.07532e+2
4.90594e+0 1.07530e+2
4.92420e+0 1.07527e+2
4.94253e+0 1.07524e+2
4.96093e+0 1.07521e+2
4.97939e+0 1.07518e+2
4.99793e+0 1.07516e+2
5.01653e+0 1.07513e+2
5.03521e+0 1.07510e+2
5.05395e+0 1.07507e+2
5.07276e+0 1.07504e+2
5.09164e+0 1.80156e+2
5.11060e+0 1.80152e+2
5.12962e+0 1.80147e+2
5.14871e+0 1.80142e+2
5.16788e+0 1.80137e+2
5.18230e+0 1.80134e+2
5.19676e+0 1.83060e+2
5.21610e+0 1.83055e+2
5.23552e+0 1.83051e+2
5.25501e+0 1.83046e+2
5.27457e+0 1.83041e+2
5.29420e+0 1.83036e+2
5.30898e+0 1.83033e+2
5.31885e+0 1.83030e+2
5.33369e+0 1.83027e+2
5.35354e+0 1.83022e+2
5.37347e+0 1.83017e+2
5.39347e+0 1.83012e+2
5.41355e+0 1.83008e+2
5.43370e+0 1.83003e+2
5.45393e+0 1.82998e+2
5.47423e+0 1.82993e+2
5.49460e+0 1.82988e+2
5.51506e+0 1.82984e+2
5.53559e+0 1.82979e+2
5.55619e+0 1.82974e+2
5.57687e+0 1.84451e+2
5.59763e+0 1.85941e+2
5.61847e+0 1.85936e+2
5.63938e+0 1.85931e+2
5.66037e+0 1.85926e+2
5.68144e+0 1.85921e+2
5.70259e+0 1.85916e+2
5.72382e+0 1.85911e+2
5.74512e+0 1.85906e+2
5.76651e+0 1.85902e+2
5.78797e+0 1.88921e+2
5.80952e+0 1.88916e+2
5.83114e+0 1.88911e+2
5.85285e+0 1.88906e+2
5.87464e+0 1.88901e+2
5.89650e+0 1.88896e+2
5.91845e+0 1.88891e+2
5.94048e+0 1.88886e+2
5.96259e+0 1.88881e+2
5.98479e+0 1.88876e+2
6.00707e+0 1.88871e+2
6.02943e+0 1.88866e+2
6.05187e+0 1.88861e+2
6.07440e+0 1.88856e+2
6.09701e+0 1.88851e+2
6.11970e+0 1.88846e+2
6.14248e+0 1.88841e+2
6.16535e+0 1.88836e+2
6.18830e+0 1.88832e+2
6.21133e+0 1.88827e+2
6.23445e+0 1.88822e+2
6.25766e+0 1.88817e+2
6.28095e+0 1.88812e+2
6.30433e+0 1.88807e+2
6.32780e+0 1.88802e+2
6.35135e+0 1.88797e+2
6.37499e+0 1.88792e+2
6.39872e+0 1.88787e+2
6.42254e+0 1.88782e+2
6.44645e+0 1.88777e+2
6.47044e+0 1.88772e+2
6.49453e+0 1.88767e+2
6.51870e+0 1.88762e+2
6.54297e+0 1.88757e+2
6.56732e+0 1.88752e+2
6.59177e+0 1.88748e+2
6.61630e+0 1.88743e+2
6.64093e+0 1.88738e+2
6.66565e+0 1.88733e+2
6.69046e+0 1.88728e+2
6.71537e+0 1.88723e+2
6.74036e+0 1.88718e+2
6.76545e+0 1.88713e+2
6.79064e+0 1.88708e+2
6.81591e+0 1.88703e+2
6.84129e+0 1.88698e+2
6.86675e+0 1.88693e+2
6.89231e+0 1.88688e+2
6.91797e+0 1.88683e+2
6.94372e+0 1.88678e+2
6.96956e+0 1.88673e+2
6.99551e+0 1.88669e+2
7.02155e+0 1.88664e+2
7.04768e+0 1.88659e+2
7.07392e+0 1.88654e+2
7.10025e+0 1.88649e+2
7.12668e+0 1.87128e+2
7.15321e+0 1.85620e+2
7.17983e+0 1.85615e+2
7.20656e+0 1.85610e+2
7.23338e+0 1.85605e+2
7.26031e+0 1.85600e+2
7.28733e+0 1.85595e+2
7.31446e+0 1.85590e+2
7.34168e+0 1.85586e+2
7.36901e+0 1.85581e+2
7.39644e+0 1.85576e+2
7.42397e+0 1.85571e+2
7.45161e+0 1.85566e+2
7.47935e+0 1.85561e+2
7.50719e+0 1.85556e+2
7.53513e+0 1.84061e+2
7.56318e+0 1.82577e+2
7.59133e+0 1.82572e+2
7.61959e+0 1.82567e+2
7.64795e+0 1.82563e+2
7.67642e+0 1.82558e+2
7.70499e+0 1.82553e+2
7.73367e+0 1.82548e+2
7.76246e+0 1.82544e+2
7.79136e+0 1.82539e+2
7.82036e+0 1.82534e+2
7.84947e+0 1.79608e+2
7.87869e+0 1.79603e+2
7.90801e+0 1.79598e+2
7.93745e+0 1.79594e+2
7.96699e+0 1.79589e+2
7.99665e+0 1.79584e+2
8.02642e+0 1.78137e+2
8.05629e+0 1.76701e+2
8.08628e+0 1.76696e+2
8.11638e+0 1.76691e+2
8.14659e+0 1.73859e+2
8.16933e+0 1.73855e+2
8.19212e+0 1.73852e+2
8.22262e+0 1.73847e+2
8.25322e+0 1.73843e+2
8.28394e+0 1.73838e+2
8.31478e+0 1.73834e+2
8.33798e+0 1.71048e+2
8.36125e+0 1.71045e+2
8.39237e+0 1.71040e+2
8.42361e+0 1.71036e+2
8.45497e+0 1.68294e+2
8.48644e+0 1.68290e+2
8.51803e+0 1.68285e+2
8.54973e+0 1.68281e+2
8.57359e+0 1.68277e+2
8.59751e+0 1.68274e+2
8.62952e+0 1.68270e+2
8.66164e+0 1.68265e+2
8.69388e+0 1.68261e+2
8.72624e+0 1.66905e+2
8.75872e+0 1.62909e+2
8.79133e+0 1.62905e+2
8.82405e+0 1.62901e+2
8.85690e+0 1.60289e+2
8.88986e+0 1.60285e+2
8.92296e+0 1.60281e+2
8.95617e+0 1.57711e+2
8.98951e+0 1.57707e+2
9.01459e+0 1.57704e+2
9.03975e+0 1.56434e+2
9.07340e+0 1.55173e+2
9.10717e+0 1.55169e+2
9.14107e+0 1.53918e+2
9.17510e+0 1.52677e+2
9.20925e+0 1.52673e+2
9.24353e+0 1.51443e+2
9.26932e+0 1.50223e+2
9.29519e+0 1.50220e+2
9.32979e+0 1.49009e+2
9.36451e+0 1.45442e+2
9.39937e+0 1.45438e+2
9.43436e+0 1.43107e+2
9.46948e+0 1.40812e+2
9.50473e+0 1.40809e+2
9.54011e+0 1.39674e+2
9.57562e+0 1.38548e+2
9.61126e+0 1.38544e+2
9.64704e+0 1.37427e+2
9.68295e+0 1.36320e+2
9.71899e+0 1.36316e+2
9.75517e+0 1.31984e+2
9.79148e+0 1.31980e+2
9.82793e+0 1.31977e+2
9.86451e+0 1.27783e+2
9.90123e+0 1.27779e+2
9.93808e+0 1.25731e+2
9.97507e+0 1.23715e+2
1.00122e+1 1.23712e+2
1.00495e+1 1.20751e+2
1.00869e+1 1.19777e+2
1.01244e+1 1.19774e+2
1.01621e+1 1.17854e+2
1.01999e+1 1.17851e+2
1.02379e+1 1.15962e+2
1.02760e+1 1.14103e+2
1.03143e+1 1.14100e+2
1.03527e+1 1.12270e+2
1.03912e+1 1.10471e+2
1.04299e+1 1.10468e+2
1.04687e+1 1.06957e+2
1.05077e+1 1.06954e+2
1.05468e+1 1.04394e+2
1.05860e+1 1.01895e+2
1.06254e+1 1.01892e+2
1.06650e+1 1.00259e+2
1.07047e+1 1.00256e+2
1.07346e+1 1.00254e+2
1.07645e+1 9.39865e+1
1.08046e+1 9.39840e+1
1.08448e+1 9.17343e+1
1.08852e+1 8.95384e+1
1.09257e+1 8.95361e+1
1.09664e+1 8.53031e+1
1.10072e+1 8.53008e+1
1.10482e+1 8.25900e+1
1.10893e+1 7.99652e+1
1.11306e+1 7.99631e+1
1.11720e+1 7.49634e+1
1.12136e+1 7.49614e+1
1.12553e+1 7.25791e+1
1.12972e+1 7.02725e+1
1.13393e+1 6.97061e+1
1.13815e+1 6.48226e+1
1.14238e+1 6.48209e+1
1.14664e+1 6.07679e+1
1.15090e+1 6.07663e+1
1.15519e+1 5.83624e+1
1.15949e+1 5.60536e+1
1.16380e+1 5.60521e+1
1.16814e+1 5.17064e+1
1.17248e+1 5.17050e+1
1.17685e+1 4.69329e+1
1.18123e+1 4.69317e+1
1.18563e+1 4.50750e+1
1.19004e+1 4.32919e+1
1.19447e+1 4.19161e+1
1.19892e+1 4.05840e+1
1.20338e+1 4.05829e+1
1.20786e+1 3.62477e+1
1.21235e+1 3.62467e+1
1.21687e+1 3.39804e+1
1.22140e+1 3.39795e+1
1.22480e+1 3.39788e+1
1.22822e+1 3.03493e+1
1.23279e+1 3.03485e+1
1.23738e+1 2.84509e+1
1.24199e+1 2.84502e+1
1.24661e+1 2.64570e+1
1.25125e+1 2.50037e+1
1.25591e+1 2.34403e+1
1.26058e+1 2.19747e+1
1.26528e+1 2.07675e+1
1.26881e+1 1.96269e+1
1.27235e+1 1.96265e+1
1.27708e+1 1.69732e+1
1.28065e+1 1.69729e+1
1.28303e+1 1.69727e+1
1.28541e+1 1.67008e+1
1.28900e+1 1.49169e+1
1.29380e+1 1.49165e+1
1.29861e+1 1.24903e+1
1.30345e+1 1.25912e+1
1.30830e+1 1.04585e+1
1.31195e+1 1.04583e+1
1.31439e+1 1.04582e+1
1.31683e+1 8.47922e+0
1.32051e+1 8.47905e+0
1.32419e+1 8.47888e+0
1.32666e+1 6.65615e+0
1.33036e+1 6.65602e+0
1.33407e+1 6.65589e+0
1.33655e+1 5.14142e+0
1.34028e+1 5.18296e+0
1.34402e+1 5.14122e+0
1.34777e+1 3.81436e+0
1.35153e+1 3.78364e+0
1.35405e+1 3.78359e+0
1.35656e+1 2.78457e+0
1.36035e+1 2.73995e+0
1.36414e+1 2.73990e+0
1.36668e+1 1.83040e+0
1.37049e+1 1.83036e+0
1.37432e+1 1.83032e+0
1.37687e+1 1.24264e+0
1.38072e+1 1.24262e+0
1.38457e+1 1.24259e+0
1.38843e+1 7.65774e-1
1.39360e+1 7.65754e-1
