2.01497e+0 1.40740e+3
2.03000e+0 1.40732e+3
2.04514e+0 1.40725e+3
2.06040e+0 1.40718e+3
2.07577e+0 1.40710e+3
2.09125e+0 1.40703e+3
2.10293e+0 1.40697e+3
2.11469e+0 7.49865e+2
2.13046e+0 7.49826e+2
2.14635e+0 7.49786e+2
2.16236e+0 7.49747e+2
2.17242e+0 7.49723e+2
2.18254e+0 7.49698e+2
2.19882e+0 7.49659e+2
2.20905e+0 4.84899e+2
2.21727e+0 4.84886e+2
2.22760e+0 4.84871e+2
2.23381e+0 4.84861e+2
2.24421e+0 4.84845e+2
2.25675e+0 4.84826e+2
2.26936e+0 4.84807e+2
2.28629e+0 4.84782e+2
2.30120e+0 4.84760e+2
2.30977e+0 3.29108e+2
2.31406e+0 3.29104e+2
2.32268e+0 3.29095e+2
2.33132e+0 3.29087e+2
2.33783e+0 3.29080e+2
2.34653e+0 3.29072e+2
2.35527e+0 3.29063e+2
2.36403e+0 3.29055e+2
2.37725e+0 3.29042e+2
2.39053e+0 3.29029e+2
2.39720e+0 3.29022e+2
2.40836e+0 3.16004e+2
2.41957e+0 3.03501e+2
2.43083e+0 3.03491e+2
2.44897e+0 3.03475e+2
2.46037e+0 3.03465e+2
2.46723e+0 3.03459e+2
2.48102e+0 3.03447e+2
2.49488e+0 3.03435e+2
2.50185e+0 3.03430e+2
2.51349e+0 2.75423e+2
2.52754e+0 2.66666e+2
2.54167e+0 2.66656e+2
2.56062e+0 2.66642e+2
2.57254e+0 2.66633e+2
2.58452e+0 2.66624e+2
2.59896e+0 2.66614e+2
2.61349e+0 2.50951e+2
2.63298e+0 2.45927e+2
2.65262e+0 2.45914e+2
2.67240e+0 2.45901e+2
2.68484e+0 2.45893e+2
2.69484e+0 2.45887e+2
2.71241e+0 2.37109e+2
2.73265e+0 2.30496e+2
2.74537e+0 2.30488e+2
2.75303e+0 2.30484e+2
2.76071e+0 2.30479e+2
2.77356e+0 2.30472e+2
2.78647e+0 2.30464e+2
2.79165e+0 2.30461e+2
2.80465e+0 2.24943e+2
2.82557e+0 2.09178e+2
2.84664e+0 2.09167e+2
2.85989e+0 2.09161e+2
2.87054e+0 2.09155e+2
2.89016e+0 2.09145e+2
2.88658e+0 2.09147e+2
2.90541e+0 2.09137e+2
2.92165e+0 1.75119e+2
2.94344e+0 1.75110e+2
2.96631e+0 1.75101e+2
2.96264e+0 1.75102e+2
2.98196e+0 1.75094e+2
2.99863e+0 1.75087e+2
3.02099e+0 1.44259e+2
3.04447e+0 1.44251e+2
3.04070e+0 1.44253e+2
3.06623e+0 1.44244e+2
3.08336e+0 1.44238e+2
3.09197e+0 1.53852e+2
3.10636e+0 1.53847e+2
3.12372e+0 1.53840e+2
3.14118e+0 1.53834e+2
3.16461e+0 1.53826e+2
3.17934e+0 1.53821e+2
3.18525e+0 1.53819e+2
3.20008e+0 1.53814e+2
3.21497e+0 1.16912e+2
3.22994e+0 1.16908e+2
3.24799e+0 1.16903e+2
3.26715e+0 1.16898e+2
3.26311e+0 1.16899e+2
3.29050e+0 1.16893e+2
3.30889e+0 1.16888e+2
3.31813e+0 9.02909e+1
3.32430e+0 9.02897e+1
3.33977e+0 9.02867e+1
3.35532e+0 9.02838e+1
3.36468e+0 9.02820e+1
3.38348e+0 9.02785e+1
3.39923e+0 9.02755e+1
3.41612e+0 8.74058e+1
3.41189e+0 8.88283e+1
3.44053e+0 8.60025e+1
3.46619e+0 8.59980e+1
3.49204e+0 8.59935e+1
3.51482e+0 7.72200e+1
3.53775e+0 7.31732e+1
3.56524e+0 7.31693e+1
3.56083e+0 7.31699e+1
3.59072e+0 7.40564e+1
3.61079e+0 7.43528e+1
3.63209e+0 7.43497e+1
3.62759e+0 7.43503e+1
3.65126e+0 7.43469e+1
3.66145e+0 7.43455e+1
3.67508e+0 7.43435e+1
3.69561e+0 7.43406e+1
3.70937e+0 7.43387e+1
3.71627e+0 6.12521e+1
3.73357e+0 6.12501e+1
3.76258e+0 6.12468e+1
3.75792e+0 6.12473e+1
3.78947e+0 6.35079e+1
3.81065e+0 6.42786e+1
3.83313e+0 6.42759e+1
3.82839e+0 6.42765e+1
3.85336e+0 6.42735e+1
3.87130e+0 6.42714e+1
3.88571e+0 6.42698e+1
3.90380e+0 6.42677e+1
3.93413e+0 5.83344e+1
3.92926e+0 5.83349e+1
3.95489e+0 5.83322e+1
3.96593e+0 5.83311e+1
3.97330e+0 5.83303e+1
3.98809e+0 5.83288e+1
4.00666e+0 5.83269e+1
4.02905e+0 4.88395e+1
4.05910e+0 4.88369e+1
4.08558e+0 4.96290e+1
4.11223e+0 5.04340e+1
4.14290e+0 5.04313e+1
4.17380e+0 5.04287e+1
4.20493e+0 4.98195e+1
4.23629e+0 4.57708e+1
4.25997e+0 4.57690e+1
4.27980e+0 4.57675e+1
4.30372e+0 4.57657e+1
4.32375e+0 3.36811e+1
4.33984e+0 3.36802e+1
4.35195e+0 3.36796e+1
4.36815e+0 3.36787e+1
4.38849e+0 3.36776e+1
4.40892e+0 3.34958e+1
4.43905e+0 2.68660e+1
4.43356e+0 2.68662e+1
4.45833e+0 2.68652e+1
4.46662e+0 2.68648e+1
4.48742e+0 2.68640e+1
4.51249e+0 2.68629e+1
4.52509e+0 2.32316e+1
4.54615e+0 2.32308e+1
4.58006e+0 2.32296e+1
4.60993e+0 2.31039e+1
4.63139e+0 1.85312e+1
4.64432e+0 1.85309e+1
4.65728e+0 1.85305e+1
4.67461e+0 1.85300e+1
4.70074e+0 1.85293e+1
4.73580e+0 1.12359e+1
4.76227e+0 1.12355e+1
4.77555e+0 1.12353e+1
4.78888e+0 1.12350e+1
4.81564e+0 1.04057e+1
4.84256e+0 9.56021e+0
4.85607e+0 9.56002e+0
4.87867e+0 9.55971e+0
4.91506e+0 9.29307e+0
4.95172e+0 8.53784e+0
4.97477e+0 8.53756e+0
4.99329e+0 8.81733e+0
5.02586e+0 8.81692e+0
5.06335e+0 8.81646e+0
5.09638e+0 1.27774e+1
5.12962e+0 1.27768e+1
5.15350e+0 1.27764e+1
5.16788e+0 1.27762e+1
5.19194e+0 1.27757e+1
5.21126e+0 1.27754e+1
5.23552e+0 1.14567e+1
5.26478e+0 1.10478e+1
5.29420e+0 1.10474e+1
5.32874e+0 1.10469e+1
5.34857e+0 1.10466e+1
5.36350e+0 1.10464e+1
5.39347e+0 1.10460e+1
5.43370e+0 9.78647e+0
5.47423e+0 9.39907e+0
5.50994e+0 9.39864e+0
5.53045e+0 9.39840e+0
5.55103e+0 9.39815e+0
5.57687e+0 9.39784e+0
5.59244e+0 9.39766e+0
5.60804e+0 9.39747e+0
5.63938e+0 8.80977e+0
5.67617e+0 8.80937e+0
5.71319e+0 8.49490e+0
5.73979e+0 7.61807e+0
5.75581e+0 7.61792e+0
5.78797e+0 8.39196e+0
5.81492e+0 8.66690e+0
5.84199e+0 8.66661e+0
5.88556e+0 8.66616e+0
5.91845e+0 8.66582e+0
5.95153e+0 7.02582e+0
5.98479e+0 7.02555e+0
6.01265e+0 6.98763e+0
6.05187e+0 5.25429e+0
6.08569e+0 5.25408e+0
6.10267e+0 5.25398e+0
6.13108e+0 5.25381e+0
6.17681e+0 5.25353e+0
6.22288e+0 5.21105e+0
6.25766e+0 5.16897e+0
6.28095e+0 5.16884e+0
6.31605e+0 5.16864e+0
6.36316e+0 5.16837e+0
6.40467e+0 5.16813e+0
6.44645e+0 4.00819e+0
6.49453e+0 4.43324e+0
6.54297e+0 4.54160e+0
6.59177e+0 4.54137e+0
6.62861e+0 4.22315e+0
6.66565e+0 3.92723e+0
6.69668e+0 3.92710e+0
6.71537e+0 3.92703e+0
6.73411e+0 3.92695e+0
6.76545e+0 3.92682e+0
6.81591e+0 3.92661e+0
6.85401e+0 3.92646e+0
6.88591e+0 3.92633e+0
6.91797e+0 3.89466e+0
6.94372e+0 3.28761e+0
6.98252e+0 3.28748e+0
7.02155e+0 3.28736e+0
7.06079e+0 2.70858e+0
7.11345e+0 2.69753e+0
7.16651e+0 2.66495e+0
7.21325e+0 2.66483e+0
7.70499e+0 2.49711e+0
7.76246e+0 2.49698e+0
7.81310e+0 2.49687e+0
7.26656e+0 1.65535e+0
7.36658e+0 1.65519e+0
7.49720e+0 1.62715e+0
7.63014e+0 1.68309e+0
7.93406e+0 1.54581e+0
8.10634e+0 1.51958e+0
8.25008e+0 1.37237e+0
8.34732e+0 1.21862e+0
8.61226e+0 9.93976e-1
8.64597e+0 7.70667e-1
8.86828e+0 6.61440e-1
8.95530e+0 5.39589e-1
7.88734e+0 1.54036e+0
7.85645e+0 1.58478e+0

