2.01310e+0 8.39818e+2
2.03945e+0 8.39741e+2
2.06423e+0 9.25022e+2
2.06999e+0 9.25004e+2
2.07963e+0 9.24974e+2
2.08931e+0 9.24944e+2
2.09968e+0 9.24912e+2
2.09708e+0 9.24920e+2
2.11469e+0 3.68689e+2
2.13112e+0 3.68669e+2
2.12848e+0 3.68672e+2
2.14635e+0 3.68650e+2
2.16303e+0 3.68630e+2
2.16035e+0 3.68634e+2
2.17849e+0 3.68612e+2
2.18863e+0 3.68600e+2
2.19882e+0 3.68588e+2
2.21316e+0 1.29135e+2
2.22140e+0 1.29132e+2
2.23174e+0 1.29127e+2
2.24421e+0 1.29122e+2
2.25047e+0 1.29120e+2
2.26095e+0 1.29116e+2
2.27570e+0 1.29110e+2
2.28417e+0 1.29106e+2
2.28841e+0 1.29105e+2
2.29907e+0 1.29100e+2
2.31192e+0 2.05151e+1
2.31837e+0 2.05147e+1
2.32916e+0 2.05141e+1
2.34218e+0 2.05132e+1
2.34871e+0 2.05128e+1
2.35965e+0 2.05122e+1
2.37504e+0 2.05112e+1
2.38388e+0 2.05107e+1
2.38831e+0 2.05104e+1
2.39943e+0 2.05098e+1
2.41807e+0 1.28447e+1
2.41508e+0 1.28448e+1
2.43535e+0 1.28441e+1
2.45428e+0 1.28434e+1
2.45124e+0 1.28435e+1
2.47182e+0 1.28427e+1
2.49103e+0 1.28420e+1
2.48794e+0 1.28421e+1
2.50883e+0 1.22346e+1
2.52051e+0 1.16561e+1
2.53224e+0 1.16557e+1
2.54876e+0 1.16552e+1
2.55825e+0 1.16549e+1
2.57015e+0 1.16545e+1
2.58452e+0 1.16540e+1
2.59173e+0 1.16538e+1
2.60379e+0 1.11927e+1
2.62078e+0 9.91655e+0
2.63053e+0 9.91629e+0
2.64278e+0 9.91596e+0
2.66002e+0 9.91551e+0
2.66992e+0 9.91525e+0
2.67986e+0 9.91499e+0
2.69484e+0 9.91460e+0
2.70487e+0 9.91434e+0
2.70990e+0 9.75553e+0
2.72251e+0 7.78276e+0
2.73773e+0 7.78246e+0
2.74537e+0 7.78231e+0
2.75815e+0 7.78205e+0
2.77356e+0 7.78175e+0
2.78130e+0 7.78159e+0
2.78647e+0 7.78149e+0
2.79944e+0 7.78124e+0
2.81509e+0 5.63488e+0
2.82294e+0 5.63477e+0
2.83608e+0 5.63459e+0
2.85458e+0 5.63433e+0
2.86521e+0 5.63418e+0
2.87855e+0 5.63400e+0
2.89463e+0 5.63378e+0
2.90271e+0 5.63367e+0
2.90811e+0 5.63359e+0
2.92165e+0 3.88689e+0
2.93797e+0 3.88674e+0
2.94617e+0 3.88666e+0
2.95989e+0 3.88654e+0
2.97643e+0 3.88638e+0
2.98474e+0 3.88631e+0
2.99863e+0 3.88618e+0
3.01819e+0 2.47342e+0
3.02942e+0 2.47335e+0
3.04353e+0 2.47327e+0
3.06338e+0 2.47316e+0
3.07478e+0 2.47309e+0
3.08336e+0 2.47305e+0
3.10059e+0 2.47295e+0
3.12372e+0 1.84953e+0
3.14702e+0 1.84943e+0
3.17049e+0 1.86431e+0
3.19414e+0 1.84924e+0
3.20901e+0 1.84917e+0
3.22394e+0 1.54840e+0
3.24799e+0 1.54832e+0
3.27222e+0 1.54824e+0
3.29662e+0 1.54816e+0
3.31197e+0 1.54811e+0
3.41189e+0 1.49863e+0