2210.880000
1574.960000
1297.300000
1121.630000
1068.300000
1001.250000
923.402000
837.979000
736.310000
626.448000
507.794000
499.549000
361.693000
257.689000
195.830000
156.204000
151.214000
137.232000
141.707000
137.182000
130.679000
134.941000
130.635000
120.488000
116.643000
114.758000
112.904000
105.833000
105.817000
107.524000
107.507000
180.142000
183.046000
183.022000
182.998000
182.974000
185.926000
185.906000
188.906000
188.886000
188.861000
188.841000
188.817000
188.797000
188.777000
188.757000
188.738000
188.718000
188.698000
188.678000
188.659000
185.620000
185.600000
185.586000
185.566000
182.577000
182.563000
182.544000
179.608000
179.594000
176.701000
173.859000
173.843000
171.045000
168.294000
168.281000
168.265000
162.909000
160.289000
157.711000
156.434000
153.918000
151.443000
145.442000
143.107000
139.674000
137.427000
131.984000
127.783000
125.731000
120.751000
117.854000
115.962000
112.270000
106.957000
104.394000
100.259000
93.986500
91.734300
85.303100
82.590000
79.963100
72.579100
69.706100
60.767900
58.362400
56.052100
46.932900
45.075000
41.916100
40.582900
33.980400
33.978800
30.348500
26.457000
23.440300
20.767500
16.973200
16.700800
14.916500
12.591200
10.458200
8.478880
6.655890
5.141220
3.783590
2.739900
1.830320
1.242590
0.765754
0.001000
0.000000
0.000000
0.000000
0.000000
0.000000
0.000000
0.000000
0.000000
0.000000
0.000000
0.000000
0.000000
0.000000
0.000000
0.000000
0.000000
0.000000
0.000000
0.000000
