2.0 1178.390000
2.1 1178.390000
2.1 551.825000
2.2 551.825000
2.2 294.008000
2.3 294.008000
2.3 175.388000
2.4 175.388000
2.4 156.609000
2.5 156.609000
2.5 142.123000
2.6 142.123000
2.6 131.070000
2.7 131.070000
2.7 124.842000
2.8 124.842000
2.8 117.011000
2.9 117.011000
2.9 99.553000
3.0 99.553000
3.0 75.652200
3.1 75.652200
3.1 76.863700
3.2 76.863700
3.2 48.913700
3.3 48.913700
3.3 32.147600
3.4 32.147600
3.4 25.641800
3.5 25.641800
3.5 26.477100
3.6 26.477100
3.6 29.163400
3.7 29.163400
3.7 29.632700
3.8 29.632700
3.8 30.598300
3.9 30.598300
3.9 27.994300
4.0 27.994300
4.0 26.030000
4.1 26.030000
4.1 22.507200
4.2 22.507200
4.2 18.542200
4.3 18.542200
4.3 15.031400
4.4 15.031400
4.4 10.884100
4.5 10.884100
4.5 7.630440
4.6 7.630440
4.6 4.778430
4.7 4.778430
4.7 3.140640
4.8 3.140640
4.8 1.785210
4.9 1.785210
4.9 1.424100
5.0 1.424100
5.0 0.01
5.1 0.01
5.1 0
5.2 0
5.2 0
5.3 0
5.3 0
5.4 0
5.4 0
5.5 0
5.5 0
5.6 0
5.6 0
5.7 0
5.7 0
5.8 0
5.8 0
5.9 0
5.9 0
6.0 0
6.0 0
6.1 0
6.1 0
6.2 0
6.2 0
6.3 0
6.3 0
6.4 0
6.4 0
6.5 0
6.5 0
6.6 0
6.6 0
6.7 0
6.7 0
6.8 0
6.8 0
6.9 0
6.9 0
7.0 0
7.0 0
7.1 0
7.1 0
7.2 0
7.2 0
7.3 0
7.3 0
7.4 0
7.4 0
7.5 0
7.5 0
7.6 0
7.6 0
7.7 0
7.7 0
7.8 0
7.8 0
7.9 0
7.9 0
8.0 0
8.0 0
8.1 0
8.1 0
8.2 0
8.2 0
8.3 0
8.3 0
8.4 0
8.4 0
8.5 0
8.5 0
8.6 0
8.6 0
8.7 0
8.7 0
8.8 0
8.8 0
8.9 0
8.9 0
9.0 0
9.0 0
9.1 0
9.1 0
9.2 0
9.2 0
9.3 0
9.3 0
9.4 0
9.4 0
9.5 0
9.5 0
9.6 0
9.6 0
9.7 0
9.7 0
9.8 0
9.8 0
9.9 0
9.9 0
10.0 0
10.0 0
10.1 0
10.1 0
10.2 0
10.2 0
10.3 0
10.3 0
10.4 0
10.4 0
10.5 0
10.5 0
10.6 0
10.6 0
10.7 0
10.7 0
10.8 0
10.8 0
10.9 0
10.9 0
11.0 0
11.0 0
11.1 0
11.1 0
11.2 0
11.2 0
11.3 0
11.3 0
11.4 0
11.4 0
11.5 0
11.5 0
11.6 0
11.6 0
11.7 0
11.7 0
11.8 0
11.8 0
11.9 0
11.9 0
12.0 0
12.0 0
12.1 0
12.1 0
12.2 0
12.2 0
12.3 0
12.3 0
12.4 0
12.4 0
12.5 0
12.5 0
12.6 0
12.6 0
12.7 0
12.7 0
12.8 0
12.8 0
12.9 0
12.9 0
13.0 0
13.0 0
13.1 0
13.1 0
13.2 0
13.2 0
13.3 0
13.3 0
13.4 0
13.4 0
13.5 0
13.5 0
13.6 0
13.6 0
13.7 0
13.7 0
13.8 0
13.8 0
13.9 0
13.9 0
14.0 0
14.0 0
14.1 0
14.1 0
14.2 0
14.2 0
14.3 0
14.3 0
14.4 0
14.4 0
14.5 0
14.5 0
14.6 0
14.6 0
14.7 0
14.7 0
14.8 0
14.8 0
14.9 0
14.9 0
15.0 0
15.0 0
15.1 0
15.1 0
15.2 0
15.2 0
15.3 0
15.3 0
15.4 0
15.4 0
15.5 0
15.5 0
15.6 0
15.6 0
15.7 0
15.7 0
15.8 0
15.8 0
15.9 0
15.9 0
16.0 0
