2.0 1.630410
2.1 1.630410
2.1 1.629840
2.2 1.629840
2.2 1.629320
2.3 1.629320
2.3 1.602740
2.4 1.602740
2.4 1.602240
2.5 1.602240
2.5 1.601820
2.6 1.601820
2.6 1.575770
2.7 1.575770
2.7 1.575360
2.8 1.575360
2.8 1.574950
2.9 1.574950
2.9 1.549330
3.0 1.549330
3.0 1.524210
3.1 1.524210
3.1 1.499510
3.2 1.499510
3.2 1.499110
3.3 1.499110
3.3 1.498800
3.4 1.498800
3.4 1.474500
3.5 1.474500
3.5 1.474270
3.6 1.474270
3.6 1.450370
3.7 1.450370
3.7 1.450070
3.8 1.450070
3.8 1.426630
3.9 1.426630
3.9 1.426330
4.0 1.426330
4.0 1.426110
4.1 1.426110
4.1 1.403060
4.2 1.403060
4.2 1.402770
4.3 1.402770
4.3 1.380100
4.4 1.380100
4.4 1.379880
4.5 1.379880
4.5 1.357590
4.6 1.357590
4.6 1.357370
4.7 1.357370
4.7 1.335440
4.8 1.335440
4.8 1.319240
4.9 1.319240
4.9 1.313720
5.0 1.313720
5.0 2.715040
5.1 2.715040
5.1 2.671160
5.2 2.671160
5.2 2.670740
5.3 2.670740
5.3 2.627720
5.4 2.627720
5.4 2.585260
5.5 2.585260
5.5 2.584990
5.6 2.584990
5.6 2.543210
5.7 2.543210
5.7 2.502250
5.8 2.502250
5.8 2.501980
5.9 2.501980
5.9 2.481620
6.0 2.481620
6.0 2.421900
6.1 2.421900
6.1 2.421680
6.2 2.421680
6.2 2.392300
6.3 2.392300
6.3 2.363280
6.4 2.363280
6.4 2.325090
6.5 2.325090
6.5 2.306160
6.6 2.306160
6.6 2.269010
6.7 2.269010
6.7 2.232460
6.8 2.232460
6.8 2.196500
6.9 2.196500
6.9 2.196270
7.0 2.196270
7.0 2.160890
7.1 2.160890
7.1 2.143420
7.2 2.143420
7.2 2.108890
7.3 2.108890
7.3 2.066570
7.4 2.066570
7.4 2.033280
7.5 2.033280
7.5 1.992470
7.6 1.992470
7.6 1.960370
7.7 1.960370
7.7 1.944520
7.8 1.944520
7.8 1.928690
7.9 1.928690
7.9 1.897630
8.0 1.897630
8.0 1.882280
8.1 1.882280
8.1 1.844500
8.2 1.844500
8.2 1.807490
8.3 1.807490
8.3 1.792870
8.4 1.792870
8.4 1.728770
8.5 1.728770
8.5 1.694070
8.6 1.694070
8.6 1.680370
8.7 1.680370
8.7 1.640020
8.8 1.640020
8.8 1.626760
8.9 1.626760
8.9 1.587690
9.0 1.587690
9.0 1.574850
9.1 1.574850
9.1 1.512430
9.2 1.512430
9.2 1.500200
9.3 1.500200
9.3 1.464180
9.4 1.464180
9.4 1.452340
9.5 1.452340
9.5 1.429010
9.6 1.429010
9.6 1.377920
9.7 1.377920
9.7 1.361280
9.8 1.361280
9.8 1.307320
9.9 1.307320
9.9 1.300250
10.0 1.300250
10.0 1.270760
10.1 1.270760
10.1 1.245320
10.2 1.245320
10.2 1.225320
10.3 1.225320
10.3 1.176760
10.4 1.176760
10.4 1.157860
10.5 1.157860
10.5 1.139270
10.6 1.139270
10.6 1.094120
10.7 1.094120
10.7 1.067900
10.8 1.067900
10.8 1.042310
10.9 1.042310
10.9 1.021440
11.0 1.021440
11.0 0.977008
11.1 0.977008
11.1 0.953596
11.2 0.953596
11.2 0.930745
11.3 0.930745
11.3 0.912114
11.4 0.912114
11.4 0.897468
11.5 0.897468
11.5 0.872435
11.6 0.872435
11.6 0.824446
11.7 0.824446
11.7 0.798224
11.8 0.798224
11.8 0.779096
11.9 0.779096
11.9 0.760427
12.0 0.760427
12.0 0.736241
12.1 0.736241
12.1 0.706027
12.2 0.706027
12.2 0.688870
12.3 0.688870
12.3 0.01
12.4 0.01
12.4 0
12.5 0
12.5 0
12.6 0
12.6 0
12.7 0
12.7 0
12.8 0
12.8 0
12.9 0
12.9 0
13.0 0
13.0 0
13.1 0
13.1 0
13.2 0
13.2 0
13.3 0
13.3 0
13.4 0
13.4 0
13.5 0
13.5 0
13.6 0
13.6 0
13.7 0
13.7 0
13.8 0
13.8 0
13.9 0
13.9 0
14.0 0
14.0 0
14.1 0
14.1 0
14.2 0
14.2 0
14.3 0
14.3 0
14.4 0
14.4 0
14.5 0
14.5 0
14.6 0
14.6 0
14.7 0
14.7 0
14.8 0
14.8 0
14.9 0
14.9 0
15.0 0
15.0 0
15.1 0
15.1 0
15.2 0
15.2 0
15.3 0
15.3 0
15.4 0
15.4 0
15.5 0
15.5 0
15.6 0
15.6 0
15.7 0
15.7 0
15.8 0
15.8 0
15.9 0
15.9 0
16.0 0
