2.0 2210.880000
2.1 2210.880000
2.1 1574.960000
2.2 1574.960000
2.2 1297.300000
2.3 1297.300000
2.3 1121.630000
2.4 1121.630000
2.4 1068.300000
2.5 1068.300000
2.5 1001.250000
2.6 1001.250000
2.6 923.402000
2.7 923.402000
2.7 837.979000
2.8 837.979000
2.8 736.310000
2.9 736.310000
2.9 626.448000
3.0 626.448000
3.0 507.794000
3.1 507.794000
3.1 499.549000
3.2 499.549000
3.2 361.693000
3.3 361.693000
3.3 257.689000
3.4 257.689000
3.4 195.830000
3.5 195.830000
3.5 156.204000
3.6 156.204000
3.6 151.214000
3.7 151.214000
3.7 137.232000
3.8 137.232000
3.8 141.707000
3.9 141.707000
3.9 137.182000
4.0 137.182000
4.0 130.679000
4.1 130.679000
4.1 134.941000
4.2 134.941000
4.2 130.635000
4.3 130.635000
4.3 120.488000
4.4 120.488000
4.4 116.643000
4.5 116.643000
4.5 114.758000
4.6 114.758000
4.6 112.904000
4.7 112.904000
4.7 105.833000
4.8 105.833000
4.8 105.817000
4.9 105.817000
4.9 107.524000
5.0 107.524000
5.0 107.507000
5.1 107.507000
5.1 180.142000
5.2 180.142000
5.2 183.046000
5.3 183.046000
5.3 183.022000
5.4 183.022000
5.4 182.998000
5.5 182.998000
5.5 182.974000
5.6 182.974000
5.6 185.926000
5.7 185.926000
5.7 185.906000
5.8 185.906000
5.8 188.906000
5.9 188.906000
5.9 188.886000
6.0 188.886000
6.0 188.861000
6.1 188.861000
6.1 188.841000
6.2 188.841000
6.2 188.817000
6.3 188.817000
6.3 188.797000
6.4 188.797000
6.4 188.777000
6.5 188.777000
6.5 188.757000
6.6 188.757000
6.6 188.738000
6.7 188.738000
6.7 188.718000
6.8 188.718000
6.8 188.698000
6.9 188.698000
6.9 188.678000
7.0 188.678000
7.0 188.659000
7.1 188.659000
7.1 185.620000
7.2 185.620000
7.2 185.600000
7.3 185.600000
7.3 185.586000
7.4 185.586000
7.4 185.566000
7.5 185.566000
7.5 182.577000
7.6 182.577000
7.6 182.563000
7.7 182.563000
7.7 182.544000
7.8 182.544000
7.8 179.608000
7.9 179.608000
7.9 179.594000
8.0 179.594000
8.0 176.701000
8.1 176.701000
8.1 173.859000
8.2 173.859000
8.2 173.843000
8.3 173.843000
8.3 171.045000
8.4 171.045000
8.4 168.294000
8.5 168.294000
8.5 168.281000
8.6 168.281000
8.6 168.265000
8.7 168.265000
8.7 162.909000
8.8 162.909000
8.8 160.289000
8.9 160.289000
8.9 157.711000
9.0 157.711000
9.0 156.434000
9.1 156.434000
9.1 153.918000
9.2 153.918000
9.2 151.443000
9.3 151.443000
9.3 145.442000
9.4 145.442000
9.4 143.107000
9.5 143.107000
9.5 139.674000
9.6 139.674000
9.6 137.427000
9.7 137.427000
9.7 131.984000
9.8 131.984000
9.8 127.783000
9.9 127.783000
9.9 125.731000
10.0 125.731000
10.0 120.751000
10.1 120.751000
10.1 117.854000
10.2 117.854000
10.2 115.962000
10.3 115.962000
10.3 112.270000
10.4 112.270000
10.4 106.957000
10.5 106.957000
10.5 104.394000
10.6 104.394000
10.6 100.259000
10.7 100.259000
10.7 93.986500
10.8 93.986500
10.8 91.734300
10.9 91.734300
10.9 85.303100
11.0 85.303100
11.0 82.590000
11.1 82.590000
11.1 79.963100
11.2 79.963100
11.2 72.579100
11.3 72.579100
11.3 69.706100
11.4 69.706100
11.4 60.767900
11.5 60.767900
11.5 58.362400
11.6 58.362400
11.6 56.052100
11.7 56.052100
11.7 46.932900
11.8 46.932900
11.8 45.075000
11.9 45.075000
11.9 41.916100
12.0 41.916100
12.0 40.582900
12.1 40.582900
12.1 33.980400
12.2 33.980400
12.2 33.978800
12.3 33.978800
12.3 30.348500
12.4 30.348500
12.4 26.457000
12.5 26.457000
12.5 23.440300
12.6 23.440300
12.6 20.767500
12.7 20.767500
12.7 16.973200
12.8 16.973200
12.8 16.700800
12.9 16.700800
12.9 14.916500
13.0 14.916500
13.0 12.591200
13.1 12.591200
13.1 10.458200
13.2 10.458200
13.2 8.478880
13.3 8.478880
13.3 6.655890
13.4 6.655890
13.4 5.141220
13.5 5.141220
13.5 3.783590
13.6 3.783590
13.6 2.739900
13.7 2.739900
13.7 1.830320
13.8 1.830320
13.8 1.242590
13.9 1.242590
13.9 0.765754
14.0 0.765754
14.0 0.001
14.1 0.001
14.1 0
14.2 0
14.2 0
14.3 0
14.3 0
14.4 0
14.4 0
14.5 0
14.5 0
14.6 0
14.6 0
14.7 0
14.7 0
14.8 0
14.8 0
14.9 0
14.9 0
15.0 0
15.0 0
15.1 0
15.1 0
15.2 0
15.2 0
15.3 0
15.3 0
15.4 0
15.4 0
15.5 0
15.5 0
15.6 0
15.6 0
15.7 0
15.7 0
15.8 0
15.8 0
15.9 0
15.9 0
16.0 0
