0.0202341
0.0139411
0.0126442
0.0120072
0.0116371
0.0114569
0.0113632
0.0113335
0.0114493
0.0115712
0.0118232
0.0121911
0.0127046
0.0136919
0.0165140
0.0159504
0.0131473
0.0120067
0.0112797
0.0107244
0.0102800
0.0098946
0.0095793
0.0093180
0.0091125
0.0089029
0.0087087
0.0085265
0.0083754
0.0082924
0.0081373
0.0080039
0.0079713
0.0078374
0.0077378
0.0077166
0.0075670
0.0076123
0.0075108
0.0074529
0.0074373
0.0073278
0.0073712
0.0072734
0.0073456
0.0072401
0.0072492
0.0072757
0.0071803
0.0072596
0.0071997
0.0072378
0.0072672
0.0072039
0.0072814
0.0073185
0.0072384
0.0073748
0.0073890
0.0073858
0.0074436
0.0074633
0.0075710
0.0076271
0.0076470
0.0077667
0.0078141
0.0078825
0.0080563
0.0081277
0.0081758
0.0083942
0.0084945
0.0086901
0.0088394
0.0090264
0.0092475
0.0095398
0.0098226
0.0101870
0.0106204
0.0111829
0.0118934
0.0129490
0.0155870
0.0161854
0.0135127
0.0126625
0.0121964
0.0118751
0.0116601
0.0115677
0.0115393
0.0115918
0.0117060
0.0119778
0.0124250
0.0131242
0.0145340
0.0213275