2.0 1851.380000
2.1 1851.380000
2.1 1216.630000
2.2 1216.630000
2.2 954.785000
2.3 954.785000
2.3 812.261000
2.4 812.261000
2.4 773.637000
2.5 773.637000
2.5 725.094000
2.6 725.094000
2.6 679.597000
2.7 679.597000
2.7 616.728000
2.8 616.728000
2.8 550.710000
2.9 550.710000
2.9 453.677000
3.0 453.677000
3.0 361.859000
3.1 361.859000
3.1 350.289000
3.2 350.289000
3.2 241.636000
3.3 241.636000
3.3 158.807000
3.4 158.807000
3.4 116.854000
3.5 116.854000
3.5 85.983300
3.6 85.983300
3.6 84.589400
3.7 84.589400
3.7 70.820000
3.8 70.820000
3.8 74.320700
3.9 74.320700
3.9 68.546000
4.0 68.546000
4.0 60.235900
4.1 60.235900
4.1 61.206000
4.2 61.206000
4.2 57.368600
4.3 57.368600
4.3 45.761200
4.4 45.761200
4.4 38.936400
4.5 38.936400
4.5 35.912900
4.6 35.912900
4.6 31.055200
4.7 31.055200
4.7 24.375900
4.8 24.375900
4.8 22.848500
4.9 22.848500
4.9 22.479300
5.0 22.479300
5.0 22.476900
5.1 22.476900
5.1 36.466300
5.2 36.466300
5.2 34.738400
5.3 34.738400
5.3 34.733400
5.4 34.733400
5.4 33.491600
5.5 33.491600
5.5 33.622100
5.6 33.622100
5.6 33.617300
5.7 33.617300
5.7 32.810400
5.8 32.810400
5.8 33.608900
5.9 33.608900
5.9 32.017500
6.0 32.017500
6.0 30.872700
6.1 30.872700
6.1 30.498200
6.2 30.498200
6.2 30.493600
6.3 30.493600
6.3 30.490400
6.4 30.490400
6.4 29.163800
6.5 29.163800
6.5 29.996500
6.6 29.996500
6.6 29.157300
6.7 29.157300
6.7 29.509600
6.8 29.509600
6.8 28.569600
6.9 28.569600
6.9 28.566600
7.0 28.566600
7.0 27.656500
7.1 27.656500
7.1 27.653700
7.2 27.653700
7.2 27.208200
7.3 27.208200
7.3 26.771300
7.4 26.771300
7.4 26.768500
7.5 26.768500
7.5 26.765700
7.6 26.765700
7.6 26.334900
7.7 26.334900
7.7 26.760800
7.8 26.760800
7.8 25.908300
7.9 25.908300
7.9 25.907000
8.0 25.907000
8.0 25.904200
8.1 25.904200
8.1 25.486600
8.2 25.486600
8.2 25.485300
8.3 25.485300
8.3 25.482600
8.4 25.482600
8.4 25.276500
8.5 25.276500
8.5 24.669600
8.6 24.669600
8.6 24.667000
8.7 24.667000
8.7 24.665700
8.8 24.665700
8.8 24.268400
8.9 24.268400
8.9 24.072100
9.0 24.072100
9.0 23.494000
9.1 23.494000
9.1 23.116800
9.2 23.116800
9.2 22.744400
9.3 22.744400
9.3 22.110000
9.4 22.110000
9.4 21.580200
9.5 21.580200
9.5 20.977400
9.6 20.977400
9.6 19.664300
9.7 19.664300
9.7 19.193100
9.8 19.193100
9.8 18.961200
9.9 18.961200
9.9 17.846100
10.0 17.846100
10.0 17.418400
10.1 17.418400
10.1 17.277600
10.2 17.277600
10.2 17.842500
10.3 17.842500
10.3 17.698100
10.4 17.698100
10.4 17.484300
10.5 17.484300
10.5 16.723700
10.6 16.723700
10.6 16.126600
10.7 16.126600
10.7 14.996200
10.8 14.996200
10.8 14.115000
10.9 14.115000
10.9 13.178800
11.0 13.178800
11.0 12.107600
11.1 12.107600
11.1 10.247500
11.2 10.247500
11.2 9.201980
11.3 9.201980
11.3 7.460220
11.4 7.460220
11.4 4.523690
11.5 4.523690
11.5 3.329110
11.6 3.329110
11.6 3.329000
11.7 3.329000
11.7 1.584640
11.8 1.584640
11.8 1.584590
11.9 1.584590
11.9 0.861693
12.0 0.861693
12.0 0.778994
12.1 0.778994
12.1 0.706280
12.2 0.706280
12.2 0.706280
12.3 0.706280
12.3 0.01
12.4 0.01
12.4 0
12.5 0
12.5 0
12.6 0
12.6 0
12.7 0
12.7 0
12.8 0
12.8 0
12.9 0
12.9 0
13.0 0
13.0 0
13.1 0
13.1 0
13.2 0
13.2 0
13.3 0
13.3 0
13.4 0
13.4 0
13.5 0
13.5 0
13.6 0
13.6 0
13.7 0
13.7 0
13.8 0
13.8 0
13.9 0
13.9 0
14.0 0
14.0 0
14.1 0
14.1 0
14.2 0
14.2 0
14.3 0
14.3 0
14.4 0
14.4 0
14.5 0
14.5 0
14.6 0
14.6 0
14.7 0
14.7 0
14.8 0
14.8 0
14.9 0
14.9 0
15.0 0
15.0 0
15.1 0
15.1 0
15.2 0
15.2 0
15.3 0
15.3 0
15.4 0
15.4 0
15.5 0
15.5 0
15.6 0
15.6 0
15.7 0
15.7 0
15.8 0
15.8 0
15.9 0
15.9 0
16.0 0
