2.0490  3093.3
2.1490  2445.2
2.2503  2175.3
2.3491  1991.5
2.4481  1936.2
2.5469  1845.5
2.6485  1765.6
2.7482  1675.0
2.8486  1564.1
2.9484  1437.8
3.0482  1645.4
3.1476  1482.4
3.2492  1335.2
3.3461  1221.9
3.4493  1146.7
3.5479  1089.8
3.6475  1067.1
3.7501  1046.4
3.8474  1037.0
3.9480  1019.0
4.0474  994.92
4.1461  985.31
4.2435  969.38
4.3470  946.73
4.4462  927.64
4.5468  911.61
4.6456  893.23
4.7472  869.13
4.8472  856.07
4.9477  841.45
5.0429  1375.7
5.1469  1353.5
5.2531  1328.7
5.3511  1303.5
5.4472  1279.3
5.5477  1255.9
5.6475  1234.0
5.7467  1210.1
5.8447  1189.7
5.9430  1164.6
6.0460  1138.0
6.1481  1113.6
6.2479  1090.2
6.3444  1066.4
6.4432  1043.1
6.5422  1024.0
6.6415  1000.2
6.7438  974.99
6.8503  946.48
6.9420  924.00
7.0431  901.77
7.1436  878.64
7.2393  853.35
7.3410  835.14
7.4395  809.76
7.5409  785.15
7.6436  762.67
7.7433  741.83
7.8419  722.24
7.9422  700.30
8.0404  677.80
8.1398  656.02
8.2404  636.09
8.3353  611.21
8.4384  590.50
8.5409  571.53
8.6429  553.16
8.7424  534.43
8.8321  515.39
8.9357  492.55
9.0330  474.15
9.1409  457.26
9.2347  434.63
9.3430  416.88
9.4408  397.69
9.5476  382.14
9.6556  365.87
9.7526  343.39
9.8547  328.18
9.9517  310.25
10.058  293.30
10.193  273.29
10.306  255.57
10.425  239.43
10.560  221.33
10.707  203.78
10.880  181.14
11.037  160.15
11.197  142.11
11.319  127.48
11.475  110.91
11.673  91.870
11.866  76.257
12.048  63.452
12.228  52.330
12.406  43.263
12.536  36.086
12.655  31.051
12.729  27.158
12.843  23.539
12.951  19.464
13.041  16.095
13.150  13.165
13.241  10.443
13.349  8.1640
13.444  6.1557
13.540  4.6331
13.648  3.2553
13.746  2.3544
13.833  1.5926
13.920  1.1069
14.037  0.83161
14.137  0.64313